35,96
65,66
13,96
87,74
67,80
78,98
94,25
74,36
48,67
23,41
01,47
61,87
02,99
96,57
46,12
01,36
55,22
80,97
75,99
67,72
94,49
28,06
57,31
63,89
96,53
93,82
09,60
16,87
02,27
63,06
55,92
48,00
75,91
44,26
83,14
68,05
14,08
12,39
40,08
91,41
27,81
94,40
96,17
82,14
68,37
90,39
86,00
78,34
56,93
55,87
73,87
59,95
52,06
77,55
71,58
73,17
93,59
21,37
01,37
47,39
46,15
07,17
22,53
91,72
31,85
67,05
98,72
96,25
09,14
00,45
32,38
08,64
49,66
28,54
06,44
02,38
96,00
67,06
20,06
28,39
44,16
81,09
28,46
53,12
62,90
20,23
08,83
92,75
10,80
08,18
79,86
80,36
94,17
75,79
51,61
87,72
51,97
17,45
30,73
80,50
66,14
56,79
41,29
64,43
12,28
47,91
13,96
44,09
29,66
00,54
65,36
10,32
49,67
80,72
81,92
29,09
64,69
40,31
08,88
18,73
11,04
31,00
07,35
50,97
61,17
32,00
05,80
46,67
60,01
00,60
48,66
81,03
04,97
15,35
96,17
59,34
79,06
13,54
59,83
72,75
85,70
49,83
45,50
97,78
46,15
63,71
91,39
60,00
66,84
68,95
10,54
28,70
46,49
42,08
11,12
98,39
56,12
25,83
87,20
47,26
90,19
26,39
53,66
44,19
87,38
33,28
68,33
58,45
29,90
55,14
74,97
80,51
08,37
28,48
70,62
47,39
95,59
17,30
64,48
54,62
05,91
02,39
41,74
09,53
14,25
17,17
37,23
70,88
45,75
76,18
44,64
16,71
53,04
14,15
27,40
56,27
92,83
29,42
72,55
29,54
23,13
37,45
38,19
00,67
32,76
86,87
54,08
81,51
28,37
23,07
25,62
24,59
21,86
43,95
39,45
98,84
35,57
28,35
18,95
45,62
38,00
72,41
88,85
30,91
20,80
20,18
09,80
27,95
03,04
38,75
02,35
00,88
95,20
41,52
59,04
41,94
90,67
33,23
45,86
12,81
38,20
01,82
06,04
78,26
66,03
80,73
90,23
63,26
66,97
44,56
71,02
81,28
92,14
97,79
50,18
45,39
42,75
93,95
02,40
96,67
18,34
96,35
79,97
45,96
81,15
78,53
89,43
57,34
31,08
65,37
95,87
76,59
14,65
77,20
58,64
43,39
28,78
75,07
02,70
87,44
31,01
53,92
15,63
94,45
56,68
84,59
46,24
47,02
84,15
60,12
94,55
63,61
04,79
47,35
45,17
94,79
54,72
26,53
56,01
26,98
63,44
42,26
42,76
05,87
88,60
73,06
00,45
05,54
90,05
84,73
92,63
03,80
70,88
12,77
22,13
57,64
25,02
88,02
85,23
32,39
88,99
18,25
20,30
43,49
54,97
74,41
51,73
67,07
01,33
86,85
17,22
70,52
37,69
67,26
20,74
12,16
14,32
25,54
70,98
79,22
05,48
10,88
12,87
32,03
37,65
17,46
83,54
24,18
23,85
89,84
89,94
11,07
67,53
75,31
27,13
50,13
83,62
62,11
04,68
30,05
10,78
77,27
48,17
88,36
36,06
07,13
00,95
09,07
61,33
27,00
31,24
05,85
01,46
63,77
82,91
58,35
91,42
05,92
12,72
78,81
23,29
24,77
45,66
33,53
10,48
03,90
86,29
02,68
41,92
75,01
11,35
84,15
98,62
36,93
51,27
21,66
98,57
25,83
50,70
48,57
50,05
94,53
69,54
63,36
11,79
65,24
69,33
28,50
40,04
77,95
57,43
16,02
70,83
29,64
73,71
45,81
26,06
14,24
19,00
53,70
57,65
68,50
65,13
75,37
52,40
64,03
86,54
38,03
72,30
54,03
23,38
89,13
95,16
63,41
49,01
20,61
28,14
62,86
69,94
68,50
88,69
48,25
54,99
33,16
53,94
24,26
34,74
65,96
06,69
65,92
43,40
50,92
05,96
20,35
50,92
25,40
94,54
79,26
33,74
49,01
79,47
75,35
65,19
85,47
86,72
00,17
66,91
96,59
79,30
77,93
36,61
36,17
30,25
14,27
96,82
62,27
81,49
10,09
47,86
88,28
13,53
95,38
59,15
13,79
95,01
87,06
72,49
91,48
85,08
09,94
71,22
44,27
20,15
41,42
57,60
04,17
87,03
46,47
48,70
63,30
37,12
76,19
15,96
87,34
44,25
57,70
29,61
17,66
97,90
96,60
44,42
12,20
91,67
70,14
45,91
40,76
90,26
91,94
12,40
56,05
36,05
97,97
90,52
54,63
89,82
09,61
74,51
61,93
59,24
89,67
59,76
56,37
41,24
62,23
18,70
78,91
35,76
69,81
70,34
68,32
17,02
57,45
39,62
90,99
11,19
67,79
90,45
43,30
48,62
27,95
07,81
29,14
56,69
44,50
26,75
40,75
34,64
08,60
72,20
97,72
16,78
52,28
48,01
24,56
57,52
00,75
12,82
85,55
87,94
96,50
60,00
43,95
78,84
00,38
32,78
19,23
22,85
82,74
42,64
98,70
87,24
90,27
59,99
86,45
26,38
60,37
15,63
04,60
15,49
27,57
00,07
58,51
98,40
07,99
07,14
94,84
55,28
59,49
40,42
50,23
48,30
15,07
29,05
53,84
42,82
71,82
31,45
24,95
54,65
55,69
87,03
35,60
78,11
40,61
64,56
31,27
84,30
60,24
80,44
26,67
11,72
30,31
35,06
14,88
74,09
25,57
65,70
71,33
11,29
84,94
62,38
53,48
30,80
27,80
94,68
41,45
89,08
87,31
01,26
06,61
21,97
26,88
52,33
34,27
60,42
81,35
64,50
72,11
54,88
69,57
41,53
31,00
41,71
92,91
48,83
03,35
63,70
37,47
06,85
47,97
37,42
92,78
25,76
13,36
51,65
91,23
85,78
56,79
61,31
77,64
38,41
80,77
63,70
17,07
32,57
63,65
83,62
71,29
32,93
40,05
85,99
62,26
44,74
69,82
12,10
71,32
89,74
91,39
92,27
30,20
00,94
55,89
38,16
90,11
54,86
04,25
85,86
63,23
83,65
58,47
21,39
67,75
72,09
65,55
10,85
32,28
42,97
36,14
75,27
53,31
76,62
16,89
24,86
21,07
25,46
39,08
86,86
85,63
97,55
71,29
66,21
61,40
75,76
32,63
85,80
21,41
73,22
06,34
49,53
72,76
96,50
37,57
36,81
78,35
86,48
77,79
68,16
93,27
96,68
86,12
30,63
14,65
70,24
97,01
06,76
22,84
88,53
12,67
91,05
39,03
38,83
69,70
71,12
04,78
07,65
13,99
28,40
36,21
44,14
75,86
04,96
23,47
55,69
67,26
91,82
53,35
70,60
66,02
35,26
91,81
09,13
81,23
29,02
68,02
08,37
75,01
78,44
51,34
21,81
07,35
28,34
52,67
67,20
92,94
01,44
12,64
29,20
53,72
13,54
88,59
38,16
45,14
93,42
12,99
34,67
80,10
23,35
09,97
91,91
61,14
37,72
67,60
19,24
49,42
76,86
63,40
85,25
49,10
44,31
33,04
22,54
69,51
29,30
34,07
15,26
92,09
06,78
13,30
76,86
68,91
46,72
56,35
28,14
39,28
96,68
83,93
96,74
66,16
75,60
15,63
97,57
55,84
94,76
15,09
49,32
36,74
74,55
16,66
07,33
59,18
30,38
95,44
62,45
89,62
27,42
62,48
00,29
52,78
72,10
25,18
53,23
07,19
69,62
82,98
06,15
27,73
13,40
98,74
68,53
97,89
93,53
90,66
37,58
07,84
08,78
11,90
78,75
88,85
06,04
67,86
13,49
46,80
82,92
58,30
69,62
37,48
53,86
06,85
64,69
10,77
18,55
00,67
15,05
38,59
63,06
53,39
26,14
93,51
66,09
35,23
31,22
82,66
27,94
36,58
12,56
65,78
71,57
75,10
47,35
59,33
54,19
68,34
39,07
37,70
88,93
38,56
36,07
24,16
62,04
59,63
39,19
92,26
24,05
90,76
89,06
79,23
75,69
84,32
73,29
34,20
40,01
09,90
44,51
35,16
69,38
81,36
50,33
27,93
13,31
42,16
80,62
36,68
47,83
83,55
92,63
52,24
18,29
90,02
51,13
91,73
73,85
08,24
24,81
83,96
79,75
43,36
16,48
32,70
79,49
49,58
57,15
76,71
32,66
28,91
93,37
77,47
14,86
64,22
06,25
13,63
55,36
70,74
46,62
04,14
22,61
29,64
63,45
40,52
91,70
65,71
62,52
27,73
53,72
16,38
08,51
17,89
65,07
12,46
09,35
56,27
47,94
20,99
27,56
32,80
40,11
61,00
59,52
67,92
45,17
31,35
82,30
70,49
07,68
74,11
28,62
19,22
14,61
27,79
48,82
40,26
82,37
00,15
58,25
95,43
05,37
44,06
97,70
87,98
45,59
05,95
47,54
59,75
59,02
41,09
19,25
63,30
63,06
35,93
14,63
46,68
42,09
64,25
83,84
04,31
74,14
72,44
30,53
21,94
76,62
90,28
12,99
62,39
28,44
21,20
75,17
06,74
93,35
84,31
86,39
96,34
01,71
51,28
91,56
21,15
26,91
19,61
20,21
81,11
39,66
65,85
43,34
13,09
19,26
33,88
87,28
25,80
98,48
73,78
04,09
63,93
22,32
29,32
65,01
01,49
79,20
88,80
34,37
97,96
96,32
28,76
36,18
13,35
76,96
88,77
23,10
30,15
52,45
50,66
63,88
70,00
01,04
97,31
90,94
24,79
82,86
72,59
43,32
35,98
23,08
78,77
98,77
67,17
86,04
83,64
68,17
65,88
68,97
55,32
96,24
55,27
73,06
52,86
89,92
67,50
59,18
87,76
06,31
59,17
06,36
61,67
49,02
32,07
53,63
83,09
33,91
24,54
20,98
80,71
98,06
25,41
75,43
11,15
45,41
03,53
23,37
84,83
66,33
44,50
06,80
47,82
50,39
40,93
63,26
35,96
13,17
67,89
74,32
88,45
81,85
56,36
28,21
81,14
79,29
59,01
89,24
79,72
72,11
87,84
06,79
50,01
47,84
03,11
88,39
69,00
49,69
00,07
18,52
34,40
41,84
83,55
95,93
82,90
17,16
62,25
11,04
95,00
47,40
38,62
18,13
70,53
82,69
63,20
60,11
36,06
35,71
32,10
14,82
72,80
56,75
02,25
39,43
15,76
06,76
49,23
33,17
11,72
27,26
73,07
32,39
12,62
94,40
02,84
84,94
03,42
85,08
58,31
10,25
54,08
05,97
85,80
02,49
44,54
69,63
59,93
98,21
69,13
64,76
40,00
07,07
25,05
31,14
59,51
03,68
33,71
10,07
95,56
82,10
55,74
51,65
84,79
66,42
13,12
50,50
22,98
29,71
33,90
71,88
11,46
79,43
27,73
77,76
91,40
34,55
68,96
98,64
33,74
72,88
88,72
02,27
29,20
98,70
48,10
04,20
90,36
51,34
82,66
38,19
27,63
03,10
13,06
34,99
22,04
55,16
00,18
87,71
32,17
90,06
73,71
03,43
83,52
60,68
38,90
71,68
25,77
17,58
94,10
12,82
71,63
50,69
36,55
10,04
73,30
86,51
05,05
45,62
09,16
17,40
90,91
65,56
09,73
63,95
38,46
27,35
02,44
80,63
89,84
96,68
65,91
54,23
05,00
23,26
83,72
38,10
57,75
71,84
87,03
73,60
28,70
51,28
82,09
65,13
81,20
49,28
73,01
58,23
28,75
09,87
86,25
48,93
86,37
35,18
42,53
80,26
15,49
45,97
08,45
17,39
62,74
57,91
19,32
76,04
25,36
29,98
50,49
88,14
65,18
28,51
73,06
98,74
29,29
96,62
36,51
71,06
44,26
71,66
74,92
53,00
74,87
76,98
57,00
70,72
74,46
56,00
40,59
72,23
56,18
28,16
42,18
93,41
89,66
47,27
77,30
50,82
15,23
32,37
65,88
54,55
42,04
66,79
65,35
36,40
22,31
36,25
37,36
22,92
39,30
37,28
20,97
43,76
93,70
30,92
37,69
67,71
39,77
30,92
33,49
55,14
35,59
06,94
07,92
89,60
95,91
68,22
80,41
06,11
19,12
34,19
94,81
41,24
82,24
28,10
48,59
76,07
42,97
49,43
15,04
76,71
46,60
56,25
17,71
43,25
28,69
47,93
80,11
95,13
71,41
02,66
94,81
52,61
41,98
14,50
15,38
49,23
41,35
07,87
04,46
22,06
58,51
42,86
47,02
38,73
35,43
26,35
49,92
84,97
04,85
28,06
43,61
24,72
07,58
60,11
36,33
36,85
37,75
24,41
47,89
16,38
18,23
29,32
97,81
35,57
59,85
10,33
14,80
21,95
27,26
13,72
68,94
77,65
68,51
03,75
61,80
70,48
65,56
38,91
06,05
54,43
88,28
12,20
87,15
41,93
43,03
91,93
33,39
39,10
46,30
18,74
12,60
57,72
59,63
84,69
89,86
84,01
73,64
32,16
50,65
30,66
31,92
04,15
78,10
20,59
57,30
56,31
25,46
66,88
46,18
17,27
51,08
75,99
64,44
56,41
67,95
71,29
03,04
27,23
96,32
76,07
18,09
24,67
80,60
01,64
14,26
82,35
97,64
78,49
97,24
74,61
45,23
63,09
66,91
94,71
73,87
57,04
92,31
22,93
04,57
61,05
69,38
22,54
37,00
45,29
30,25
21,75
58,37
25,67
31,73
12,60
19,68
93,35
52,71
66,62
46,65
88,02
59,38
23,46
56,07
10,39
30,21
91,63
02,94
88,14
61,24
59,14
23,46
78,01
14,13
11,54
10,89
13,37
88,63
88,59
69,09
83,67
78,91
85,58
02,59
14,52
67,67
38,10
94,18
86,91
12,92
22,61
62,22
59,03
89,03
70,37
59,03
19,87
33,80
23,65
41,28
96,99
67,13
03,08
26,74
00,55
66,22
52,95
88,16
56,73
81,26
11,06
75,93
93,58
94,37
88,12
56,90
01,43
62,14
29,35
39,40
60,62
67,70
66,02
41,64
10,80
86,90
50,91
40,76
62,66
40,64
47,50
50,68
69,89
94,63
72,64
53,39
34,68
64,27
59,99
27,48
73,57
37,75
52,02
97,22
31,63
65,35
91,74
63,98
80,25
24,04
63,49
40,31
08,58
72,04
43,08
82,88
81,80
29,01
76,49
76,07
96,50
81,26
59,06
71,99
66,80
69,93
88,61
01,74
84,09
75,43
09,31
97,61
89,68
74,73
85,40
02,38
08,53
28,23
73,95
41,71
83,11
89,62
15,75
26,53
21,18
60,49
63,05
22,22
66,98
09,06
95,90
12,29
94,46
41,32
71,72
05,81
45,70
16,44
96,52
79,43
62,56
33,24
49,04
17,92
98,67
77,76
54,24
25,81
17,68
34,70
41,29
03,88
05,11
22,93
22,86
65,32
19,88
72,45
24,24
03,53
46,71
91,58
67,91
16,96
82,87
37,60
45,51
39,49
02,70
62,64
50,35
20,78
37,15
70,24
37,11
35,08
10,31
61,84
56,62
40,02
84,54
45,06
68,77
03,61
57,82
28,00
80,19
86,34
11,81
02,24
55,73
82,42
50,40
90,86
59,55
61,22
06,08
26,72
38,03
09,92
37,83
78,64
16,08
11,93
00,11
83,48
94,36
44,57
19,52
61,68
60,32
41,39
44,73
44,38
67,22
03,46
54,42
01,86
59,65
27,14
72,04
67,90
92,85
53,05
41,92
67,56
72,24
22,09
11,98
32,66
83,11
78,10
49,71
30,53
03,93
56,67
61,59
17,62
93,42
23,89
10,15
46,75
38,33
66,77
39,95
84,35
70,35
67,40
07,75
00,17
49,29
03,45
53,64
17,72
71,40
91,74
28,74
58,11
90,58
07,33
69,21
02,96
94,23
42,34
48,80
62,44
23,39
60,13
73,06
73,90
63,27
94,53
72,50
58,99
29,99
35,77
48,56
52,87
51,47
82,40
59,96
34,75
24,69
09,14
15,52
44,55
47,65
39,32
96,83
26,86
56,90
12,18
05,20
85,73
89,71
62,41
00,57
09,40
63,94
36,11
67,49
52,80
24,64
14,69
55,63
78,36
28,99
13,86
34,97
62,45
62,10
98,90
41,01
93,72
40,15
36,97
80,96
41,87
46,05
94,23
74,31
40,98
68,65
95,77
63,88
40,40
46,58
22,21
89,27
23,87
01,63
42,25
31,30
08,47
48,06
82,74
35,34
12,15
94,02
05,14
24,74
71,28
98,23
02,95
41,86
87,50
48,50
26,16
23,92
72,54
30,71
45,35
11,88
74,07
06,40
87,33
03,15
59,16
76,29
06,39
16,57
39,13
25,26
40,87
97,02
36,90
39,79
85,46
14,98
05,90
88,27
66,94
06,47
24,15
90,35
05,10
22,47
17,48
42,78
32,54
68,11
70,39
00,64
14,61
93,91
32,60
77,72
10,13
98,21
29,26
31,11
09,58
07,86
49,35
97,44
81,60
67,72
88,85
47,34
53,04
46,97
86,26
37,56
53,13
56,41
17,98
17,30
65,08
38,45
70,53
24,63
27,66
27,79
61,54
10,74
36,34
79,43
05,02
98,72
35,13
90,47
07,94
26,28
66,46
61,37
18,36
34,37
13,80
55,24
05,51
94,90
48,71
82,05
26,46
18,37
75,17
91,85
96,27
44,73
34,21
96,59
45,15
96,39
19,46
57,31
14,37
19,48
57,34
54,68
40,66
87,38
63,51
42,34
29,19
95,96
10,52
14,01
11,32
06,28
15,65
54,05
73,95
43,39
82,32
41,36
28,61
70,47
96,96
45,18
68,16
94,45
20,54
35,04
89,46
83,03
98,82
39,47
11,40
58,45
60,77
22,60
52,39
89,64
26,75
28,71
34,27
71,89
49,61
27,91
53,99
72,76
59,02
34,98
23,26
69,35
48,48
12,16
44,68
35,41
49,34
62,86
45,29
32,48
85,77
22,29
77,87
69,76
15,77
87,50
49,82
30,54
16,71
11,93
41,00
30,21
13,67
51,21
24,87
80,78
79,20
12,82
16,83
39,72
92,14
63,67
25,52
79,51
85,58
72,38
13,30
13,68
68,48
35,93
13,44
79,78
65,93
90,86
02,61
73,39
67,56
81,94
64,74
27,93
55,53
13,12
47,32
83,12
26,04
76,18
43,20
76,50
10,47
63,16
18,83
34,21
48,93
47,69
38,45
41,19
68,48
40,92
22,26
54,71
65,90
46,47
22,88
59,84
10,76
91,78
92,84
35,54
31,35
24,16
76,32
80,82
71,98
37,99
30,19
77,08
56,09
97,44
77,61
89,99
24,01
28,89
64,10
14,86
81,17
03,52
63,80
40,34
17,02
44,63
00,81
69,53
16,30
46,66
07,47
56,98
53,86
69,82
67,67
38,46
02,74
18,67
64,50
29,92
47,00
06,14
65,99
14,56
89,63
25,77
92,19
08,94
56,42
02,05
00,19
00,18
23,35
51,22
34,60
67,48
34,20
21,13
30,62
65,21
72,13
57,69
24,56
10,37
10,65
69,41
96,87
50,67
71,01
82,19
66,60
17,67
97,40
52,07
78,15
21,57
35,05
98,16
80,93
75,18
04,59
36,16
95,16
24,59
70,30
37,88
24,03
26,23
71,16
38,29
87,61
08,10
09,88
96,35
24,53
25,79
89,97
64,40
04,28
93,40
19,14
76,46
02,58
14,22
55,12
65,11
86,21
25,25
72,98
24,81
47,74
20,88
53,69
88,27
55,44
20,14
93,59
76,76
83,11
63,69
13,94
44,55
06,43
08,74
87,17
27,43
41,24
19,27
46,55
11,50
80,04
35,67
38,57
61,76
20,12
61,16
61,37
46,07
83,75
50,22
40,75
41,86
11,17
11,44
39,99
84,78
48,40
20,02
71,64
22,26
04,11
34,56
91,90
39,94
63,75
36,58
43,58
34,81
11,08
78,26
41,09
27,48
36,57
08,17
82,66
81,27
72,40
45,00
96,49
92,62
40,01
44,63
29,55
08,90
33,93
29,18
26,41
12,10
66,66
89,87
49,57
58,59
98,77
78,97
23,98
73,81
02,26
55,42
07,16
28,35
12,86
55,76
40,26
96,18
68,23
49,97
36,98
69,10
15,66
89,40
29,51
13,47
25,34
27,96
16,41
16,21
79,07
73,71
11,76
31,92
10,20
85,75
24,91
26,21
21,17
37,11
70,64
69,44
59,46
84,60
39,81
65,50
37,40
80,10
33,28
97,18
54,81
76,81
13,33
80,09
28,51
81,15
88,51
56,23
64,26
65,66
15,83
26,77
89,04
90,18
60,78
27,31
90,17
30,89
55,89
60,00
90,43
76,55
31,62
69,23
41,15
86,96
04,30
05,67
78,94
00,43
75,39
57,28
76,74
72,30
74,42
49,39
65,95
12,90
68,73
76,11
13,43
70,41
58,31
37,95
89,37
21,11
62,97
64,61
69,49
22,25
97,61
64,20
64,14
57,38
50,37
09,77
03,73
79,54
50,11
80,37
53,19
45,07
58,96
30,71
64,01
06,80
82,45
71,76
31,20
53,63
50,41
16,30
58,24
24,20
94,46
70,10
20,18
81,11
11,08
87,95
13,17
62,74
60,92
04,08
15,54
11,04
57,30
16,62
70,19
71,03
34,98
03,05
37,22
19,53
04,43
04,11
63,90
78,02
67,34
12,61
71,23
49,90
52,36
17,10
46,22
27,21
22,97
80,69
87,41
66,28
07,41
34,63
73,39
17,22
94,04
24,41
47,40
49,95
29,74
30,83
72,91
23,95
60,23
83,74
39,09
14,29
78,98
24,22
38,45
85,44
25,69
34,84
06,06
41,81
07,37
54,87
33,22
74,30
40,31
02,39
49,82
74,39
96,83
74,21
02,33
88,31
96,93
97,59
30,77
04,82
78,67
54,20
13,14
39,62
40,83
91,42
89,20
48,37
45,88
53,35
82,63
17,44
41,61
61,35
69,83
11,73
59,23
01,63
62,23
54,40
25,16
03,77
15,71
61,76
25,59
80,32
75,75
29,88
52,43
92,63
61,33
76,81
65,19
23,34
50,31
72,83
92,21
22,12
59,38
34,59
25,72
47,61
73,34
69,16
36,15
54,40
92,59
53,81
92,64
06,49
66,10
71,56
36,60
81,81
76,43
18,97
14,84
18,27
61,34
68,27
85,13
66,80
49,60
29,34
33,72
05,40
21,01
67,32
50,84
00,81
01,78
66,64
94,28
59,87
36,06
91,18
36,59
22,65
92,83
73,14
79,76
10,80
91,87
97,75
45,04
75,12
63,58
72,27
73,90
60,40
92,78
66,36
50,02
87,08
28,90
87,72
76,01
22,65
71,79
16,98
09,52
10,03
17,48
37,85
04,21
70,44
41,37
52,86
74,45
52,94
03,80
04,83
55,58
80,05
54,96
46,49
83,95
97,98
24,04
15,72
31,33
33,14
83,57
98,31
36,83
76,34
91,93
81,48
21,84
00,71
29,65
51,75
85,47
39,23
50,84
76,75
20,40
40,58
27,12
35,52
09,22
69,90
18,57
57,65
19,04
67,51
13,04
69,10
30,25
09,06
26,69
56,13
85,68
76,88
56,62
59,04
08,18
80,25
55,29
96,53
45,48
38,60
84,34
53,38
15,11
60,90
05,61
17,34
97,18
89,69
41,36
52,28
69,88
16,18
68,79
91,55
56,81
94,64
68,69
83,84
03,53
92,91
92,88
97,72
94,02
43,51
03,60
90,55
56,47
64,01
39,62
62,92
09,93
10,52
10,35
87,83
60,69
31,47
83,81
82,18
70,22
04,28
15,10
90,73
35,14
57,61
21,30
09,89
95,96
66,24
98,75
22,69
96,99
83,20
52,69
41,55
73,28
07,84
65,98
42,87
91,47
30,74
84,49
60,55
23,89
83,34
96,70
70,49
60,53
15,87
60,34
06,10
71,18
58,68
54,76
81,31
22,44
20,92
97,37
77,41
77,26
02,37
03,53
03,95
34,11
91,76
19,91
10,65
33,21
11,59
47,88
48,86
47,74
65,67
85,14
55,44
33,48
70,95
22,44
50,15
88,14
39,97
67,31
65,82
76,13
78,50
66,32
88,44
14,73
44,33
29,78
74,96
54,29
97,96
79,66
34,54
38,12
77,25
00,78
05,98
32,22
30,31
42,66
34,72
17,74
09,11
50,85
56,89
32,71
01,21
33,93
22,65
47,01
66,65
17,20
55,22
72,68
13,86
97,33
31,38
05,95
64,87
26,61
62,97
20,28
15,26
31,74
34,10
43,16
31,73
22,48
82,08
59,88
63,92
94,25
47,23
13,69
45,07
91,14
02,29
01,70
14,76
67,87
66,35
82,17
95,67
40,70
67,34
53,94
42,34
10,62
23,94
72,28
23,41
76,81
80,72
56,74
81,93
87,74
81,77
19,25
92,85
88,35
52,47
43,23
54,10
81,22
11,76
51,23
27,74
30,70
62,77
67,65
90,55
87,03
07,35
26,55
90,34
58,30
14,23
37,14
03,69
73,72
45,76
72,15
94,51
72,47
68,28
11,75
39,03
60,12
93,82
24,97
86,89
58,88
11,87
75,79
24,30
21,60
10,06
59,79
20,66
39,06
82,53
96,56
93,10
44,81
00,40
59,97
27,83
69,69
62,48
08,04
47,31
88,06
34,56
64,00
49,93
54,89
11,23
94,10
90,56
15,79
20,93
86,86
86,46
52,49
91,03
77,37
46,65
06,50
87,74
15,70
68,64
96,98
32,92
02,72
42,55
72,49
45,63
07,03
73,33
71,85
04,46
88,11
17,45
28,00
02,92
55,77
32,96
89,38
11,19
07,13
96,97
79,65
70,28
04,70
03,03
78,95
38,47
72,57
35,53
59,41
86,55
01,07
93,48
81,68
95,36
82,92
13,42
97,24
24,98
45,63
85,89
01,94
40,43
33,44
51,19
11,44
81,00
76,18
70,47
65,80
84,00
87,32
80,25
65,10
61,37
72,35
95,16
93,66
14,90
98,11
04,35
20,29
95,39
89,44
12,34
74,75
75,88
88,41
58,13
78,93
60,41
54,31
40,08
01,86
01,31
45,36
13,12
97,34
88,88
72,68
05,74
18,85
81,73
91,62
60,81
20,07
93,60
41,52
16,49
76,65
26,32
35,82
92,32
48,39
35,04
58,15
78,98
01,78
32,50
04,63
56,30
73,57
05,83
73,27
76,31
14,66
81,20
21,90
43,85
08,91
24,69
32,25
50,00
77,15
35,38
88,58
18,22
06,01
50,58
90,17
66,51
37,27
74,99
64,45
65,00
60,86
59,73
16,45
61,67
88,86
36,34
63,69
83,74
24,67
52,82
97,27
81,00
98,63
10,68
21,91
44,20
69,55
82,53
27,90
71,72
41,02
27,41
87,17
74,51
00,47
20,21
33,69
90,02
43,72
38,10
47,19
69,13
87,04
92,33
68,39
29,87
56,68
56,47
88,59
14,26
74,19
74,06
91,11
83,41
73,17
36,89
61,00
75,13
84,58
02,09
91,90
98,70
74,03
88,90
86,41
09,39
22,51
46,52
45,88
84,40
79,24
66,16
32,97
69,40
53,58
77,43
00,47
76,67
22,51
67,53
50,17
37,20
07,33
80,55
29,99
83,29
80,41
47,25
31,18
89,54
29,68
27,02
14,79
52,86
33,31
22,60
50,67
87,13
84,87
05,20
18,62
39,60
22,17
16,17
89,48
44,98
89,26
61,05
82,97
65,96
40,85
83,03
54,87
11,66
09,08
10,54
63,57
02,22
82,54
05,09
41,26
84,64
71,11
07,10
60,13
04,82
12,59
42,60
08,80
27,20
71,83
97,97
35,29
00,89
46,62
97,57
61,96
55,46
62,54
97,16
15,12
97,38
64,85
15,51
60,16
33,58
59,43
38,22
11,77
55,77
76,96
13,86
89,04
81,24
16,64
10,07
21,04
57,16
18,98
52,85
78,96
78,68
37,87
84,63
77,00
57,33
57,98
57,87
49,73
34,33
34,94
79,97
72,96
06,00
31,50
56,40
10,79
37,50
46,43
16,20
73,35
61,32
39,13
10,23
55,20
28,64
78,29
67,33
83,39
54,52
70,59
39,38
23,23
40,43
36,05
24,89
50,50
58,05
44,18
76,07
16,50
03,41
46,09
95,91
04,97
74,73
70,56
90,57
98,77
17,04
02,96
31,68
74,24
57,74
88,18
75,84
18,95
31,42
75,75
43,29
30,86
11,40
21,73
91,27
14,95
87,96
70,17
54,92
38,89
46,22
55,63
96,85
19,34
14,89
22,56
08,39
31,44
88,54
45,20
26,72
58,04
72,27
71,21
96,41
27,57
58,69
83,25
80,87
04,47
06,85
50,64
24,51
58,65
69,70
07,05
50,37
44,82
41,10
71,66
89,72
82,04
24,81
12,00
80,47
66,55
19,18
08,46
57,35
86,62
96,35
08,47
53,50
68,01
85,65
95,99
59,38
25,49
28,81
36,65
45,34
49,02
60,13
14,39
40,59
28,01
85,05
19,29
76,81
44,75
42,39
00,21
45,16
80,80
44,07
28,69
79,44
00,12
54,50
24,76
97,45
75,58
09,75
90,45
29,33
97,73
16,83
34,75
39,28
56,79
82,54
56,69
30,11
97,90
92,33
18,02
07,79
32,48
29,85
06,84
51,22
36,42
72,26
68,19
84,79
22,94
16,78
75,06
42,94
96,06
65,22
52,37
49,17
56,83
18,42
14,15
85,02
66,89
24,22
95,29
89,71
47,13
14,77
18,29
52,71
23,10
27,14
48,54
93,46
97,92
25,10
95,03
90,68
07,71
82,89
98,76
00,46
35,81
53,28
53,45
41,99
06,41
41,95
39,97
77,48
53,73
40,29
22,25
63,12
31,52
17,20
07,36
87,07
23,18
44,17
50,35
27,87
62,66
62,30
49,19
16,11
06,20
00,93
40,21
00,50
11,69
57,88
96,79
03,60
67,83
29,14
01,86
24,35
03,04
87,36
35,60
03,42
88,60
87,52
46,46
71,04
97,49
25,19
01,86
39,34
04,39
96,38
57,88
29,81
96,90
54,83
63,40
53,35
34,77
74,91
94,53
37,63
92,55
96,67
52,49
56,31
89,63
68,74
24,50
89,20
68,18
11,81
45,98
27,34
43,56
63,14
89,75
68,88
61,71
96,43
32,91
23,46
18,56
02,80
60,83
84,28
38,28
19,99
07,45
94,51
37,89
64,13
14,48
15,98
38,16
28,65
66,81
19,19
23,02
63,44
48,98
93,57
98,69
42,65
19,59
90,88
41,23
77,49
39,22
76,06
68,09
23,47
14,59
48,57
43,20
21,28
62,73
84,37
48,07
61,00
61,98
05,01
37,62
12,01
74,19
20,33
48,44
42,10
06,58
21,90
90,69
06,64
04,32
75,48
36,10
73,32
52,53
55,77
58,06
96,42
97,81
06,66
01,30
83,46
82,45
42,94
70,52
94,43
43,01
28,02
84,77
26,49
98,17
15,52
47,57
46,81
24,53
56,07
42,41
50,84
75,42
66,50
02,62
56,47
23,68
08,88
21,43
26,21
25,04
06,35
57,47
10,23
52,72
24,52
93,21
21,22
87,81
63,68
98,32
23,78
73,19
82,34
71,28
83,72
19,70
46,83
20,44
67,01
56,83
20,69
79,09
75,60
23,34
51,49
48,29
29,32
77,86
78,29
79,67
42,20
54,91
81,77
48,73
24,30
53,58
32,09
69,14
36,94
07,75
36,15
46,50
64,65
61,66
78,63
86,77
29,56
30,46
49,47
18,23
45,28
09,49
96,04
11,07
56,18
64,18
18,68
35,62
07,08
29,52
87,25
27,08
02,06
84,50
36,05
71,59
84,58
29,38
75,08
01,77
16,77
82,90
13,23
94,42
60,74
18,34
22,19
88,35
12,19
35,98
71,16
11,26
60,39
84,26
76,24
53,86
84,38
35,74
28,73
36,64
78,12
09,17
79,46
96,26
62,49
86,58
10,85
07,63
20,76
21,14
78,74
01,96
75,07
88,94
63,20
52,90
88,53
47,02
32,88
53,53
89,55
59,69
51,85
97,94
56,66
03,28
07,48
92,99
67,64
69,66
61,47
68,97
04,05
23,91
93,72
01,88
28,98
96,95
45,93
10,43
11,17
44,32
05,03
33,13
32,44
18,89
83,48
48,13
37,39
65,50
13,34
48,31
10,57
89,82
39,69
56,24
24,37
71,89
60,43
05,84
11,39
98,07
40,01
98,97
00,21
85,94
42,57
11,25
40,40
73,72
10,47
69,45
82,50
75,04
34,43
47,52
07,48
97,10
35,05
42,15
06,43
45,41
35,12
23,12
11,15
50,14
35,63
08,97
06,74
88,19
31,56
08,27
29,31
78,00
77,51
69,70
55,92
68,75
11,73
59,61
90,34
78,42
54,02
93,59
30,22
60,95
79,60
48,19
43,34
26,04
03,66
71,21
33,18
78,86
56,41
29,49
50,83
92,41
60,80
24,77
32,76
59,33
57,01
35,93
81,10
42,49
55,81
52,61
71,47
83,16
89,27
78,12
68,18
85,84
92,33
19,65
56,76
55,93
16,65
76,69
56,00
39,81
87,80
13,83
44,87
73,79
60,61
65,44
64,30
22,58
50,64
40,85
74,78
51,53
64,42
41,40
32,25
77,52
20,71
27,99
19,84
86,00
21,50
49,70
22,95
16,57
10,79
44,42
48,43
82,55
40,32
27,54
05,28
02,43
14,36
76,59
32,64
68,09
21,61
44,65
39,58
38,73
70,83
08,55
30,78
64,96
41,34
18,98
35,36
26,64
08,06
86,13
34,27
08,65
81,64
89,52
55,92
91,39
90,74
89,54
65,14
19,16
53,80
81,49
90,62
15,82
66,10
17,73
52,34
73,42
91,86
87,37
22,01
08,82
62,88
63,50
28,43
32,18
31,50
54,34
45,32
12,34
92,57
59,28
25,40
09,26
82,29
55,31
39,92
22,29
74,47
83,18
62,80
06,89
73,34
74,47
80,58
62,59
53,85
78,46
52,20
42,88
23,10
44,06
43,93
60,11
10,53
27,70
60,92
39,55
56,77
02,83
52,23
91,23
65,43
69,36
16,38
56,71
95,52
73,37
56,44
10,34
36,95
68,36
36,50
89,32
63,62
79,28
53,20
69,57
95,45
58,00
22,17
61,36
96,98
33,82
79,20
05,38
31,89
25,26
43,49
78,19
63,88
83,60
42,02
32,91
27,56
11,37
07,49
34,39
09,85
00,40
65,46
85,26
94,39
39,13
89,47
74,84
94,82
22,12
71,92
95,05
33,44
96,42
69,04
65,61
01,30
17,55
22,34
80,87
01,33
33,87
92,77
17,84
93,95
13,43
80,88
14,63
17,73
51,57
63,77
66,66
02,86
97,97
95,07
63,77
38,48
98,39
31,74
17,90
29,50
16,76
84,42
45,82
65,54
96,18
21,36
84,15
08,05
88,85
88,56
26,02
87,08
55,07
38,80
01,38
80,64
46,35
28,36
53,68
61,40
61,47
31,14
78,09
48,67
48,87
59,77
27,62
84,38
46,57
92,59
31,89
26,20
30,56
44,15
12,94
13,82
59,49
48,96
06,87
97,23
96,67
50,43
68,88
26,69
12,27
50,88
72,14
69,20
57,96
67,34
58,50
46,23
66,49
69,48
70,47
44,05
77,09
98,58
34,47
59,50
84,01
73,70
27,84
77,81
70,13
56,57
38,24
04,64
54,33
20,43
72,37
95,40
84,76
83,38
55,36
11,07
69,49
01,09
23,94
64,17
40,52
70,65
03,63
18,48
26,37
22,34
28,52
58,38
13,62
46,86
51,46
03,03
53,02
12,13
71,83
69,63
94,88
55,21
04,61
84,38
07,29
73,17
93,09
36,91
62,76
51,87
88,16
09,47
83,85
40,61
67,91
00,85
28,85
81,45
30,31
09,01
36,43
98,45
48,36
14,29
70,03
21,93
12,53
97,15
90,84
75,96
74,16
60,27
54,16
96,42
46,01
57,87
16,12
20,29
91,20
55,01
00,17
08,39
02,48
10,05
72,84
12,79
39,01
38,54
50,87
26,41
76,90
82,16
58,45
92,93
94,83
86,09
52,67
43,39
98,51
29,09
20,23
88,75
97,28
92,24
48,29
84,91
91,21
44,59
93,07
69,19
68,15
00,62
43,00
24,16
54,48
87,28
13,31
78,95
13,37
86,55
03,96
47,60
29,01
13,29
72,40
19,35
80,36
33,93
86,77
74,19
51,94
60,88
51,83
68,70
94,50
27,29
19,26
19,02
26,38
69,61
31,92
80,01
96,09
75,85
62,15
44,62
50,49
98,10
61,26
81,91
59,29
47,86
51,09
67,16
92,39
80,11
54,84
73,41
67,82
47,70
78,21
86,53
01,67
44,82
26,33
00,62
69,34
00,54
60,20
62,77
80,29
75,32
91,83
36,66
37,94
07,32
18,58
66,57
84,95
95,77
04,27
23,36
13,09
87,67
51,61
69,67
02,58
96,78
81,16
27,47
02,93
31,76
91,02
53,36
25,18
47,80
67,30
28,57
61,77
08,29
56,61
48,61
46,33
56,83
22,88
47,75
84,28
26,19
56,26
43,23
16,14
75,55
25,83
70,85
71,61
35,58
06,91
13,30
41,31
56,68
56,47
35,78
65,52
03,29
56,74
63,80
32,65
10,27
70,88
79,30
60,11
15,71
45,33
93,93
14,35
24,21
96,41
75,19
27,95
90,94
25,75
11,88
55,63
42,04
09,30
94,65
23,57
00,60
35,71
62,78
97,62
08,04
65,33
78,50
55,53
20,46
03,34
67,18
71,81
24,03
12,10
05,48
36,71
89,08
04,26
54,40
38,09
88,40
81,06
83,55
48,42
25,96
22,68
48,36
95,44
02,33
54,66
21,27
89,55
20,86
77,19
54,94
40,81
53,21
53,18
24,41
90,74
36,40
12,14
37,90
63,52
40,71
78,03
50,55
08,36
57,99
62,81
90,92
25,51
76,96
25,60
16,21
35,90
80,76
59,88
48,28
50,08
82,92
30,04
13,79
04,86
35,11
14,82
78,21
18,99
75,80
27,52
15,44
42,24
74,83
01,22
66,01
57,08
01,05
33,65
51,48
22,49
93,15
44,16
73,46
49,77
65,47
76,48
93,19
29,20
29,11
61,30
27,97
25,19
77,31
38,96
82,91
08,02
76,91
22,99
86,72
89,57
86,42
85,84
83,87
83,71
34,46
28,77
76,57
15,33
87,91
97,52
52,17
69,08
22,01
22,23
98,54
91,04
42,74
23,19
44,81
84,32
74,74
78,65
54,22
16,02
08,39
21,33
19,77
72,12
97,68
47,29
34,22
72,34
98,32
72,35
91,39
77,36
13,20
27,15
68,69
20,48
14,02
60,09
50,61
17,32
55,09
12,35
41,54
00,97
95,79
56,26
53,03
68,87
98,94
37,82
00,70
26,63
22,62
72,18
46,48
51,84
12,35
02,69
32,71
21,39
27,70
51,39
88,77
73,68
63,05
56,58
82,42
09,70
17,50
10,86
67,87
72,08
52,11
82,78
24,70
85,99
25,50
65,12
34,59
75,13
21,84
05,05
22,23
15,86
11,85
92,22
06,45
53,26
66,89
95,32
40,86
28,75
14,74
13,61
07,41
43,96
68,77
88,77
91,33
30,41
01,12
01,30
43,73
67,02
00,85
94,95
18,92
32,32
76,08
49,66
37,86
65,91
89,44
81,81
63,69
66,01
52,01
57,04
64,44
36,38
42,51
80,09
72,19
52,78
76,49
02,97
68,59
33,47
47,30
13,15
18,80
25,41
82,33
29,39
54,12
69,59
25,73
62,35
64,27
33,76
06,29
61,52
70,49
40,22
96,42
27,51
86,77
81,32
74,49
14,15
45,37
36,47
68,69
28,05
31,88
68,31
81,39
70,33
29,40
42,50
75,93
63,93
76,19
38,69
78,95
49,07
58,34
20,63
25,17
39,34
20,25
63,15
66,34
71,21
50,74
25,57
19,64
94,84
24,42
06,17
57,22
05,69
84,88
14,09
74,83
29,46
73,54
43,56
45,62
54,01
37,56
31,08
47,21
83,86
36,60
50,00
09,79
04,35
66,95
91,86
26,71
34,57
33,88
59,71
19,65
57,86
80,63
95,11
82,51
09,00
57,07
68,03
42,65
15,99
17,64
26,89
58,80
20,67
89,51
40,72
58,16
77,87
25,88
47,45
42,62
00,78
18,52
32,21
25,81
86,16
37,47
77,99
71,85
48,21
42,41
42,01
70,23
24,81
50,83
13,49
51,95
50,56
22,58
55,17
81,29
42,76
77,38
30,15
83,14
31,69
18,07
44,43
32,63
84,32
22,49
84,32
38,00
31,91
07,13
33,36
69,18
24,01
91,83
01,72
26,65
34,94
92,85
47,75
32,94
39,97
62,20
95,47
45,24
84,14
38,99
05,13
02,16
94,14
37,74
98,12
98,05
62,53
76,33
12,86
77,86
84,99
89,88
58,84
29,68
21,87
93,41
85,50
52,05
85,36
65,51
50,35
11,12
89,66
92,31
98,30
13,38
03,81
80,26
10,28
74,51
96,80
62,92
26,88
98,90
12,46
60,80
76,03
86,08
83,33
27,86
52,62
02,17
40,18
90,59
15,35
86,44
92,46
44,96
39,30
60,04
20,74
71,50
42,24
61,27
63,95
77,95
88,94
23,66
36,22
10,24
85,74
12,10
68,23
66,85
48,83
58,66
15,67
85,40
48,90
33,68
59,18
59,12
24,41
30,51
60,01
71,76
55,87
30,16
30,24
89,60
17,34
85,48
13,65
00,01
06,96
14,00
98,30
16,80
00,88
18,76
96,08
93,97
63,12
75,53
63,64
43,04
86,51
93,75
75,68
32,18
43,09
26,37
98,72
96,60
64,42
61,25
36,43
80,34
97,31
32,22
84,74
40,73
01,21
82,46
71,14
32,83
97,24
10,71
90,10
26,27
39,06
56,82
21,55
44,51
54,74
50,34
54,42
32,27
40,04
18,97
14,33
33,42
49,63
71,75
33,52
39,70
41,44
36,75
91,85
03,09
49,50
46,70
09,54
31,37
37,34
46,61
33,25
93,60
30,64
35,62
77,33
25,46
02,62
88,01
90,15
86,52
41,36
22,61
60,55
78,29
11,30
36,85
20,11
93,56
72,20
46,21
12,10
18,44
28,80
41,69
62,60
25,33
17,90
60,27
09,06
85,05
71,57
20,51
03,08
15,64
40,96
72,93
53,07
05,11
66,22
65,28
19,58
41,36
87,25
47,28
20,75
09,03
51,94
62,42
01,72
71,54
02,00
62,42
29,86
81,77
08,98
30,13
96,12
25,44
36,07
69,87
27,08
08,35
06,52
25,08
09,71
31,76
72,42
90,59
02,67
25,46
02,03
79,78
72,27
20,98
85,10
39,15
83,42
34,58
35,04
62,92
55,28
83,82
12,28
69,57
77,63
09,83
98,02
72,38
84,93
83,09
20,97
85,12
50,02
01,29
80,61
15,49
91,82
01,56
87,59
49,01
64,77
40,73
10,48
26,07
06,71
57,54
20,60
84,70
31,27
82,90
46,59
26,18
65,35
41,23
86,60
72,33
18,03
41,75
02,66
32,49
16,26
22,26
49,87
56,49
38,96
05,38
83,95
59,97
10,05
49,72
04,08
33,32
23,99
45,41
90,82
84,08
33,52
54,75
63,81
85,62
17,73
51,26
09,70
52,71
23,69
02,51
66,95
77,59
80,57
44,38
86,21
62,67
49,55
67,95
68,13
26,23
84,48
66,47
83,87
48,33
73,14
40,86
51,92
14,52
16,44
47,29
30,37
37,78
14,24
61,04
91,27
21,12
41,12
82,49
26,52
76,64
75,74
57,61
23,48
65,94
94,48
91,64
83,24
33,27
24,59
42,72
17,70
07,00
91,14
29,35
86,29
19,15
08,80
69,26
66,79
31,35
71,88
65,22
12,54
04,65
70,90
72,39
24,87
36,94
37,57
73,92
52,00
07,33
96,89
37,74
55,09
86,90
33,32
78,68
16,95
76,69
83,50
72,88
89,33
83,34
80,78
49,06
18,79
16,91
37,35
82,30
94,90
00,85
76,75
52,64
61,58
01,86
32,38
57,97
96,47
64,18
97,64
03,09
87,30
93,74
85,50
42,22
15,73
81,87
89,32
53,82
52,28
66,89
30,40
32,54
09,55
42,79
25,55
38,03
35,42
72,61
89,10
23,60
32,68
48,75
58,87
43,87
07,14
32,24
93,42
10,50
48,24
56,82
14,78
80,24
02,03
26,60
85,60
98,98
57,44
28,93
79,51
80,15
76,88
14,73
02,88
02,31
35,45
21,83
02,72
28,85
54,33
11,42
36,47
01,00
83,23
72,55
01,90
28,15
67,48
95,97
13,45
21,37
40,77
56,00
46,44
34,51
74,18
45,28
35,45
47,91
10,14
13,24
64,51
22,97
98,66
92,06
79,11
59,85
93,12
87,54
77,17
66,94
13,03
76,82
49,86
83,20
49,44
22,40
80,59
46,37
71,56
29,02
23,19
83,52
01,98
81,11
17,03
08,88
69,83
89,42
36,75
42,92
73,20
25,32
02,16
54,91
74,29
86,52
08,90
95,03
29,91
42,02
10,73
28,80
49,54
94,69
87,27
22,23
37,97
08,69
29,71
15,63
91,74
59,36
72,90
18,06
89,65
45,50
29,53
93,94
30,64
64,33
54,69
88,69
46,73
81,01
19,86
96,85
59,23
69,15
58,28
46,02
89,43
43,57
85,14
59,18
15,19
48,05
02,74
89,62
98,90
38,39
22,81
73,50
12,35
01,88
95,52
19,63
89,88
93,11
13,92
84,28
95,99
32,09
38,65
97,31
72,63
69,21
18,68
75,57
85,71
96,65
97,01
60,97
25,25
64,57
68,93
42,86
02,19
82,56
75,39
56,31
88,15
73,19
90,68
56,07
13,92
62,15
96,43
38,50
28,12
68,72
92,36
51,78
53,00
31,49
67,72
68,52
14,39
20,34
94,18
08,15
65,35
37,52
96,74
90,52
21,43
67,19
89,85
91,27
04,97
41,77
78,36
78,38
49,65
13,32
59,56
89,70
92,24
80,80
70,04
78,52
13,08
02,98
78,06
52,50
00,22
21,63
25,99
96,82
49,62
03,61
91,04
12,12
13,53
16,84
59,97
00,07
53,73
05,77
47,23
63,83
02,29
17,16
55,41
23,41
28,30
03,17
09,14
19,57
97,08
89,76
40,09
24,63
06,31
28,23
87,97
56,48
46,04
48,31
94,49
07,21
00,41
48,93
73,36
43,36
01,56
93,86
72,71
03,75
67,60
52,03
39,00
05,00
64,02
31,91
33,31
09,76
06,62
68,65
62,25
50,92
92,75
02,18
25,73
89,31
12,59
22,01
91,18
01,10
31,97
39,18
80,01
05,85
74,30
93,72
27,80
54,77
34,55
63,34
84,94
34,15
81,93
52,94
21,44
12,19
86,77
46,35
55,96
79,42
64,14
76,29
01,33
29,13
50,34
20,16
32,33
95,67
97,04
67,40
76,06
67,39
72,54
19,61
55,55
68,24
46,15
53,34
86,43
80,62
53,08
73,57
12,83
27,87
20,51
03,40
87,76
29,27
49,17
87,28
45,29
93,72
66,65
14,09
97,68
31,45
59,76
77,18
67,07
72,34
30,97
47,01
44,20
89,94
31,02
56,32
35,59
45,41
48,64
15,32
81,28
48,77
58,59
81,24
63,61
37,71
63,31
48,70
78,33
60,97
94,01
05,96
82,83
49,77
73,08
00,11
84,43
92,54
71,51
97,29
80,18
81,05
51,47
53,81
29,06
80,63
09,91
27,79
72,09
91,60
01,60
62,36
14,73
13,51
65,49
24,03
95,33
72,69
32,43
16,63
07,79
15,94
41,03
52,87
23,17
25,65
74,15
18,86
35,24
53,75
59,15
81,07
30,11
69,04
61,84
34,64
40,36
84,07
74,08
13,37
78,28
27,94
56,03
21,06
59,59
17,26
78,10
17,85
90,25
61,80
89,86
63,41
21,76
69,57
13,48
91,22
23,02
51,31
52,85
78,39
79,76
31,16
08,65
18,34
72,26
43,17
44,63
52,54
33,27
57,87
97,78
14,21
73,08
17,65
72,94
27,36
88,93
75,95
92,27
84,02
59,06
40,47
73,95
57,38
81,41
61,65
00,54
23,21
06,12
04,29
69,60
95,12
44,91
17,33
31,34
23,59
79,58
70,76
04,55
78,75
01,28
74,53
32,34
94,82
54,45
78,16
17,87
27,83
22,73
90,15
22,75
00,00
68,82
64,85
48,65
76,41
68,74
07,61
38,30
43,05
43,87
25,12
75,14
01,49
11,79
02,84
06,71
01,17
78,90
08,28
35,06
07,55
93,91
53,23
00,60
54,53
95,32
13,93
83,20
97,60
01,16
78,01
51,40
66,03
97,62
51,78
85,52
39,04
15,61
40,70
19,65
23,71
67,69
66,52
45,24
76,26
06,43
23,56
41,92
28,26
18,96
46,63
13,72
91,74
66,07
11,23
20,14
14,59
68,39
66,93
43,20
90,11
87,73
36,89
10,00
15,40
13,07
39,53
70,44
53,44
60,54
81,77
23,83
17,44
02,15
61,36
41,11
12,67
12,27
34,69
65,06
69,57
58,26
93,34
15,36
17,00
39,25
43,12
48,22
40,05
88,58
08,05
19,81
04,59
96,09
27,78
74,98
28,59
70,44
77,33
30,10
98,04
34,22
28,89
76,81
88,00
21,88
16,27
96,58
90,26
07,34
07,53
37,21
13,76
85,59
70,38
56,86
79,87
00,42
27,77
51,49
83,42
89,35
35,06
85,23
81,30
35,68
86,41
01,73
89,00
49,64
40,58
87,26
23,96
59,81
70,65
35,31
68,75
41,14
31,14
31,04
94,47
26,30
51,00
90,15
31,66
57,39
38,83
64,83
14,60
18,69
53,04
01,46
52,04
17,65
12,50
87,19
30,47
87,03
60,19
66,80
56,64
00,88
64,86
44,71
77,19
88,96
34,31
89,67
38,29
20,25
46,27
79,07
43,03
49,09
62,90
94,91
68,23
62,76
51,21
65,95
22,65
90,70
73,28
92,70
98,22
53,69
23,18
93,01
68,07
07,89
63,86
54,78
63,33
25,12
14,66
83,03
59,49
56,62
45,59
04,40
29,09
98,72
10,32
59,91
46,03
13,46
98,99
47,05
52,23
17,33
28,61
06,05
44,99
10,83
86,48
94,77
43,11
63,46
53,52
66,38
95,27
49,04
68,87
51,93
41,86
79,30
65,91
97,06
98,05
60,54
25,27
66,57
57,68
60,05
72,98
56,62
91,77
50,15
73,72
80,64
31,67
74,80
58,60
89,04
49,15
58,04
39,29
15,98
13,36
65,95
00,58
63,94
90,69
13,92
12,54
76,61
71,80
04,20
26,19
47,13
53,94
70,59
02,53
78,81
80,68
09,48
10,40
31,00
55,41
49,88
79,76
12,07
37,04
73,24
24,78
51,45
44,01
24,60
53,71
98,77
13,52
32,17
00,90
60,58
32,35
25,97
30,98
31,36
57,03
72,20
65,73
38,10
44,24
58,76
57,06
60,22
74,55
86,25
61,38
57,26
29,28
47,08
39,30
96,54
68,23
95,18
53,20
45,85
20,34
51,44
84,55
48,01
18,10
05,92
91,04
96,45
42,42
33,72
23,70
75,85
22,11
74,70
87,19
27,01
97,99
54,98
87,86
80,88
41,12
02,82
06,32
85,46
84,00
34,33
73,04
27,36
07,22
62,42
92,48
63,93
15,10
03,35
96,67
65,86
88,56
51,26
90,88
52,81
61,68
33,63
35,06
34,51
37,34
18,28
11,09
50,66
34,81
29,62
02,86
22,23
37,85
93,68
52,86
26,67
54,33
98,63
03,02
38,91
50,57
48,60
13,64
77,36
02,47
56,85
68,90
30,54
19,85
26,79
06,70
46,54
43,77
20,71
66,39
16,91
69,57
53,71
86,14
81,77
61,39
97,78
32,23
55,15
34,81
13,02
63,34
60,92
42,80
87,32
68,10
54,48
77,58
22,50
31,77
05,43
07,65
25,90
22,80
85,79
01,86
77,63
62,96
57,45
75,19
62,83
11,89
72,91
55,77
33,54
36,14
09,02
06,58
55,37
76,53
53,76
93,49
31,09
94,00
78,84
57,02
90,85
80,24
46,74
33,25
12,10
63,38
04,38
47,38
98,27
76,08
67,02
18,55
63,19
65,87
75,36
24,95
03,85
15,31
70,55
01,40
84,66
13,81
37,75
66,36
28,80
69,45
24,01
75,27
78,34
67,87
39,11
67,81
59,21
90,55
27,02
38,97
95,43
98,48
88,55
95,29
12,71
25,86
41,32
63,78
98,67
78,73
73,85
11,14
82,47
59,30
93,73
04,42
17,38
94,22
26,49
88,47
60,64
68,49
62,05
67,68
02,28
66,48
53,62
92,07
37,17
90,05
59,34
33,00
20,12
03,54
73,20
71,86
42,85
45,59
80,14
85,03
32,30
32,91
08,85
01,11
90,79
74,64
72,52
07,14
46,43
90,10
36,15
69,86
16,77
73,27
40,25
43,45
47,13
52,29
02,40
03,34
28,26
32,20
02,17
29,61
35,67
42,02
37,15
57,28
25,88
20,79
56,74
50,70
36,39
56,75
39,93
30,46
42,68
74,05
32,41
67,83
51,66
84,76
13,05
84,85
13,52
66,57
11,09
39,23
71,17
11,88
64,31
60,21
81,49
78,19
66,94
07,09
67,60
33,80
18,12
33,96
98,96
97,53
62,44
42,31
34,99
37,04
83,33
50,76
74,89
13,91
71,11
62,96
51,44
98,90
90,61
40,01
77,41
80,26
41,67
62,13
75,91
24,85
84,43
73,37
06,79
74,93
15,33
18,43
05,21
24,25
29,89
49,84
74,34
67,58
55,50
74,38
47,49
96,37
82,78
00,05
75,87
76,63
63,26
08,36
07,87
79,07
24,88
47,89
27,68
87,81
73,13
20,94
66,90
60,54
55,28
82,51
06,28
47,86
64,27
29,72
14,13
87,16
05,09
10,41
27,32
65,46
29,92
38,01
61,82
06,20
08,04
96,06
32,38
86,81
82,77
09,00
52,72
09,92
40,77
33,38
76,58
20,67
02,66
78,21
38,45
96,44
28,70
67,89
43,20
25,48
33,71
80,44
81,69
53,30
59,87
89,51
17,88
03,07
10,81
65,33
31,46
10,60
76,22
65,19
04,84
41,15
58,01
35,54
45,14
51,21
20,02
57,91
68,41
07,35
87,35
36,94
81,93
63,40
52,56
82,72
27,66
86,58
04,15
72,30
81,96
55,85
90,26
75,88
35,07
19,22
74,64
27,61
95,21
90,90
07,79
79,23
28,42
69,08
45,67
22,72
45,05
06,54
00,94
74,35
30,30
43,24
85,80
39,11
23,92
13,52
33,15
14,25
27,11
36,33
08,89
78,05
63,53
11,46
86,24
31,44
65,24
62,82
97,19
48,13
29,68
46,91
89,44
33,84
38,89
22,18
34,43
91,36
19,39
04,85
09,91
03,69
54,76
81,23
08,40
01,99
79,11
15,86
18,41
62,62
06,54
97,02
48,08
80,82
67,15
17,16
74,64
83,37
85,86
94,81
21,27
49,86
13,53
98,05
83,55
39,80
21,20
78,30
70,34
03,25
68,01
18,65
16,61
34,46
08,92
48,03
01,47
69,07
42,90
76,88
10,78
56,49
88,47
39,56
28,44
35,42
66,96
78,96
86,73
42,82
84,26
17,93
50,13
20,79
30,49
24,11
43,56
47,98
83,86
83,53
10,96
26,66
80,39
01,06
13,01
55,87
60,62
83,28
58,02
95,88
92,79
85,60
02,94
80,36
45,66
22,83
24,85
53,20
35,64
63,24
51,61
38,54
01,96
27,16
73,73
07,10
89,13
13,82
64,99
93,05
63,01
07,77
96,25
44,73
11,08
47,50
18,10
06,75
41,14
11,34
50,42
51,48
30,53
80,54
38,20
37,70
06,59
71,64
71,54
17,81
34,15
68,86
11,30
86,12
00,91
93,93
10,64
32,06
71,32
53,17
61,24
66,99
42,29
29,18
59,23
74,47
80,88
87,21
08,39
51,23
20,80
25,93
84,64
48,74
33,95
46,41
97,69
30,79
96,68
74,53
77,14
17,61
29,36
32,02
63,60
78,07
61,34
69,07
75,77
39,61
01,52
31,46
59,14
12,28
06,41
49,32
43,36
18,65
12,77
94,52
71,13
86,11
18,17
13,46
87,39
03,30
47,62
32,55
12,27
72,35
05,28
04,31
61,49
10,91
33,31
48,89
32,71
95,54
00,44
08,57
82,83
60,81
43,76
70,10
24,27
43,95
14,49
25,07
59,71
36,33
74,64
27,80
87,32
65,08
31,16
89,08
11,93
10,39
89,21
98,10
92,23
19,84
62,35
64,31
21,09
10,86
69,31
29,98
55,61
51,97
10,78
28,99
58,54
08,93
28,40
84,18
07,96
98,21
02,21
28,23
62,79
47,20
67,68
90,22
33,43
50,60
92,77
68,58
68,66
53,31
85,66
83,91
98,67
29,64
62,96
67,43
17,41
97,21
63,75
72,27
05,13
54,28
35,43
88,70
89,56
93,36
92,65
61,75
22,15
03,03
04,61
32,96
51,27
52,66
22,60
25,26
10,89
92,59
54,65
53,91
89,45
33,70
31,01
03,26
21,74
45,83
96,51
27,89
91,90
56,70
59,67
64,05
26,84
95,96
58,93
90,86
95,23
70,23
58,78
70,94
37,90
68,28
07,68
24,96
94,34
85,61
29,59
20,96
03,31
32,82
88,37
53,60
05,71
24,53
70,03
61,30
91,50
06,85
14,70
84,80
07,75
38,30
59,03
07,57
11,69
71,89
26,90
11,11
20,98
02,82
25,19
93,68
08,70
17,78
22,75
36,28
85,82
86,08
92,94
54,87
54,53
27,12
23,45
23,76
54,22
52,90
12,64
06,18
21,63
76,83
13,24
54,38
06,43
45,16
87,85
69,40
83,30
15,80
87,45
50,01
56,61
56,66
91,07
82,34
17,54
25,01
86,54
07,09
18,13
98,49
10,58
55,85
75,28
03,25
96,17
32,99
17,74
06,51
60,99
89,03
59,86
10,68
50,34
96,02
04,92
45,27
87,98
61,56
21,14
65,66
65,40
18,33
87,15
22,44
07,01
40,99
52,67
90,54
88,06
67,96
82,85
97,78
70,16
90,53
70,71
34,59
40,05
55,93
74,30
59,96
76,37
68,63
83,11
28,98
81,94
17,07
05,79
07,94
31,66
36,36
94,36
57,62
50,08
33,94
59,66
51,66
38,17
32,47
06,18
38,35
16,15
55,12
04,17
38,18
87,10
79,58
95,62
45,57
82,22
88,63
87,32
36,72
58,83
22,83
04,46
34,57
24,62
87,33
36,89
63,99
60,85
15,04
39,40
35,91
18,11
55,56
77,62
30,96
70,31
12,18
93,29
31,72
33,85
40,27
80,04
25,83
51,18
33,66
36,44
36,81
83,35
90,59
09,40
82,91
57,54
95,74
06,79
41,88
40,41
96,35
16,94
96,71
57,32
38,16
42,37
94,29
74,73
35,20
25,17
70,33
27,57
82,69
09,40
25,02
82,51
93,32
70,00
21,09
06,08
17,23
11,99
38,05
88,51
50,65
13,95
78,83
06,95
71,68
09,22
37,08
54,20
19,44
41,76
50,52
29,41
42,68
63,15
44,39
26,96
95,42
08,05
25,94
17,91
79,98
91,89
32,16
05,63
69,69
87,88
60,57
52,46
38,00
06,92
85,81
11,70
77,54
57,47
65,20
82,64
62,84
49,28
60,90
87,98
15,49
02,29
66,47
28,62
60,87
75,26
98,73
70,56
38,23
27,31
37,78
08,43
75,56
31,68
23,85
93,44
16,57
34,19
09,04
79,01
60,18
25,01
27,83
38,10
20,27
60,68
01,14
91,96
33,72
95,85
19,23
25,82
53,42
19,37
48,40
90,97
47,90
33,45
93,54
16,64
66,85
73,76
03,09
20,34
12,21
84,51
47,53
68,26
09,73
43,24
28,91
13,06
42,49
69,10
45,21
61,10
04,14
15,30
42,01
77,40
43,31
84,78
13,51
96,57
58,52
12,25
45,90
04,99
31,21
64,11
23,29
28,11
47,18
49,21
64,45
51,70
57,60
30,00
75,13
74,60
15,23
64,04
84,63
96,06
00,89
46,88
11,33
35,14
01,66
16,68
49,84
53,74
17,02
78,42
02,81
94,35
83,46
83,88
68,02
94,57
86,65
86,32
05,95
93,80
80,97
09,37
33,67
24,96
91,58
36,45
73,58
11,01
72,78
59,96
65,70
94,75
96,08
97,31
63,54
56,18
22,08
24,09
19,65
66,91
38,38
53,67
84,67
09,77
09,06
39,89
20,70
46,56
42,35
51,77
75,07
22,39
14,80
35,60
28,45
56,19
10,21
65,39
00,96
74,65
08,93
35,10
33,54
22,12
52,77
50,94
11,54
71,04
28,77
41,85
35,42
79,61
71,46
12,02
08,75
91,91
61,81
21,40
64,97
40,01
98,32
11,33
95,57
55,07
62,84
32,36
44,76
56,07
54,60
92,90
25,55
43,67
65,95
85,45
97,04
91,10
88,62
03,81
57,60
07,39
79,27
28,09
52,86
79,70
05,04
15,11
02,14
44,01
69,16
73,49
09,91
19,31
84,83
08,43
01,27
17,94
68,24
44,38
48,95
48,67
75,46
58,60
76,55
69,28
70,48
78,80
15,90
98,96
86,03
25,28
56,41
27,54
94,17
26,40
03,95
15,33
18,57
47,28
35,47
25,96
26,54
35,53
17,34
80,96
32,53
96,19
57,18
83,17
76,40
04,68
94,67
19,95
10,38
37,53
13,51
07,63
12,93
52,31
16,68
24,58
75,64
88,43
86,81
15,01
46,66
25,14
25,16
51,81
81,83
01,63
04,81
97,54
95,15
50,14
44,29
93,15
74,34
82,24
57,54
69,93
41,91
02,21
68,47
87,97
88,94
40,62
18,63
63,36
57,66
41,02
49,64
56,29
51,52
25,35
58,16
75,77
77,91
39,47
17,49
61,26
73,37
87,02
37,21
82,38
30,46
07,99
03,14
33,06
75,03
90,36
33,64
57,02
55,26
79,35
54,23
04,98
72,48
38,06
23,67
71,98
82,82
29,87
60,31
50,64
09,25
02,12
34,53
74,31
43,11
20,29
23,21
27,94
22,71
71,72
29,10
50,64
21,50
07,33
45,65
51,96
77,61
57,86
95,32
30,30
00,32
54,09
29,25
70,07
03,65
07,30
52,74
93,98
37,08
29,71
87,82
05,82
08,57
28,52
88,62
85,39
72,35
84,69
33,38
82,42
80,23
36,82
01,38
34,56
69,89
46,21
79,57
70,00
81,48
49,65
00,29
49,82
28,55
60,02
80,17
86,76
89,74
05,88
94,75
43,64
23,97
78,83
90,94
64,83
62,96
86,57
81,41
78,61
67,20
78,40
18,13
65,47
16,91
65,43
83,26
65,62
86,63
36,57
03,18
88,77
43,23
03,13
35,17
45,79
67,94
22,00
49,60
28,19
16,76
70,96
00,62
35,62
15,06
71,46
95,97
48,44
53,83
85,70
60,60
23,65
14,01
53,79
80,63
07,62
35,69
55,60
25,88
38,54
13,57
40,92
63,41
33,64
01,33
91,79
40,27
35,16
49,77
47,62
98,46
34,16
70,18
44,63
98,31
63,36
82,83
06,83
72,23
02,87
65,53
40,80
89,75
20,37
25,08
79,74
41,88
39,62
23,74
52,97
27,69
94,98
68,76
38,95
50,82
16,79
27,48
24,57
43,14
66,09
61,03
51,44
06,21
36,87
03,55
17,97
50,51
98,14
64,39
65,12
30,45
79,23
52,10
76,92
03,23
57,52
08,42
76,20
40,22
30,51
17,31
14,23
00,50
42,04
26,43
15,73
04,32
31,07
04,68
53,01
25,86
88,09
26,65
96,90
79,63
05,44
10,77
07,81
14,12
14,93
41,80
15,05
46,82
41,73
23,79
62,76
76,84
93,32
55,36
69,55
66,57
42,52
97,47
90,29
48,37
82,45
06,79
74,76
49,58
64,52
24,20
23,05
14,08
44,90
10,47
70,06
07,54
17,11
40,18
54,33
42,51
37,97
55,28
32,35
14,79
87,59
60,24
60,93
40,28
61,73
60,93
76,63
19,46
18,70
13,52
43,15
80,20
84,58
03,53
80,75
64,25
41,73
15,09
35,68
91,83
91,21
45,95
71,05
17,14
56,33
24,33
46,34
07,46
23,18
39,07
57,81
15,70
08,77
51,53
10,90
94,29
02,50
61,89
13,65
81,80
89,28
19,16
73,67
41,10
65,14
30,11
20,08
60,90
86,86
91,64
43,32
45,03
42,02
90,63
38,25
75,14
36,43
35,56
66,31
40,93
52,15
79,11
71,27
21,02
61,35
57,92
30,79
71,54
17,92
05,61
25,68
33,35
11,84
50,46
89,91
69,48
03,62
92,81
89,15
00,72
19,50
34,43
64,89
19,80
34,81
05,34
90,28
04,69
44,15
70,33
67,19
11,51
61,12
02,44
93,16
15,52
77,79
01,31
50,79
08,36
56,40
38,64
49,05
73,04
22,12
17,50
89,35
84,93
77,57
89,45
15,34
27,98
63,18
83,26
29,69
17,51
28,47
53,20
01,70
22,98
14,93
56,21
68,97
15,64
88,44
80,33
13,00
46,02
88,82
74,53
65,47
48,12
17,71
28,04
91,40
81,91
26,73
21,83
70,79
93,76
31,55
29,98
85,79
36,19
93,76
71,74
42,01
08,56
19,92
37,26
89,44
16,63
26,87
81,77
82,95
02,65
52,03
73,20
36,46
96,99
79,16
86,30
14,69
72,37
81,04
97,52
41,53
98,94
08,44
04,65
70,06
24,44
55,84
83,71
22,96
51,12
01,43
71,64
76,52
70,92
87,56
47,04
45,05
29,82
25,48
57,08
60,82
18,40
46,40
82,28
68,30
89,88
64,93
18,99
85,43
49,82
67,78
00,21
97,94
29,51
60,40
13,73
22,41
82,65
06,90
57,37
62,81
44,41
77,55
72,05
94,32
58,42
63,41
41,69
68,59
84,21
68,22
92,02
66,44
77,84
70,55
39,97
11,00
06,16
96,87
17,14
48,18
13,96
17,04
01,27
34,23
71,70
48,93
00,10
45,69
42,15
38,63
85,85
77,91
69,10
40,22
79,25
84,89
85,82
22,00
52,01
47,42
23,54
98,71
08,39
76,39
62,20
77,52
17,04
88,14
35,21
90,28
04,63
04,24
65,48
92,98
03,28
73,10
78,25
93,22
35,49
55,29
45,36
70,33
60,76
12,18
23,76
64,60
43,27
33,60
48,56
02,08
11,09
46,60
76,02
42,77
64,64
03,28
36,95
48,76
59,51
04,57
53,81
75,68
19,78
68,70
03,48
21,76
82,25
03,25
32,38
79,65
59,49
96,81
42,78
71,40
73,69
43,35
35,48
55,95
07,34
13,16
58,33
49,99
05,84
32,08
55,48
28,16
22,50
40,81
00,60
93,25
50,29
12,28
21,52
78,28
79,99
78,15
70,32
38,42
58,52
03,93
53,26
91,97
47,53
10,48
49,01
73,82
92,22
77,33
75,57
36,46
83,96
02,70
12,37
89,80
58,16
14,73
72,25
35,07
20,23
43,53
54,10
76,30
90,61
21,06
04,74
22,15
71,33
16,20
38,34
76,34
82,31
09,26
30,29
74,12
05,49
11,32
27,67
11,39
56,75
59,16
94,97
61,83
59,78
28,59
78,46
16,29
29,94
20,96
80,80
66,38
84,72
20,43
01,12
65,18
15,12
20,89
27,54
55,20
58,70
67,69
04,26
70,56
56,09
87,33
74,08
12,94
88,21
07,12
97,97
78,68
01,96
11,77
85,50
63,58
15,24
33,15
16,79
10,54
47,74
88,26
46,10
45,68
64,29
59,23
62,01
07,44
20,88
34,07
46,21
07,80
26,88
04,69
20,34
87,83
71,63
52,04
02,27
46,45
49,61
30,02
73,07
25,76
05,13
00,56
66,76
13,07
77,90
64,90
11,43
88,37
61,28
87,32
35,80
36,99
81,21
77,40
28,53
28,04
33,90
92,13
47,59
64,29
42,28
82,25
47,30
85,34
79,90
89,64
37,99
03,05
04,67
00,05
13,22
61,68
60,16
23,62
97,86
11,39
02,61
97,77
41,66
69,49
20,63
64,05
40,08
93,30
19,06
93,01
27,33
58,17
90,64
39,48
73,16
73,14
43,39
77,87
30,99
90,29
80,58
24,13
48,12
54,38
28,06
08,19
11,54
00,69
75,33
25,75
16,87
07,89
63,32
72,88
70,02
66,43
78,19
12,26
14,30
30,79
24,75
25,25
21,19
82,87
51,11
54,77
69,87
69,87
52,05
38,72
03,82
08,19
39,46
92,26
93,34
06,92
74,63
30,41
04,70
17,18
93,85
36,25
95,98
38,45
88,78
64,22
57,07
08,17
23,42
67,14
45,37
19,86
45,34
14,72
28,00
17,35
29,76
09,06
62,67
32,80
13,46
63,68
12,90
49,85
28,51
60,42
12,85
04,41
23,57
62,23
04,23
39,45
44,11
34,42
38,49
92,65
07,82
72,99
00,95
79,56
29,25
30,42
47,93
12,86
82,63
75,51
67,45
04,09
59,18
36,73
54,87
59,43
56,90
11,02
72,98
94,21
93,72
49,19
23,92
66,95
44,31
80,22
55,64
59,15
09,72
37,84
79,51
05,47
23,54
44,66
01,68
96,49
37,37
09,37
79,18
87,61
76,38
68,97
33,59
41,71
75,47
42,06
52,21
72,64
88,25
22,94
45,10
65,84
48,68
95,69
59,10
50,89
96,27
28,18
24,26
69,50
29,29
17,40
32,35
66,95
20,14
09,93
53,18
93,79
59,11
90,48
84,54
23,65
10,49
98,29
86,96
34,55
27,38
22,71
12,66
46,68
01,20
84,76
35,01
40,23
84,91
37,66
19,28
29,46
47,22
26,00
98,88
28,30
19,97
35,03
42,79
72,45
83,58
52,27
58,09
46,89
06,23
37,93
64,04
91,23
43,68
36,77
81,64
65,02
10,23
21,79
19,04
59,80
12,29
04,92
24,36
76,84
21,01
16,28
51,43
05,11
14,53
09,39
33,07
43,61
22,67
10,26
81,00
80,73
56,89
03,29
65,28
14,22
41,32
06,79
65,47
83,07
71,15
70,88
06,98
96,69
28,58
05,80
80,29
74,72
30,60
13,76
21,59
76,88
61,40
13,75
59,10
42,71
38,03
87,30
94,28
89,21
76,15
06,45
52,22
08,76
11,35
53,88
37,17
07,38
62,08
92,98
04,22
53,87
03,83
80,07
58,02
98,16
80,58
64,24
56,56
40,82
42,31
00,93
39,59
61,82
95,00
09,62
29,70
31,37
74,76
33,08
57,73
41,89
16,78
46,85
31,22
43,32
49,33
04,06
37,75
84,05
02,21
06,97
02,96
94,57
72,47
31,32
37,78
92,61
69,17
40,03
05,06
21,07
24,88
64,71
98,17
80,72
08,51
62,90
89,51
65,09
18,37
87,39
06,99
40,36
95,03
54,34
26,54
87,24
32,90
22,59
49,40
69,67
58,19
59,25
63,01
32,32
67,42
02,42
71,23
34,20
34,95
75,65
55,60
46,73
84,10
95,92
53,14
43,22
24,54
22,86
88,40
56,12
40,30
03,92
70,34
76,97
32,81
13,96
66,35
22,57
30,23
45,31
12,40
95,78
49,70
91,52
57,46
46,27
88,19
32,04
56,98
06,14
17,86
95,01
13,93
95,79
21,80
79,73
44,33
72,33
74,39
56,60
01,43
66,13
64,74
00,76
82,85
10,25
85,42
61,17
12,23
97,28
93,71
89,30
87,23
74,25
91,86
16,63
46,10
21,05
30,79
93,51
34,80
47,52
42,56
03,12
78,81
96,14
17,37
26,09
77,16
90,01
86,73
13,43
57,99
68,03
60,26
53,64
65,29
97,03
49,40
00,86
90,59
49,94
62,77
96,70
50,65
87,18
05,17
86,34
20,98
14,03
89,74
93,40
82,83
04,96
29,56
09,47
98,83
52,56
46,97
23,98
25,12
21,38
03,85
01,92
04,94
29,64
59,30
05,79
34,69
64,50
77,01
39,17
62,84
40,94
84,56
01,36
03,41
09,51
37,25
94,73
72,90
54,32
96,94
92,80
41,59
02,88
28,19
85,19
41,98
00,34
20,56
23,43
52,92
23,83
20,79
01,70
77,25
22,05
04,33
98,64
37,70
87,90
30,52
54,93
04,39
24,60
70,28
18,16
13,90
47,48
25,28
91,42
87,43
65,54
73,15
58,34
54,64
47,68
78,17
38,91
94,00
82,80
42,63
38,23
74,40
47,75
57,18
94,11
13,61
55,78
14,75
42,27
10,72
10,96
49,23
84,00
19,31
37,00
67,34
66,14
83,34
14,77
68,23
30,53
59,90
11,28
12,37
34,07
45,15
52,52
96,09
13,45
88,41
59,40
04,70
76,40
27,20
16,07
45,83
24,49
76,61
40,59
84,65
90,54
60,70
76,19
52,27
36,23
78,79
13,50
62,19
08,40
36,88
19,42
35,82
38,37
38,96
65,42
86,84
40,92
09,07
84,96
83,48
17,16
50,37
26,74
93,57
95,48
73,18
28,59
48,04
76,24
18,83
67,17
03,15
62,06
77,81
95,77
58,09
31,28
82,34
27,10
05,94
15,64
33,40
86,46
92,23
12,93
95,02
15,05
84,88
01,06
36,09
45,27
62,78
74,11
72,23
75,22
37,27
81,45
31,59
95,95
96,74
88,72
53,53
20,50
91,66
68,82
65,77
33,34
33,76
66,10
42,74
56,48
62,79
63,57
10,99
03,35
56,58
40,04
16,33
74,31
61,46
82,94
58,46
62,56
37,97
02,96
15,86
69,51
58,90
53,53
24,98
96,46
64,28
83,74
68,19
09,98
84,77
81,65
01,93
16,44
66,00
04,22
97,73
75,81
91,05
49,04
48,31
81,13
75,10
42,36
19,93
39,83
23,47
81,06
20,37
24,61
78,95
12,62
31,74
47,70
73,01
93,62
60,87
54,62
50,03
25,98
50,79
32,29
15,93
15,38
19,14
76,74
61,94
84,76
51,46
70,36
40,12
29,83
57,61
59,33
31,15
47,09
02,22
54,99
35,79
08,55
72,24
23,47
34,70
35,61
13,76
51,27
94,95
04,59
34,15
48,39
00,75
04,01
45,78
55,02
38,92
36,76
18,37
14,01
68,66
70,21
29,71
76,74
75,01
93,34
96,49
15,61
68,90
82,38
02,41
12,96
55,13
21,46
96,68
33,81
63,20
76,25
68,78
78,77
80,79
82,20
51,30
42,26
48,66
40,15
35,87
26,09
76,00
06,16
98,06
76,84
23,45
02,92
70,79
50,04
32,80
51,91
11,49
13,21
52,80
98,61
96,59
73,42
85,53
70,80
51,22
12,00
97,09
88,51
21,02
64,26
89,10
30,89
86,24
41,98
82,23
24,03
46,55
06,83
84,84
32,94
18,20
84,10
23,86
95,39
38,29
52,60
91,69
53,95
96,35
70,06
41,80
13,26
19,69
16,07
61,72
74,38
38,78
19,97
27,02
76,69
30,06
78,50
71,44
82,24
57,04
76,16
34,87
66,95
77,31
32,87
53,23
65,70
75,21
56,19
28,45
51,31
53,50
71,58
78,90
31,77
92,07
53,74
95,31
77,70
00,03
04,89
54,15
14,29
06,93
76,83
08,83
22,78
45,68
59,91
83,60
59,22
26,33
04,50
00,18
88,93
57,69
98,79
18,49
02,15
21,54
78,98
77,35
94,28
61,61
59,32
90,29
65,25
92,69
96,09
04,90
80,59
34,80
90,13
03,81
59,26
65,83
35,17
03,49
36,62
79,47
65,22
26,60
49,18
30,43
43,84
75,08
24,57
26,01
68,45
12,66
21,78
89,01
93,57
42,49
41,37
16,68
97,32
45,72
77,15
89,83
42,66
40,80
61,08
81,09
32,08
75,77
18,69
39,00
76,18
34,69
35,82
06,13
49,94
06,43
12,58
32,35
31,97
29,64
53,60
35,91
06,18
32,42
52,35
56,94
07,72
95,67
84,34
91,29
90,15
61,19
48,23
37,00
15,84
40,07
56,84
73,89
40,55
47,51
09,45
28,75
41,51
75,27
44,36
82,51
69,56
25,57
10,47
97,36
03,12
90,67
64,26
87,58
37,61
33,81
52,97
27,97
30,10
13,31
11,74
20,05
77,94
53,70
59,15
37,63
12,79
04,61
74,66
67,63
54,15
08,96
58,43
16,48
76,85
57,36
20,98
06,49
10,46
95,17
60,74
98,47
95,28
67,05
32,30
83,82
37,32
50,62
25,13
40,69
39,24
90,00
39,59
51,75
78,75
63,84
60,04
62,85
23,08
30,81
86,00
06,62
34,29
97,33
26,82
81,57
13,26
06,30
09,38
79,52
38,61
75,13
19,12
40,59
86,22
83,85
28,90
08,73
34,21
40,58
48,26
04,01
66,29
96,74
82,95
45,33
54,58
09,22
60,88
90,06
72,12
66,09
47,14
15,16
85,88
58,62
54,19
51,18
60,30
01,29
16,06
17,96
83,03
33,78
78,86
13,43
43,27
54,11
55,20
32,29
47,63
53,33
43,26
52,21
10,44
46,01
42,18
75,58
01,24
56,54
49,61
68,19
91,30
86,07
43,16
19,45
08,93
21,99
37,30
65,73
38,88
61,77
11,98
66,14
36,96
38,41
08,30
70,16
07,86
66,51
00,63
45,56
47,26
27,06
55,60
33,85
72,18
90,50
14,95
73,56
62,90
28,49
33,99
06,77
10,91
98,51
60,62
87,20
62,70
11,78
24,58
80,05
24,81
58,58
57,96
55,17
82,80
69,51
96,05
31,86
01,80
05,62
22,01
12,75
36,73
05,94
68,31
15,35
23,25
50,69
38,01
85,85
77,38
23,33
09,23
89,70
75,79
73,10
82,06
00,03
71,79
78,32
41,53
82,47
27,19
45,87
58,82
70,55
51,82
58,74
41,98
09,64
58,33
88,06
56,40
50,93
63,02
85,35
37,58
17,34
85,38
56,06
51,71
63,45
37,23
69,33
49,32
21,83
96,77
93,85
07,17
38,60
41,83
57,49
39,69
41,47
87,50
23,75
37,27
55,47
95,57
50,71
50,99
60,63
79,89
37,31
51,61
39,57
52,56
84,77
52,24
72,76
51,75
23,19
87,29
71,50
80,57
01,80
27,17
83,18
13,78
41,34
93,75
10,50
08,01
48,05
68,45
75,17
07,43
22,69
36,55
32,89
95,11
92,45
70,46
66,56
17,63
65,28
23,61
46,80
68,11
37,47
22,93
12,76
17,22
49,48
82,86
28,72
11,61
58,06
52,45
30,07
87,79
91,66
37,44
84,89
07,34
22,65
75,67
51,61
91,49
14,65
47,85
55,35
84,90
48,67
42,51
33,23
75,76
96,69
39,55
87,39
95,41
11,97
88,99
69,23
44,28
39,69
21,18
65,64
34,02
11,97
43,22
00,83
28,48
52,17
56,14
67,87
75,63
57,68
29,87
05,67
33,34
47,03
61,40
80,56
08,55
35,76
81,99
18,67
49,52
08,14
27,66
04,56
52,55
57,16
60,18
17,22
51,80
50,25
92,21
16,48
23,92
16,35
15,31
60,41
27,60
08,91
19,26
88,64
71,28
92,82
67,37
85,83
04,93
05,28
43,43
69,72
93,19
88,49
85,20
86,06
73,99
89,92
07,75
69,46
22,09
73,31
71,06
25,01
25,49
64,23
88,33
24,92
15,79
84,10
00,36
66,63
35,20
08,85
86,62
23,36
18,73
12,33
70,05
30,63
87,28
93,29
36,75
11,59
60,75
49,58
56,40
83,38
11,63
47,65
49,59
21,42
12,94
04,71
72,22
43,98
55,12
88,16
12,41
85,51
19,94
89,03
87,78
56,23
50,47
63,83
85,20
32,79
80,75
48,13
59,90
55,92
23,14
51,60
88,19
70,30
46,79
77,89
63,00
41,83
52,54
08,60
57,99
13,99
43,98
57,09
39,13
15,21
00,49
75,53
17,53
05,87
62,92
88,54
95,29
61,68
41,44
80,30
98,61
35,71
60,45
19,57
24,34
83,85
83,29
83,24
02,73
64,96
59,31
92,42
17,62
05,01
52,55
67,74
77,62
01,68
54,47
48,84
07,91
01,80
73,14
73,10
74,52
86,65
54,48
76,95
56,30
51,69
87,40
11,76
91,23
97,99
17,00
83,04
63,24
85,55
76,69
22,42
13,39
62,94
56,09
33,07
78,76
80,83
83,92
56,66
28,59
42,48
37,13
73,92
36,65
49,06
56,87
94,88
60,25
44,23
75,50
60,61
39,03
94,53
51,00
35,98
52,21
54,56
15,16
21,25
65,74
52,66
68,24
12,93
89,86
07,97
46,93
47,15
86,34
23,20
20,94
30,07
60,80
31,13
97,06
01,53
92,67
69,27
37,90
20,94
68,59
37,14
96,45
58,82
89,40
51,07
67,23
63,98
65,21
46,96
97,52
42,27
05,81
92,54
32,48
23,25
63,92
65,96
22,58
07,57
11,89
26,37
41,20
84,20
41,97
51,11
40,34
89,58
63,40
48,34
70,87
15,93
53,26
34,31
17,78
30,39
00,57
84,55
67,03
65,71
06,77
95,80
83,50
19,38
64,52
53,23
26,87
79,51
76,57
05,55
07,45
45,91
37,57
59,21
62,60
01,86
60,55
58,39
76,45
38,85
89,07
79,16
67,58
81,36
89,27
98,96
31,95
23,06
97,36
07,15
18,72
24,55
61,60
93,82
86,13
42,59
84,10
64,22
92,88
28,09
59,92
88,49
38,02
21,10
65,90
16,04
96,18
11,29
62,23
85,00
60,31
51,91
29,13
23,68
07,43
28,60
65,24
04,33
20,25
50,60
65,37
37,25
95,17
15,52
74,47
21,86
63,51
04,95
36,77
12,91
82,89
16,07
35,85
04,65
67,03
02,94
46,24
90,32
29,59
84,77
06,31
71,23
46,27
35,83
42,42
90,78
73,65
70,69
93,40
62,14
63,39
93,66
81,80
96,51
73,66
11,20
15,97
90,42
88,10
05,65
23,24
35,82
06,74
06,33
43,38
09,86
90,44
87,35
29,03
84,09
29,44
53,89
46,75
19,66
74,66
17,59
04,12
52,88
22,29
52,85
53,34
94,76
85,75
26,43
90,06
22,63
47,62
09,50
76,92
15,11
46,70
84,78
98,04
44,59
07,11
10,48
90,82
09,53
02,14
38,38
46,79
29,10
77,28
46,72
45,07
74,92
82,18
89,28
36,38
71,29
60,91
93,76
51,59
16,17
19,55
62,97
89,21
04,91
73,94
87,09
94,62
98,73
58,21
81,89
20,58
68,73
62,57
49,54
33,70
52,89
67,33
43,90
19,84
40,76
25,44
58,61
97,82
34,22
35,07
81,02
73,80
61,30
69,08
63,58
14,81
41,66
92,55
40,38
51,96
54,52
43,23
81,65
92,77
61,19
25,13
14,34
20,92
29,05
12,50
40,26
71,34
60,14
34,75
11,17
82,80
97,80
73,51
42,76
00,02
70,59
86,91
50,64
47,54
72,08
31,60
76,75
00,85
31,28
51,71
13,61
65,61
93,59
69,66
90,76
54,19
72,13
01,85
84,32
06,33
30,92
02,59
03,36
80,31
69,23
55,64
75,02
44,79
44,66
81,64
25,61
20,17
94,88
68,35
06,14
94,31
97,21
01,44
19,46
39,54
46,03
94,44
83,13
02,67
68,95
14,63
05,70
15,29
26,33
92,57
17,66
79,60
88,27
64,29
98,38
61,56
12,46
43,36
41,88
62,50
14,69
96,60
48,88
17,12
33,55
90,39
48,84
97,01
09,10
87,51
92,01
97,15
37,82
42,71
49,26
08,14
90,68
25,21
59,86
86,24
31,80
77,14
11,40
92,10
70,25
15,83
89,34
18,27
12,77
47,93
46,51
50,84
86,06
11,55
37,43
66,62
32,16
83,56
46,32
42,14
13,06
71,09
88,75
65,71
59,15
26,83
81,34
21,72
01,43
08,27
15,98
00,96
31,71
51,50
23,09
13,53
68,80
81,09
23,15
56,57
11,85
61,13
45,52
09,46
61,41
42,54
87,86
23,68
89,65
54,81
23,11
06,03
37,19
37,06
88,92
74,02
02,59
06,06
25,54
17,60
59,46
20,39
61,09
77,83
45,02
03,99
74,85
29,53
97,81
48,22
41,76
15,85
16,92
44,48
28,58
77,02
64,28
41,86
88,82
00,64
14,33
72,09
81,14
66,68
37,92
39,91
83,16
31,37
57,94
06,87
24,53
71,12
62,39
88,54
43,24
27,09
35,82
10,29
87,20
69,94
15,13
36,94
21,03
14,98
75,35
80,94
56,43
16,13
71,28
24,00
59,14
77,99
97,64
75,76
47,87
42,54
33,44
91,40
20,76
87,14
06,20
89,05
72,83
54,10
79,79
55,48
19,97
60,13
05,55
57,22
34,55
54,88
63,28
03,68
26,46
33,13
75,95
56,32
26,65
10,10
63,00
23,51
15,62
39,97
30,68
11,73
40,28
47,84
62,75
74,07
79,72
26,00
23,27
39,50
91,93
47,97
22,43
43,89
39,52
43,37
10,79
89,23
26,60
66,51
48,95
63,42
01,49
10,47
70,07
58,51
58,10
98,43
01,69
76,47
63,64
25,88
23,46
88,30
63,52
82,81
70,54
75,47
70,50
73,97
23,39
80,81
30,14
88,63
28,38
54,33
45,76
63,02
07,96
79,65
18,32
50,61
32,24
44,25
74,74
72,56
23,40
09,38
09,21
33,07
31,63
28,80
17,54
18,18
67,92
67,82
30,36
44,62
14,78
54,10
52,57
46,15
17,34
20,56
86,26
35,05
81,73
82,86
05,96
24,50
19,69
27,67
39,80
37,88
50,60
56,77
00,85
86,45
87,54
14,49
10,99
50,37
11,38
62,33
35,62
48,32
17,65
68,04
03,34
60,00
98,09
25,16
84,68
04,28
00,38
09,41
66,91
56,65
52,18
65,48
63,23
68,67
28,97
79,16
54,79
92,97
65,58
98,14
12,17
33,62
05,36
44,55
34,70
83,84
60,63
57,49
92,07
31,30
88,47
02,28
65,75
50,73
33,84
72,99
98,86
47,99
62,99
36,90
55,66
56,40
56,34
45,24
20,69
22,77
95,97
78,08
42,04
90,31
33,33
76,95
12,12
11,60
26,01
37,56
78,44
90,63
42,87
69,96
67,49
21,04
96,63
34,25
19,28
16,77
19,98
91,34
96,23
31,81
31,25
45,99
17,90
09,70
51,72
67,23
38,53
64,14
04,79
33,82
02,28
09,62
98,78
60,83
80,41
62,37
62,83
25,80
81,30
06,78
62,86
39,86
62,28
94,40
08,86
67,74
96,47
47,18
54,71
43,29
70,53
98,95
23,09
72,44
24,47
30,95
49,57
98,14
68,62
22,65
23,73
19,16
89,13
58,26
22,67
53,76
12,86
25,49
63,82
89,49
60,44
24,16
97,74
20,84
41,70
62,07
22,10
52,96
14,85
58,85
68,73
48,00
55,36
51,82
39,22
12,81
05,01
68,96
55,42
69,74
07,06
93,96
07,49
93,00
71,58
26,21
19,26
95,19
74,11
10,03
11,07
38,25
74,78
01,30
48,96
37,84
00,70
95,15
74,04
20,65
35,96
54,86
82,46
96,19
97,23
34,28
73,82
11,31
21,11
23,06
34,32
46,04
69,33
92,41
09,05
49,93
09,33
51,95
34,80
86,90
91,99
00,18
43,75
08,28
15,53
86,76
16,97
68,63
54,55
89,41
71,36
42,02
68,93
11,68
90,81
87,31
55,34
50,68
52,03
79,36
69,14
81,91
98,97
19,14
02,29
15,76
25,30
85,41
61,83
26,96
40,77
40,56
61,69
79,63
11,97
94,29
15,40
80,48
06,63
50,08
59,13
44,47
43,73
15,32
86,00
88,12
71,81
89,61
20,10
04,64
89,08
36,90
