08,43
06,43
18,36
93,91
15,41
00,82
49,88
37,69
38,49
60,23
27,52
96,40
36,39
00,04
47,87
42,93
24,04
32,87
69,37
38,44
44,71
00,33
35,17
61,88
41,83
20,62
35,69
53,71
32,48
45,14
30,59
23,06
43,46
84,52
61,94
09,91
91,32
06,61
64,01
93,78
97,78
03,64
40,80
01,91
12,48
72,70
07,58
56,99
81,33
44,67
22,48
18,39
50,68
39,05
07,63
08,74
76,36
63,04
44,99
63,11
64,69
78,82
73,08
06,97
87,76
17,23
41,37
56,74
14,14
45,57
73,44
88,85
90,98
52,82
00,64
58,03
65,17
32,30
38,80
19,86
61,61
20,55
88,91
80,68
66,90
83,04
84,36
43,28
58,24
00,36
65,88
94,18
66,77
47,54
00,41
62,82
59,01
62,24
29,75
29,50
92,40
00,09
57,88
61,61
68,57
93,27
93,22
31,42
26,34
84,47
50,63
31,67
47,65
50,34
83,12
35,85
28,87
57,58
55,46
88,64
33,42
32,30
83,82
52,39
08,91
17,11
79,23
85,47
52,19
85,47
95,51
82,13
33,42
61,52
44,63
43,18
44,34
77,02
72,92
11,24
27,11
21,06
06,60
68,94
46,36
94,34
51,20
44,01
09,20
27,61
21,33
40,30
08,50
71,64
89,88
85,30
60,47
42,59
05,33
51,96
37,34
42,25
88,22
71,57
30,12
51,22
46,09
72,63
95,25
64,46
44,37
07,02
06,93
81,82
66,28
55,90
94,76
80,89
69,11
70,46
29,72
26,08
45,41
91,03
63,00
95,54
83,18
93,84
12,34
52,34
47,65
06,17
76,94
87,23
43,21
15,78
90,50
53,30
21,93
39,35
90,12
92,99
81,20
66,36
39,16
58,93
58,65
59,43
93,84
28,64
65,67
58,99
96,42
06,16
29,81
90,58
90,32
26,48
98,03
60,37
11,03
53,86
39,04
68,16
73,14
16,08
16,96
81,46
84,94
82,19
64,00
45,07
36,91
70,37
67,65
21,30
87,64
10,15
69,30
13,83
63,12
94,61
66,25
31,06
61,10
16,08
11,60
19,12
58,54
34,02
57,88
05,43
30,48
67,41
74,76
72,36
34,64
18,89
46,14
02,48
16,23
71,83
12,11
97,68
58,90
88,80
59,82
51,53
84,85
06,77
62,24
64,33
23,93
53,02
65,31
11,54
02,72
02,77
87,89
89,41
97,87
69,25
50,00
68,30
61,70
84,28
47,75
22,38
71,43
72,38
32,52
08,16
17,33
87,77
84,40
27,82
98,55
70,85
77,69
84,24
34,87
05,37
21,61
44,36
06,49
85,81
22,56
78,41
39,61
36,32
68,68
81,79
18,90
18,08
30,82
18,28
30,06
49,90
00,66
75,69
18,17
49,77
48,53
93,20
76,91
68,87
47,59
24,17
42,11
34,00
20,98
10,84
42,15
41,22
18,98
66,51
81,72
13,92
82,01
41,03
67,37
64,02
45,38
89,81
43,62
77,17
51,18
77,72
34,39
69,71
07,57
57,97
72,39
53,52
73,66
05,40
86,63
88,88
94,89
05,54
66,97
83,06
05,62
27,33
67,88
50,51
08,58
49,33
21,77
38,39
23,64
34,27
16,47
85,35
93,18
03,72
76,15
65,74
11,21
86,80
16,85
45,66
80,54
91,24
71,46
79,69
52,52
50,16
12,15
48,64
65,74
07,66
23,84
31,23
32,11
09,44
08,30
14,33
43,11
60,78
74,36
21,14
26,93
48,36
35,70
54,57
97,12
08,63
87,22
48,97
34,01
79,06
51,47
30,60
01,83
58,74
81,22
04,18
76,73
38,70
88,92
86,18
76,21
00,76
31,57
36,01
74,48
01,61
94,61
28,31
19,40
92,55
78,82
77,50
73,03
77,48
07,30
06,13
97,87
18,47
28,44
95,32
72,03
89,72
63,55
13,36
71,95
84,57
19,42
88,58
96,52
42,99
52,69
21,41
85,24
28,88
07,76
71,80
95,18
37,58
30,68
01,15
42,83
57,00
91,88
05,52
64,81
95,10
76,87
06,81
68,37
25,67
68,29
58,45
33,30
87,66
68,67
25,54
01,42
48,06
95,94
25,92
53,05
86,51
77,81
13,70
79,57
76,94
16,19
21,23
84,53
84,82
36,55
70,78
24,42
06,93
48,28
27,05
70,52
54,08
20,00
33,61
12,09
79,58
60,86
77,01
31,30
31,25
40,60
75,13
05,22
13,89
89,70
90,05
35,55
57,73
57,25
56,09
85,45
61,56
44,88
88,30
26,06
13,73
35,60
55,34
94,71
83,13
40,04
68,49
97,34
10,52
19,71
74,40
86,14
91,72
29,32
10,08
65,62
47,85
01,86
05,83
41,14
92,96
36,31
32,83
67,17
44,29
95,35
88,38
07,04
44,60
06,99
48,27
84,57
86,47
54,57
17,85
52,46
90,56
26,50
56,37
87,54
74,37
82,57
55,31
56,08
61,65
80,22
85,45
24,44
44,11
40,05
74,13
62,72
31,08
49,57
85,03
14,58
98,00
35,38
35,83
83,70
75,50
63,45
07,20
26,88
84,69
54,21
63,71
25,95
89,40
64,18
39,65
38,49
87,75
73,62
89,88
62,51
30,70
45,44
87,58
08,60
34,03
51,95
66,14
00,05
10,24
68,59
02,06
17,30
24,58
01,81
70,72
84,84
58,37
79,29
97,37
53,37
45,90
81,79
63,89
70,20
20,80
66,29
39,76
48,43
21,05
73,01
59,94
26,37
60,42
39,97
55,36
86,62
95,70
07,37
23,16
62,27
88,83
25,77
15,33
50,85
89,08
76,31
07,61
14,69
39,73
94,79
98,40
70,32
34,66
52,29
95,87
85,78
50,34
82,07
24,40
89,87
96,81
64,38
13,28
69,01
37,74
54,35
14,57
74,30
55,83
39,71
02,05
74,82
62,50
39,45
26,46
09,57
63,14
97,56
10,34
49,70
26,14
29,36
73,05
75,90
37,44
49,37
18,38
59,51
45,36
06,82
05,11
05,89
47,27
44,07
91,01
66,05
98,93
66,99
32,12
32,13
90,09
66,33
58,24
29,47
42,75
37,35
14,22
12,25
78,95
79,76
36,82
05,79
24,51
04,12
37,88
76,01
80,34
57,11
60,81
32,79
66,90
09,74
60,53
26,05
79,75
55,96
83,72
17,92
88,27
82,10
97,08
94,52
61,11
27,62
55,65
65,05
70,33
97,77
70,16
39,46
22,99
61,91
01,56
18,24
08,12
95,33
54,63
24,77
74,45
13,42
51,46
94,78
94,45
95,45
87,50
20,21
84,74
53,18
02,36
49,19
31,52
93,46
26,35
26,67
69,23
51,82
95,20
77,00
50,38
23,49
63,07
90,67
43,47
80,83
61,89
58,43
06,50
13,43
49,27
86,85
82,04
86,29
56,46
04,25
72,52
86,34
71,79
63,91
56,74
81,45
79,94
36,66
40,10
72,95
88,21
93,21
38,11
50,68
77,18
44,61
09,31
29,50
21,14
69,09
92,56
69,94
38,03
69,26
21,93
93,99
51,92
33,51
13,45
83,77
53,52
24,26
80,81
25,57
86,74
38,70
44,84
91,26
05,82
54,14
42,01
82,71
66,51
70,71
17,95
32,71
80,30
86,04
79,39
69,38
43,90
87,29
87,39
79,80
45,84
26,38
69,81
36,29
65,42
49,37
41,76
76,64
26,34
98,50
34,26
10,95
19,49
49,01
29,12
71,80
65,97
50,09
32,55
16,23
32,69
66,75
18,55
45,32
72,55
43,04
13,17
77,53
40,87
05,55
95,74
28,37
65,32
24,11
45,70
42,67
57,74
78,96
52,18
55,90
83,84
42,45
01,82
53,43
15,06
71,98
19,68
11,56
30,77
44,89
52,74
57,03
53,50
76,88
65,11
42,66
42,78
80,54
09,59
38,04
89,00
83,97
51,51
70,02
28,91
89,16
13,12
02,71
78,04
89,04
07,25
10,98
10,11
56,26
54,89
59,47
54,12
27,89
81,55
81,75
47,70
55,91
93,52
73,18
22,49
61,30
80,70
75,18
58,00
23,83
79,85
78,46
22,85
75,30
88,98
98,37
33,48
19,05
21,17
88,05
01,56
58,58
39,72
32,70
27,12
74,38
41,63
36,03
50,59
73,37
87,22
52,49
73,72
47,38
24,68
26,54
11,25
46,25
90,65
09,01
48,49
07,61
32,06
93,17
39,51
25,59
10,74
65,72
82,12
37,34
45,77
85,01
91,24
92,63
75,19
44,99
97,18
30,96
78,94
23,43
72,89
28,45
88,07
20,64
25,44
03,94
43,56
10,77
51,41
52,19
55,48
62,01
13,64
60,77
74,60
84,55
41,26
10,48
67,42
30,42
48,66
87,55
54,79
39,00
00,07
65,80
73,57
56,37
42,12
50,99
79,21
52,89
95,04
16,19
17,37
73,51
52,96
28,92
59,51
17,04
40,34
46,71
25,74
77,61
54,50
12,86
58,26
33,98
92,03
94,37
79,18
30,85
62,92
42,89
97,83
32,62
75,19
82,58
97,19
40,10
83,29
72,14
93,84
29,84
69,40
38,27
12,21
76,23
46,57
71,49
93,03
21,57
67,66
21,21
24,54
11,44
35,11
19,35
30,10
94,46
07,52
17,24
66,93
83,18
29,72
39,68
24,79
87,49
13,77
71,37
07,74
37,23
20,22
85,47
87,47
37,98
24,26
70,13
67,05
77,93
59,09
74,44
06,76
97,82
73,52
92,30
53,82
46,63
60,62
22,70
20,09
16,07
59,18
94,24
17,26
05,95
63,70
43,56
21,21
90,93
18,64
96,30
78,94
86,25
18,12
04,74
33,99
74,06
87,15
81,99
09,07
49,59
60,07
47,74
53,13
58,57
26,49
34,00
26,39
40,90
89,09
30,04
50,49
81,16
19,87
61,10
68,23
61,28
57,77
34,42
79,30
44,32
97,60
00,73
49,88
78,60
34,06
55,60
37,32
05,48
37,84
84,58
92,30
42,76
11,65
67,90
60,84
13,55
27,39
22,59
19,72
87,44
63,07
19,74
70,99
84,24
16,25
23,17
26,79
36,97
68,45
18,15
87,77
39,19
80,58
65,56
40,65
34,83
59,91
01,45
80,87
47,59
74,20
01,60
32,43
75,91
68,19
05,02
32,02
61,05
41,73
20,35
59,46
11,44
65,96
70,66
17,54
19,74
20,00
43,31
00,02
36,20
32,82
63,03
45,41
60,09
57,48
09,29
71,32
09,60
93,08
77,10
98,82
77,71
18,70
61,98
46,41
45,59
08,70
66,61
71,18
04,08
52,94
74,94
26,75
79,46
08,04
21,12
94,05
02,35
56,72
51,51
61,09
05,13
05,34
63,95
02,39
10,26
48,78
91,78
40,33
21,42
32,97
66,10
72,12
62,98
34,74
28,83
35,82
58,36
79,97
79,19
41,90
81,42
42,42
49,57
85,22
50,53
30,37
43,73
88,69
14,28
43,62
76,18
38,99
77,11
23,35
26,36
26,31
58,94
96,94
64,82
06,20
07,05
97,16
85,95
50,22
17,89
80,69
37,18
81,95
94,39
82,44
81,58
40,30
40,31
93,18
70,93
43,79
33,96
42,29
56,83
02,10
73,15
47,93
05,34
26,03
50,76
96,31
77,98
94,06
23,54
85,44
28,42
37,53
97,74
74,37
11,94
98,63
85,61
81,67
70,46
74,64
91,92
64,87
51,99
02,15
16,03
23,41
11,84
31,24
84,96
75,83
51,81
07,18
28,68
75,08
65,40
19,00
80,71
21,88
10,24
08,34
63,46
77,71
24,81
52,55
29,23
87,18
14,79
73,09
50,03
27,16
55,73
58,90
56,36
53,75
55,85
27,92
50,04
34,68
87,68
07,40
22,95
70,73
49,07
37,79
77,13
79,62
37,81
80,19
07,15
18,64
32,44
32,01
12,76
86,72
53,30
35,77
61,41
92,46
34,04
12,65
60,58
93,21
82,68
12,24
95,24
05,38
22,36
39,36
29,06
97,93
91,54
91,31
66,67
80,32
78,82
95,10
13,49
00,91
84,42
28,10
96,07
96,62
65,77
62,12
24,49
67,31
10,77
81,39
41,81
00,63
68,19
62,39
94,77
96,59
53,32
42,75
81,81
79,83
40,85
55,04
44,77
57,21
40,15
22,89
09,00
07,04
87,58
83,70
92,39
21,54
13,52
43,91
22,35
46,58
51,95
16,76
51,84
32,37
52,97
65,46
77,83
17,52
93,58
24,89
39,53
62,50
49,46
18,00
36,47
48,56
87,82
94,46
85,33
55,19
52,57
35,54
00,57
55,85
67,43
68,52
32,79
58,48
55,77
15,70
55,48
48,01
88,71
48,60
47,00
94,64
89,58
35,81
45,66
21,20
08,04
25,56
94,22
25,17
32,00
10,58
37,95
13,80
75,75
08,05
48,61
92,35
55,56
70,42
71,08
24,24
12,02
61,42
27,43
71,05
80,78
95,41
92,09
14,92
94,98
90,24
85,76
38,35
95,99
32,66
15,03
52,31
94,24
14,58
10,49
51,15
59,84
75,47
60,13
63,71
25,74
24,81
77,17
07,00
08,76
05,44
71,41
03,10
95,36
30,58
93,99
96,55
26,43
92,58
00,28
55,35
94,81
18,21
21,91
04,57
53,85
33,09
05,66
37,38
22,88
85,66
39,80
89,38
38,64
52,14
31,78
51,25
66,77
37,80
27,06
74,01
55,65
08,10
36,43
13,29
83,28
33,65
45,04
13,71
56,04
80,84
87,56
64,61
31,13
39,87
57,35
13,35
15,36
19,14
65,49
31,69
58,53
27,58
24,74
43,92
88,30
84,40
19,90
90,87
63,79
03,28
50,24
44,31
06,15
21,99
77,61
62,98
56,74
78,58
76,71
23,87
47,14
39,06
09,72
36,36
00,14
15,91
49,94
05,54
93,29
70,77
76,61
91,05
13,27
88,40
00,09
69,59
44,19
75,99
41,91
89,86
62,55
67,70
13,89
90,09
32,09
70,08
03,36
31,71
70,82
09,29
95,12
67,87
95,18
12,42
80,28
02,32
15,53
94,68
34,17
08,45
79,81
87,48
81,01
69,20
07,11
81,50
26,62
01,22
72,12
61,90
01,53
96,50
66,19
26,37
33,38
91,85
01,35
87,78
53,11
74,23
36,48
10,05
57,60
59,78
51,77
01,05
30,81
95,82
94,44
84,28
73,47
29,17
79,99
29,75
37,02
34,06
65,08
01,28
49,66
94,69
21,07
10,52
45,42
78,99
34,51
93,86
39,99
39,06
24,79
77,66
72,15
59,11
23,05
45,56
41,55
46,27
77,89
71,53
72,94
46,05
71,14
37,36
38,36
71,70
81,14
86,18
95,54
15,66
36,16
69,75
79,40
10,75
87,69
46,47
53,62
26,04
07,10
16,26
66,46
59,72
37,91
91,07
97,22
22,02
90,55
18,89
41,19
93,82
33,65
97,14
05,15
83,10
29,47
68,66
03,33
79,82
41,80
73,39
09,97
75,84
31,88
15,67
98,94
01,60
20,51
05,14
45,67
72,30
53,14
89,09
62,18
78,54
01,27
36,36
75,84
49,86
47,63
53,05
85,98
02,62
80,98
17,78
27,26
85,73
67,09
98,39
74,45
03,69
05,59
48,73
56,00
06,76
97,73
61,66
96,11
43,11
31,90
02,13
17,52
54,48
47,96
21,98
30,23
93,96
26,64
06,93
06,43
90,55
26,39
05,41
86,76
35,28
23,91
25,73
94,75
40,83
84,36
16,21
43,73
89,21
41,69
56,61
94,97
44,01
08,28
54,88
21,03
80,96
51,86
37,28
01,18
82,28
68,40
06,10
90,09
83,88
32,96
40,01
04,11
84,64
91,84
95,83
03,74
86,22
59,74
83,10
89,78
32,80
93,08
68,12
58,24
04,15
12,18
97,73
48,17
20,66
77,06
08,57
65,39
04,36
95,43
19,54
50,13
44,99
20,83
24,40
70,15
35,15
20,95
98,24
94,31
22,62
74,22
74,49
39,14
63,85
69,85
58,08
16,93
59,44
54,92
79,98
27,02
67,99
57,06
23,94
98,77
30,92
11,23
74,30
75,57
40,66
60,97
14,55
51,47
33,91
86,03
77,50
15,97
96,81
75,58
75,88
31,10
27,02
19,93
97,57
62,64
00,52
24,30
83,88
25,77
70,81
41,65
91,86
42,63
31,57
15,04
51,96
27,53
29,59
67,92
43,94
79,35
85,61
48,12
22,02
57,79
96,49
00,72
38,41
30,24
65,04
96,21
27,90
31,30
63,24
73,38
43,59
51,57
88,16
15,24
51,45
62,12
32,74
24,04
27,07
35,59
59,38
57,10
14,69
