33,55
11,87
98,14
55,96
14,93
46,21
82,12
30,87
35,98
52,47
73,67
32,69
47,33
81,32
04,67
92,56
35,36
02,71
71,49
78,64
35,43
51,16
71,36
83,62
50,42
58,53
69,91
04,07
64,21
38,56
00,14
33,88
42,86
95,48
26,29
31,82
91,81
67,32
46,39
31,65
03,11
73,84
06,53
11,19
34,86
39,43
87,29
64,51
25,45
95,89
10,33
54,37
74,10
82,61
95,89
64,01
48,25
04,29
15,22
15,74
76,00
21,45
65,48
61,72
48,42
19,32
94,55
10,85
21,08
76,40
43,53
92,10
19,24
76,48
93,02
38,90
87,48
68,37
68,52
96,20
75,37
05,85
51,34
64,07
52,73
74,69
25,16
05,94
63,47
45,98
22,14
54,99
77,84
61,76
53,05
15,72
61,85
22,29
23,25
01,22
12,26
04,51
88,70
82,46
09,12
98,39
07,93
49,48
26,15
47,66
17,37
96,41
92,64
93,57
53,63
36,11
55,20
90,22
54,34
11,25
87,36
27,53
05,49
92,85
22,75
80,84
10,35
39,37
18,26
24,05
13,55
68,05
57,08
59,01
80,49
52,33
89,54
07,22
61,40
83,83
45,20
90,99
78,76
24,93
26,22
44,28
73,73
20,81
67,18
76,23
04,96
19,35
77,83
36,37
37,10
03,47
13,21
18,52
04,73
13,21
18,39
56,66
87,77
24,18
75,81
94,06
84,94
97,79
25,75
86,61
50,44
36,56
72,75
71,41
70,61
13,35
22,12
04,49
15,31
91,62
35,76
38,86
17,21
82,66
22,23
12,17
01,77
15,93
70,05
63,60
29,90
83,99
01,56
28,02
48,55
36,60
88,22
94,94
50,15
55,16
98,55
63,36
16,27
21,10
46,96
62,35
95,72
15,52
09,66
60,80
95,67
72,92
52,85
45,01
78,99
72,82
24,79
73,31
69,88
02,76
25,02
18,25
36,19
30,48
37,37
05,05
56,65
69,73
13,40
93,02
40,81
11,62
16,17
40,25
36,32
66,65
18,99
11,23
89,45
76,81
05,56
40,43
49,95
84,61
68,36
50,72
74,81
05,60
22,88
76,11
06,85
80,23
32,11
73,07
84,56
40,16
48,11
26,63
45,59
46,31
88,27
06,55
02,35
48,47
28,87
67,65
41,05
37,81
82,72
32,01
85,06
34,13
46,72
29,55
43,13
22,50
24,05
51,32
57,26
93,63
23,03
89,85
91,31
45,40
14,68
22,89
30,37
25,57
50,94
40,24
52,00
33,20
23,88
01,17
44,89
09,25
88,36
36,91
51,45
74,03
32,17
29,32
08,87
32,69
48,81
25,33
22,75
53,34
12,23
58,34
48,42
31,80
64,62
05,47
77,97
25,87
28,25
91,40
23,87
54,42
28,83
61,39
75,70
55,80
67,40
83,20
58,96
84,52
21,85
93,45
45,40
63,71
33,78
40,48
94,15
77,46
85,54
08,69
86,40
45,73
63,14
02,13
63,89
89,46
10,43
60,10
66,35
65,32
54,14
97,46
45,49
12,54
24,28
60,83
63,58
36,30
09,91
14,63
48,94
35,42
27,99
84,65
46,65
34,14
36,31
08,16
32,73
05,47
98,74
41,91
81,92
15,70
56,10
55,26
62,61
49,40
54,86
00,23
08,15
30,83
15,76
32,17
59,83
83,40
59,67
74,45
17,21
53,64
00,94
44,88
95,24
26,02
09,43
22,40
40,63
71,18
96,62
72,85
32,41
76,79
29,19
93,90
24,42
03,02
51,41
89,66
20,46
52,48
68,94
51,79
31,41
39,88
17,74
66,72
95,41
64,60
82,51
40,94
26,16
34,21
01,74
83,37
44,28
94,36
19,24
75,55
14,01
65,63
37,06
98,08
18,09
06,27
71,13
88,26
42,98
71,36
53,01
49,53
28,57
81,10
59,04
33,81
96,50
21,14
15,75
89,96
52,22
94,90
34,37
60,24
29,14
61,39
55,29
84,76
15,16
44,27
39,00
29,44
18,98
78,42
18,75
12,35
45,65
00,10
60,58
75,05
55,15
36,07
92,89
51,98
20,37
61,42
56,41
80,92
72,70
92,01
06,07
62,73
28,96
20,17
43,51
82,70
94,83
16,69
86,11
62,93
40,13
54,93
78,68
36,34
64,28
37,50
50,49
76,86
47,58
34,96
76,43
31,41
60,15
08,83
43,20
17,39
18,47
89,24
31,39
04,64
37,65
69,92
41,98
00,94
81,01
70,98
48,38
19,03
34,51
37,76
21,74
30,81
26,76
28,19
04,24
56,98
31,01
53,51
17,53
88,95
98,40
53,16
76,22
82,77
60,89
75,96
47,21
17,61
10,16
86,72
30,43
65,29
07,54
97,32
76,79
82,42
03,28
79,98
39,75
72,92
29,39
11,14
38,07
63,88
41,92
49,65
83,05
81,97
09,16
67,17
31,99
95,33
11,74
83,24
51,69
55,96
10,65
01,54
83,92
54,81
45,81
77,85
40,83
85,79
88,00
04,49
29,73
85,48
28,62
11,06
30,68
09,54
94,70
79,66
37,30
91,42
26,46
82,46
68,95
34,41
64,92
16,47
16,07
40,99
51,27
88,62
11,12
47,00
81,62
44,24
52,47
63,13
64,87
92,57
78,20
75,12
55,77
83,11
74,49
40,24
66,18
18,18
51,16
32,66
63,62
85,74
41,81
09,54
29,68
81,88
94,16
72,21
32,70
28,57
03,06
36,95
82,32
38,74
85,35
23,64
67,07
16,96
79,29
34,09
43,75
95,79
01,77
84,55
54,13
03,47
61,60
13,73
53,33
34,03
68,59
03,56
90,79
29,30
18,57
16,94
72,48
35,60
01,89
60,76
24,91
42,43
67,01
58,71
35,29
05,13
64,63
46,66
95,37
54,08
58,03
67,72
69,36
40,03
47,33
88,65
26,04
33,56
54,51
18,71
35,48
76,40
31,93
70,79
91,73
55,51
25,52
84,46
35,36
28,83
89,72
60,24
75,57
50,25
79,20
65,43
96,72
84,12
49,12
20,92
81,69
17,68
06,15
52,46
41,46
41,86
97,99
89,02
63,10
05,84
98,41
46,23
72,58
84,31
39,66
37,49
97,89
71,27
85,55
43,31
66,09
37,07
95,68
45,78
06,51
66,63
83,38
44,91
34,25
47,38
35,25
65,17
95,53
17,28
50,38
62,81
92,70
88,11
68,71
44,74
86,18
90,77
13,83
24,02
71,34
75,89
37,42
40,64
42,59
79,41
85,26
94,11
22,17
40,72
90,16
48,26
11,48
23,47
02,72
83,28
31,22
07,15
21,77
15,61
59,88
63,51
40,86
88,70
43,47
63,81
18,47
25,69
45,84
11,09
06,98
96,49
38,32
33,98
35,48
66,95
66,51
42,68
94,52
53,64
27,03
65,36
06,55
23,00
76,93
85,61
64,49
63,49
61,06
17,24
41,52
43,12
69,24
43,42
81,01
86,65
69,45
02,88
89,36
93,45
48,52
62,87
17,86
38,65
60,62
14,56
53,93
87,55
56,15
69,45
17,74
12,40
60,95
48,83
87,52
40,05
21,50
01,27
61,59
81,46
78,41
94,81
20,03
08,43
39,35
17,58
92,21
55,67
07,98
66,54
74,24
09,08
12,44
82,27
83,04
80,60
14,41
81,83
92,57
19,41
97,88
30,21
61,87
26,81
71,80
30,06
69,26
04,36
55,39
61,22
24,71
95,08
37,06
68,84
54,81
29,79
74,67
46,94
96,19
38,90
75,07
51,54
98,27
54,62
41,26
21,10
30,32
73,93
90,20
70,12
26,62
08,51
65,78
89,77
41,21
34,31
11,46
65,60
73,24
93,60
77,35
03,62
28,31
92,91
31,50
47,40
26,41
85,63
68,59
44,41
27,21
50,98
23,27
12,10
38,19
97,29
30,52
52,09
89,02
68,78
55,86
63,50
22,16
44,75
26,31
76,23
92,93
90,06
95,03
71,99
37,92
32,80
85,50
22,76
21,35
89,61
67,40
18,65
26,22
37,78
21,43
47,23
63,90
30,24
07,22
15,57
55,24
64,50
90,80
05,92
40,09
24,65
29,36
09,15
85,28
96,68
73,57
62,72
31,31
34,49
94,79
88,76
66,05
76,69
18,84
20,43
78,72
47,19
54,66
70,61
17,04
75,58
86,16
19,03
94,97
13,53
87,97
21,87
63,96
47,59
05,61
21,02
73,93
41,03
88,28
48,53
32,07
72,86
90,51
82,86
13,83
76,57
44,84
71,29
04,82
36,84
19,56
70,07
83,49
18,93
23,35
41,61
13,39
95,62
44,87
72,71
01,59
38,93
59,10
84,73
17,69
34,31
01,09
30,10
89,00
18,67
03,09
81,21
77,23
06,07
29,71
68,98
43,88
15,83
79,65
05,37
40,76
16,48
27,12
14,72
27,86
21,09
67,36
86,61
88,53
96,34
97,03
25,04
63,52
73,11
89,46
82,57
20,77
62,05
55,41
63,41
05,16
38,70
84,15
46,51
61,57
64,23
20,99
13,10
92,34
73,11
00,15
46,49
32,30
81,16
89,95
79,63
41,85
28,37
15,70
80,17
10,34
03,31
88,43
64,98
04,07
62,46
04,83
68,23
69,58
98,85
24,96
81,81
02,74
73,47
73,46
31,90
90,13
91,06
08,80
53,64
45,82
63,08
52,75
89,94
55,18
53,10
09,08
24,69
50,81
93,14
19,73
34,19
89,79
14,28
51,95
60,77
39,66
09,01
79,18
49,41
16,25
48,11
92,22
32,52
93,38
19,08
41,19
10,11
07,18
62,55
08,32
91,91
75,71
76,54
50,02
58,62
81,56
23,25
95,41
04,61
51,59
93,36
76,01
45,44
74,33
77,98
80,01
79,82
73,34
71,08
68,77
90,82
52,18
75,10
50,47
28,70
12,65
49,78
19,94
96,00
83,84
73,05
89,26
27,31
41,94
98,41
01,13
17,55
79,90
96,25
70,70
67,79
17,53
00,31
68,92
69,79
45,89
90,67
23,80
42,28
01,81
94,63
52,98
45,17
28,28
67,19
98,21
58,68
28,35
07,00
59,72
36,22
47,55
49,30
87,54
17,31
10,52
46,49
74,04
16,29
40,55
60,94
72,45
76,01
26,18
72,02
36,06
18,23
56,71
18,44
09,27
92,37
47,44
60,45
12,86
01,82
86,96
09,81
74,29
17,03
90,62
01,18
10,76
10,53
17,25
83,02
34,60
69,17
03,80
33,03
87,49
54,90
26,15
75,80
00,35
44,83
15,73
81,51
62,39
75,62
86,90
44,26
86,88
04,53
25,84
61,02
28,48
67,28
31,87
90,24
04,84
57,34
95,76
48,40
23,97
72,01
77,30
95,37
17,49
52,44
72,52
56,92
17,63
74,81
48,74
92,03
75,65
13,75
61,25
54,73
01,11
54,20
26,74
46,77
05,02
00,20
24,31
05,19
05,98
71,31
09,41
34,07
80,97
78,74
75,86
28,65
86,24
07,86
74,16
21,13
63,79
33,13
95,55
17,78
34,55
73,40
70,65
93,39
39,16
40,11
81,66
43,26
11,30
58,80
79,74
93,87
97,31
05,46
15,94
40,52
23,40
89,93
26,96
50,41
67,14
29,20
17,10
64,96
75,44
17,07
31,83
17,60
51,13
38,72
00,47
51,69
68,40
45,27
30,07
63,86
57,03
19,74
66,42
20,77
31,29
87,90
02,45
69,95
16,53
22,36
92,58
10,49
08,27
03,11
89,89
19,93
21,35
35,53
98,83
36,21
38,16
26,79
97,06
05,31
37,63
45,87
08,78
00,73
93,40
47,33
89,47
78,98
67,36
27,43
30,01
02,23
68,82
55,36
52,01
21,01
67,37
30,04
29,42
25,34
33,91
67,18
66,30
93,56
50,07
63,24
66,46
05,69
96,26
23,45
14,21
25,42
22,91
91,88
14,99
95,21
40,50
90,61
17,69
25,95
42,39
87,99
90,15
88,87
20,92
34,91
77,47
29,42
88,89
09,54
62,47
67,73
46,51
27,00
71,49
28,99
87,87
95,99
15,01
80,49
81,08
12,65
11,03
27,89
31,05
14,93
79,34
76,73
31,83
56,85
81,83
41,50
77,63
71,27
75,73
42,86
13,53
34,42
21,84
14,47
44,79
92,42
07,61
19,14
12,97
34,98
85,25
36,91
97,88
42,91
09,43
97,50
83,50
03,79
26,00
80,42
20,10
11,07
54,39
28,96
45,94
35,76
82,86
83,52
10,61
07,70
50,58
74,81
72,89
91,89
52,90
52,69
44,35
41,11
87,61
08,02
93,43
10,70
88,83
67,99
98,92
66,65
26,77
27,32
38,67
19,41
49,57
08,13
14,49
27,88
28,24
45,09
03,68
93,15
98,99
22,41
54,44
32,83
69,86
71,94
19,69
00,23
25,74
29,89
91,16
40,98
01,66
89,66
46,65
15,38
28,69
15,62
19,44
45,13
21,91
06,79
28,54
30,39
94,08
47,95
64,13
73,99
00,56
19,16
76,96
63,70
65,78
54,17
70,07
59,36
60,37
39,05
80,95
46,72
59,12
10,94
54,65
32,24
98,88
49,85
46,05
57,04
02,97
42,41
71,19
48,11
18,23
00,35
15,11
14,75
89,43
42,86
30,23
58,30
78,41
56,07
32,17
61,53
74,06
49,30
51,38
68,14
22,40
69,23
41,64
94,30
47,45
40,35
62,24
56,47
02,39
25,27
35,54
19,50
76,78
40,39
58,60
46,45
24,93
80,09
93,43
41,34
01,53
46,74
88,95
49,93
03,73
15,32
83,37
25,55
98,46
15,40
40,94
27,81
58,56
42,29
05,09
73,55
88,66
66,57
25,39
34,00
30,27
59,63
01,07
12,01
23,17
07,04
00,01
42,14
78,09
37,62
76,37
81,17
74,46
63,08
71,72
67,97
91,63
69,55
87,26
81,48
47,86
89,50
70,54
37,18
31,13
41,00
89,10
04,47
45,75
89,02
81,30
61,04
67,16
80,58
69,01
50,73
78,88
50,02
80,52
25,10
09,56
10,60
94,15
41,57
