17,90
64,08
00,54
59,57
92,92
26,67
41,15
25,29
74,36
47,99
16,66
49,15
63,86
07,82
80,07
23,14
82,52
14,66
38,31
51,21
53,43
14,54
30,06
66,13
28,84
40,87
28,11
91,80
21,78
27,91
95,00
70,37
85,85
23,18
76,96
75,63
74,20
84,85
46,39
25,55
46,47
79,35
10,96
14,10
46,61
31,44
88,36
86,40
62,45
40,17
05,50
96,23
75,30
09,45
12,11
74,21
73,16
86,29
44,50
89,50
44,22
80,30
34,22
65,62
87,53
55,49
47,25
57,22
85,22
88,19
05,72
08,72
41,85
19,53
35,31
47,49
74,32
96,88
39,59
93,15
59,95
02,42
33,56
97,21
51,74
76,31
85,28
61,52
85,71
03,71
18,23
37,60
53,23
15,29
62,42
30,52
61,04
30,37
51,54
98,00
43,08
76,73
12,70
68,55
64,91
63,19
74,24
62,35
69,70
41,19
50,70
58,61
51,74
07,64
40,30
04,09
96,72
80,79
18,03
13,91
40,52
00,95
13,45
07,76
76,10
79,73
57,19
48,41
46,49
85,64
68,24
71,45
62,42
87,89
78,99
21,16
61,90
66,67
60,99
23,74
93,64
64,29
82,29
86,25
21,58
97,23
53,74
06,02
82,91
61,54
42,58
38,74
10,20
87,60
21,03
17,04
90,01
47,26
90,57
24,80
03,24
16,62
68,05
11,42
78,86
68,36
43,89
60,99
42,45
81,81
37,70
88,13
73,91
03,55
52,40
89,43
88,01
45,19
81,48
33,41
69,44
55,47
83,91
43,24
02,72
27,13
32,14
80,58
60,11
89,30
60,22
15,48
49,07
76,01
93,75
22,58
91,19
08,81
03,70
55,56
27,84
23,45
43,40
74,42
53,44
19,16
74,00
32,80
62,74
71,30
04,82
76,71
61,50
46,86
03,45
31,58
21,17
06,79
37,57
90,99
02,20
86,83
38,29
84,26
30,96
16,45
67,67
17,50
32,32
04,32
72,88
52,92
24,02
54,67
26,67
48,75
67,53
17,23
24,38
00,48
23,94
94,12
91,68
34,86
91,61
40,12
65,60
30,74
49,07
45,27
51,81
19,59
70,25
55,83
51,15
86,53
11,73
38,84
19,96
72,57
60,92
42,50
70,83
21,88
19,40
06,87
80,10
43,10
45,64
87,66
30,08
90,94
23,13
97,67
49,22
83,58
28,71
58,34
42,96
41,10
60,58
19,08
62,85
43,34
74,65
03,52
81,79
71,53
88,33
82,43
44,64
16,59
85,89
14,50
25,56
12,97
07,36
12,45
06,49
95,58
35,08
75,77
85,80
39,67
14,97
27,91
81,23
78,34
05,96
67,59
29,27
11,78
55,40
10,71
06,78
03,53
15,19
07,38
96,93
16,37
36,97
30,68
82,29
34,16
08,52
47,60
09,00
47,17
33,56
73,44
97,79
18,51
53,32
69,62
93,82
54,63
09,68
10,92
89,25
71,16
81,28
24,99
89,16
38,74
19,37
87,48
64,10
77,18
44,82
21,88
00,04
79,84
71,92
40,78
24,64
06,81
88,44
70,68
96,12
29,39
69,92
50,66
57,82
82,20
64,14
21,18
27,41
92,34
52,24
01,85
86,48
60,07
21,67
50,49
31,67
92,64
08,94
06,25
89,80
87,32
62,14
06,91
04,91
88,96
45,13
07,04
41,76
66,90
47,30
97,41
51,79
82,68
12,42
73,81
28,70
40,57
77,52
85,14
19,77
49,84
28,40
52,65
42,38
60,39
03,26
29,42
00,40
68,42
62,27
31,75
58,18
25,83
21,62
81,12
44,12
40,19
56,55
38,92
43,12
87,20
78,17
39,12
32,38
16,20
00,62
85,22
58,04
62,44
76,20
91,54
81,89
80,32
89,35
10,55
49,11
02,69
49,14
31,82
98,56
57,63
36,15
96,78
37,42
07,22
70,65
06,81
93,20
31,56
00,25
72,91
54,33
86,30
97,78
37,53
25,09
05,95
68,96
02,36
85,91
04,57
66,13
33,15
43,06
42,55
12,21
33,18
17,61
51,62
85,90
63,43
38,66
51,58
61,65
76,04
89,89
48,98
18,24
85,72
24,54
21,38
26,21
04,08
24,64
64,75
13,40
30,15
05,11
13,24
20,76
04,10
55,54
95,52
52,52
82,56
11,18
64,04
70,24
39,63
91,52
58,34
24,92
39,55
05,00
65,15
34,53
84,84
98,26
74,85
16,52
00,52
80,04
07,80
36,95
40,43
55,25
63,90
14,56
33,43
18,43
19,90
20,00
49,75
48,73
60,18
40,73
40,04
65,79
39,91
46,79
77,06
95,81
27,81
66,47
80,57
55,90
87,37
21,38
10,45
12,30
41,73
79,01
56,99
81,56
35,11
00,84
91,94
58,23
51,56
97,47
54,75
91,45
90,27
19,85
16,85
50,10
51,12
61,93
93,19
74,86
47,61
56,04
19,25
00,15
16,77
38,49
40,23
45,70
56,80
96,52
58,25
21,45
91,35
19,59
75,11
52,09
26,76
92,22
75,43
34,39
30,36
10,17
29,03
66,35
61,91
07,94
61,60
33,00
20,62
25,40
17,25
31,33
93,28
02,44
81,71
11,08
56,52
47,14
48,75
66,45
59,64
05,67
35,63
59,15
33,74
10,26
86,68
69,62
39,13
64,20
46,14
78,71
71,89
14,52
77,20
55,18
53,09
78,41
14,24
70,22
08,49
90,72
83,24
18,44
80,93
54,92
74,72
94,84
01,42
63,13
90,55
23,41
57,51
42,31
46,66
24,90
43,42
74,62
67,90
46,84
45,09
32,28
57,05
14,63
78,56
88,86
96,33
27,72
04,96
33,67
85,98
73,44
58,68
74,59
10,82
01,70
04,36
56,88
66,99
20,06
95,10
27,77
02,85
27,27
36,11
67,89
23,41
31,12
93,31
02,12
92,56
30,58
39,26
94,69
42,96
43,05
65,26
46,41
67,59
18,09
40,60
00,90
16,83
52,44
61,52
70,47
24,92
41,76
64,79
49,88
84,13
19,12
76,52
82,77
92,96
19,17
79,55
41,68
74,18
80,67
07,45
79,08
15,04
30,91
69,08
76,45
26,32
30,11
69,69
74,51
91,95
59,09
56,67
83,37
30,09
03,03
16,87
03,95
56,06
36,88
21,30
30,14
29,83
88,31
92,69
32,81
97,30
14,37
73,44
80,44
64,33
66,23
33,43
62,40
69,04
73,13
92,54
90,24
50,84
07,70
87,55
11,50
54,51
42,33
32,93
36,45
29,60
17,75
24,86
04,87
54,48
84,29
50,94
26,68
27,87
05,66
52,19
20,82
46,25
73,77
26,72
47,85
13,97
91,33
53,59
59,08
06,08
76,39
58,77
32,96
40,77
05,68
32,37
34,43
06,78
98,05
69,42
57,40
09,79
25,32
04,49
12,19
32,05
74,18
49,73
06,38
95,77
66,63
92,40
40,09
64,67
03,11
22,29
59,61
25,29
24,18
08,94
44,43
40,73
54,12
13,28
97,10
81,03
07,96
17,12
84,51
78,54
09,76
52,48
15,83
94,47
49,85
30,97
96,60
29,79
01,50
47,20
01,60
41,28
62,48
81,53
65,02
98,18
66,99
93,35
23,36
36,80
66,27
50,86
98,11
38,60
42,20
30,03
19,82
29,00
32,18
66,68
10,25
18,55
39,56
38,44
95,09
06,26
98,77
04,73
15,91
11,32
05,55
51,91
64,73
76,59
65,41
36,34
08,71
60,26
44,55
25,48
94,35
97,11
58,65
24,57
70,87
16,08
51,89
69,20
39,74
42,15
36,29
52,85
32,41
46,94
95,26
68,09
72,19
45,97
75,55
38,28
82,15
77,92
38,20
20,54
49,34
71,25
50,43
69,69
02,27
04,01
92,00
74,49
66,83
69,68
01,06
66,24
67,99
70,80
47,45
57,70
96,63
41,30
47,78
50,32
45,69
49,42
11,27
05,91
08,64
17,53
14,13
75,76
73,45
15,40
51,99
49,81
10,17
17,91
36,99
65,74
05,86
21,72
45,82
26,03
77,20
55,14
01,69
37,05
66,60
39,92
47,63
93,48
45,64
89,79
20,69
24,26
34,18
83,17
52,12
97,05
74,95
58,80
41,11
32,24
51,67
53,74
14,87
98,18
33,84
27,76
57,40
73,00
38,50
70,15
37,71
61,92
44,91
46,46
53,81
70,76
52,63
74,07
53,75
80,58
94,47
05,23
14,37
37,69
16,48
16,56
54,91
64,04
03,92
12,10
65,74
56,81
16,74
67,41
48,81
29,20
94,31
53,75
50,95
29,06
36,65
18,61
45,41
67,26
29,09
04,84
35,04
57,23
83,55
48,10
02,71
81,89
77,16
85,12
01,01
87,62
15,72
84,53
81,34
10,27
53,65
07,43
88,56
28,40
80,81
87,53
98,01
75,71
32,11
34,53
79,79
05,07
34,50
18,73
62,08
51,28
16,02
59,37
28,48
41,59
78,90
85,59
41,57
03,66
39,70
75,20
93,86
64,94
54,15
82,79
05,60
61,19
15,34
80,54
39,90
66,31
73,12
46,69
18,03
41,73
53,30
63,15
74,54
79,03
72,01
08,01
92,59
97,91
28,18
38,40
74,49
54,15
31,51
19,04
35,03
96,84
58,38
43,47
08,30
36,02
73,66
71,74
17,99
30,31
27,77
13,67
39,05
75,55
60,58
43,57
85,50
14,13
65,14
85,57
00,75
35,81
28,75
30,17
75,48
44,17
60,27
15,68
46,27
64,13
45,50
62,93
87,58
97,09
82,84
91,09
32,55
54,12
78,91
16,13
64,23
00,91
30,66
92,08
84,22
09,92
02,21
38,33
47,71
10,04
26,62
19,78
49,95
81,83
76,45
85,13
27,68
74,23
39,73
89,30
45,20
57,10
03,02
26,37
01,38
72,54
01,96
87,92
43,19
94,48
08,25
43,51
02,59
41,51
34,59
04,31
64,23
60,78
22,18
67,70
77,91
45,00
26,63
97,82
63,59
00,62
67,29
03,85
16,02
51,25
10,26
86,25
28,90
38,14
47,77
35,67
45,99
09,35
31,39
26,84
30,45
14,24
25,46
34,39
82,74
45,10
19,88
44,21
91,95
78,67
14,74
88,83
72,30
27,87
89,96
44,47
70,67
16,08
35,98
40,86
54,44
62,03
42,91
83,92
58,06
59,80
04,20
93,49
69,75
16,01
36,94
06,89
54,19
32,04
44,13
29,18
63,38
88,09
58,03
60,69
70,52
09,59
65,82
45,95
60,88
76,49
07,96
62,69
58,10
96,43
33,55
06,60
25,94
95,29
72,97
65,14
73,01
76,79
09,55
58,93
21,93
57,33
70,66
43,03
26,66
44,38
68,87
65,82
37,53
22,06
62,05
16,25
76,30
59,05
08,40
60,67
48,96
66,11
85,06
61,86
62,87
75,02
84,91
08,42
25,38
41,83
58,67
93,15
91,05
23,42
81,57
48,18
04,70
10,25
40,65
98,76
15,04
55,82
66,23
42,27
94,73
80,22
56,48
75,26
73,53
88,95
91,62
53,14
81,45
93,50
28,94
98,71
90,89
92,79
72,18
28,39
33,90
16,32
65,54
16,19
32,49
14,77
08,02
68,04
52,73
41,39
98,67
44,47
73,67
39,77
58,39
98,64
07,78
23,61
76,13
23,96
49,83
29,08
90,68
80,89
34,93
74,93
43,52
51,01
60,70
75,55
38,72
20,89
14,15
10,93
78,58
87,95
66,53
77,68
52,92
70,17
36,69
19,29
62,48
36,45
02,07
22,18
43,59
34,12
33,44
94,11
89,67
02,24
77,36
16,46
25,42
09,44
28,40
61,75
65,68
09,07
68,75
27,99
22,93
34,86
30,33
68,67
37,16
28,65
90,80
05,38
04,54
30,06
86,32
40,50
50,93
29,81
18,72
90,89
40,32
35,66
54,76
12,14
46,84
72,14
02,78
64,42
12,71
98,68
66,85
85,86
16,70
97,91
85,65
55,38
15,86
63,87
95,84
85,49
92,66
90,97
27,66
28,99
30,15
50,78
48,43
89,30
54,79
08,99
73,55
33,76
57,23
45,41
35,14
78,14
49,50
09,16
52,96
53,38
44,60
29,98
06,57
29,84
78,47
27,25
72,97
14,13
42,46
19,93
45,82
33,12
98,90
71,71
46,34
28,64
70,50
95,44
58,52
19,30
27,33
45,14
76,18
90,56
87,84
43,88
02,24
21,77
52,45
09,22
79,40
43,46
88,12
37,02
40,13
16,88
04,50
52,17
25,91
78,04
69,66
29,03
28,34
08,65
18,25
31,14
17,68
56,50
51,10
41,47
48,23
54,67
98,69
81,16
50,00
46,60
30,96
60,86
56,55
53,92
83,89
34,48
15,45
17,75
11,98
81,44
18,25
33,41
39,57
77,60
40,69
42,25
38,18
58,42
30,41
11,93
55,56
47,18
82,78
92,37
19,17
56,56
69,46
29,21
22,94
38,55
13,84
34,06
31,86
13,08
08,77
62,39
94,72
74,84
61,28
46,42
32,87
43,21
83,28
71,54
82,25
74,53
10,68
38,05
18,11
63,70
22,69
44,61
24,81
93,25
58,27
22,20
08,42
09,45
49,33
36,12
35,94
48,02
86,56
71,21
56,24
61,70
31,89
20,40
30,59
38,19
02,52
79,49
97,62
34,68
40,52
98,18
60,09
25,95
40,27
84,36
92,15
61,60
29,97
36,01
27,50
39,99
54,41
37,26
27,52
93,36
64,84
13,53
54,91
11,76
22,28
22,18
82,86
04,41
51,07
23,77
27,64
61,46
38,75
61,43
82,07
46,51
41,26
49,01
32,56
95,54
91,54
59,98
65,75
29,51
28,41
90,72
66,81
77,56
28,91
68,05
73,37
88,27
48,26
47,79
90,78
81,58
57,35
76,69
24,02
78,39
49,21
55,94
39,07
54,36
52,69
70,47
14,68
14,25
03,55
45,06
21,82
29,16
51,61
96,60
92,85
27,82
65,51
67,94
82,50
73,85
58,49
35,03
70,08
33,91
12,33
08,51
91,26
72,70
00,20
66,34
66,72
05,97
01,34
74,65
80,37
59,94
92,16
86,65
27,89
08,72
47,79
40,20
66,12
66,06
22,80
06,55
39,48
49,93
08,85
76,57
10,55
46,36
41,22
25,02
30,71
36,44
03,16
00,32
06,73
90,34
28,76
92,81
48,59
45,09
31,72
24,44
04,36
45,80
84,74
81,64
37,27
55,08
65,97
87,24
01,07
92,78
43,49
22,30
60,06
95,08
12,56
05,09
65,58
64,83
17,58
96,44
45,79
01,02
77,90
47,45
78,76
92,09
27,80
91,69
46,59
84,44
01,65
71,86
93,00
17,16
72,27
34,33
39,34
75,76
08,75
34,87
57,56
09,93
31,80
75,72
10,44
67,88
18,55
66,12
58,01
79,64
21,29
10,22
98,53
81,97
10,14
00,96
64,51
68,91
39,85
15,11
00,43
50,37
13,13
73,43
89,86
55,60
73,99
70,09
38,26
56,02
98,23
41,29
98,52
24,58
50,93
92,08
73,72
98,64
74,49
78,76
22,90
71,94
53,88
74,47
03,84
68,82
10,14
64,83
69,76
53,04
48,06
39,17
53,73
41,63
46,20
58,37
39,44
85,58
73,56
30,91
96,14
36,31
75,50
23,68
68,33
76,53
05,31
11,80
24,81
96,37
82,54
62,73
81,68
30,59
84,03
33,97
65,07
84,01
83,64
59,67
20,80
51,56
80,65
04,00
29,02
92,72
17,03
43,10
62,19
61,73
30,68
60,16
12,18
30,42
56,92
23,26
71,07
81,19
54,51
34,94
04,73
19,61
67,86
65,19
31,51
52,73
71,60
63,34
72,51
18,39
09,64
97,34
52,01
04,69
43,17
66,66
16,33
61,12
58,77
68,43
55,27
81,85
16,60
24,16
16,55
67,32
29,19
01,32
77,48
98,37
61,83
98,50
32,68
73,00
75,76
12,33
48,43
73,25
16,51
02,94
09,60
80,44
35,73
92,17
27,16
65,89
70,54
91,80
95,72
34,17
35,18
63,51
12,08
29,68
77,29
47,52
04,01
59,77
62,11
55,76
52,67
30,66
57,74
71,36
37,84
37,54
93,76
80,72
29,28
14,88
32,28
05,63
90,99
83,28
14,32
89,04
75,56
15,71
12,78
57,01
84,38
67,80
68,97
31,61
69,55
34,41
22,38
83,20
79,26
93,69
51,15
68,60
09,58
39,70
34,96
73,08
14,91
11,65
97,30
04,44
47,33
62,11
48,34
20,17
33,23
43,42
48,50
22,10
63,83
86,35
34,56
86,94
01,61
48,90
05,91
62,55
85,15
63,98
30,89
02,30
38,07
49,26
78,73
71,05
87,19
96,08
65,40
25,38
06,45
88,00
21,18
89,86
40,71
68,81
32,13
91,41
33,28
12,19
73,76
92,40
82,56
28,99
51,42
17,19
63,49
77,53
91,66
72,95
30,69
38,07
93,66
05,65
61,16
38,81
08,24
39,51
59,49
49,09
45,74
20,41
10,93
55,02
52,84
77,31
20,52
79,65
37,94
91,24
88,77
31,04
58,37
81,06
66,58
86,89
81,79
71,94
09,32
81,82
89,41
66,15
14,80
64,87
74,52
70,13
46,81
77,40
92,86
13,16
57,20
18,15
61,87
20,73
14,50
14,22
59,31
07,37
06,76
84,24
82,41
68,27
35,98
12,50
30,56
73,42
34,10
13,18
29,78
81,33
36,77
51,66
06,22
21,01
33,28
09,61
93,29
13,71
57,24
75,19
25,12
38,38
27,24
17,04
84,98
79,08
47,62
32,23
28,94
23,00
88,00
93,00
44,95
28,29
08,59
41,90
31,44
19,73
53,54
93,49
86,66
10,58
78,86
00,14
52,12
03,31
41,04
77,83
42,46
80,28
96,71
52,58
90,13
38,94
08,91
97,81
88,47
87,88
68,28
15,62
42,91
97,38
10,73
39,83
87,72
36,45
30,16
10,89
92,68
13,74
37,10
15,27
68,13
18,87
95,62
48,69
29,97
05,01
48,95
37,38
19,62
64,22
13,42
83,02
66,69
07,89
38,89
24,55
90,60
48,47
68,14
06,42
73,40
83,48
80,55
06,49
11,54
47,20
27,42
67,66
40,87
01,95
54,10
38,83
63,32
47,97
93,51
42,02
37,04
06,20
47,32
49,21
91,66
43,73
20,09
62,68
34,03
26,22
80,93
60,79
23,84
68,15
05,28
07,45
04,64
85,46
09,06
75,75
22,40
55,95
66,21
02,93
19,77
12,68
75,09
15,24
19,57
29,61
70,62
78,82
03,43
61,86
53,20
37,89
83,75
49,83
51,37
98,77
15,37
09,24
79,33
98,74
25,02
84,87
58,78
30,34
74,60
62,72
62,52
11,26
37,79
77,59
18,26
46,70
47,17
13,82
37,68
12,83
44,95
18,63
85,62
77,12
47,10
17,27
83,40
76,83
86,00
57,26
36,95
31,68
42,23
71,81
37,15
01,23
57,22
12,81
17,03
69,37
54,45
52,76
57,21
51,24
07,81
50,58
44,66
06,69
91,56
92,39
36,11
77,60
42,47
53,82
54,38
57,55
61,76
40,30
53,24
06,39
93,94
98,99
01,40
70,82
45,45
27,19
20,16
67,42
51,43
11,56
76,78
00,96
36,83
22,77
62,67
43,84
62,97
62,99
15,14
15,65
74,56
64,81
40,63
18,26
62,15
43,60
66,47
55,20
22,48
89,33
96,15
66,54
69,70
09,57
89,84
69,24
68,00
98,71
86,58
38,26
72,87
87,17
82,96
03,04
60,83
43,02
40,49
92,28
92,75
09,09
41,03
16,29
96,12
02,93
37,53
08,04
83,75
72,34
33,32
56,30
19,02
99,00
16,85
69,48
27,95
84,15
24,26
11,00
07,48
72,18
43,52
07,69
17,20
14,90
80,21
09,04
58,68
88,88
03,05
36,76
41,94
62,89
43,04
63,05
90,36
91,82
95,03
23,32
22,26
38,53
54,12
58,71
16,96
91,66
56,45
81,83
47,62
79,34
69,69
28,28
76,47
57,09
20,20
71,61
24,35
78,69
97,24
77,73
25,27
65,74
97,89
50,11
33,73
87,24
36,70
54,55
01,30
17,32
57,86
98,94
55,22
10,66
14,57
57,99
39,55
16,62
98,20
42,71
11,34
20,77
45,01
47,23
00,54
84,43
75,93
01,56
26,20
53,44
54,80
94,74
14,34
56,57
23,83
70,15
22,49
57,85
46,68
84,87
82,25
61,29
58,58
14,28
83,67
13,79
02,25
58,41
77,28
10,08
86,01
00,44
62,63
45,36
41,63
52,59
23,04
26,45
30,80
32,20
11,91
93,02
94,60
92,88
60,50
00,26
55,95
48,87
65,37
16,91
45,72
27,53
31,99
43,70
63,68
93,06
09,97
39,02
53,83
09,60
22,31
85,91
71,72
77,15
97,87
70,46
77,84
80,07
53,65
36,00
14,15
89,51
21,12
59,00
41,77
03,19
26,93
87,74
16,14
28,31
24,63
51,59
17,41
35,18
36,68
71,32
38,41
48,00
40,24
77,52
25,99
64,95
23,48
49,07
89,18
61,94
74,96
81,59
74,89
35,43
29,67
20,72
47,80
33,73
62,78
62,17
80,22
24,74
71,89
93,81
50,58
43,18
86,71
00,18
43,67
74,16
54,53
24,37
37,39
28,07
21,69
80,51
85,13
72,82
74,24
27,85
52,94
18,99
49,81
49,07
55,94
33,36
05,08
32,93
50,00
26,09
58,84
38,77
66,69
29,14
50,91
20,75
45,88
48,30
19,02
74,08
21,01
77,68
16,21
57,72
22,93
07,60
91,57
42,78
33,78
82,44
21,21
40,85
77,85
29,30
39,50
67,27
72,59
68,11
66,28
90,31
62,14
29,25
10,59
44,54
57,53
78,90
32,80
73,65
59,94
68,71
35,56
19,45
94,51
24,83
50,02
37,94
05,12
91,14
63,99
12,15
47,77
82,61
92,57
83,68
31,30
56,17
09,27
23,75
57,33
05,79
74,69
21,29
05,22
25,52
90,79
78,40
68,30
79,47
48,37
66,53
84,64
77,57
04,23
85,66
27,56
44,33
38,81
94,11
08,68
51,00
29,39
24,58
52,21
62,08
65,13
42,46
01,26
33,53
82,18
85,01
96,61
96,58
28,02
28,23
55,07
61,80
67,63
30,04
56,05
49,98
61,89
41,15
31,23
96,82
64,87
38,49
81,39
47,98
92,64
05,35
64,53
77,59
87,80
64,01
13,11
94,79
40,19
28,02
96,05
77,92
80,59
19,10
35,72
26,48
50,30
87,30
52,31
22,30
40,25
48,10
25,39
22,86
66,36
19,66
37,47
25,53
84,13
79,08
38,27
81,92
56,23
98,06
28,16
69,52
07,88
47,04
55,86
53,73
56,18
41,88
70,85
32,26
82,33
27,89
98,42
73,03
10,69
66,18
26,06
19,97
11,25
42,20
60,29
67,10
05,47
78,88
07,57
87,11
26,02
05,59
31,55
09,65
31,06
89,02
16,69
37,43
98,66
30,27
14,40
42,66
22,98
62,97
68,03
24,38
11,66
20,20
46,31
08,60
58,02
64,42
49,38
20,76
77,73
01,72
83,63
39,34
17,31
53,47
67,78
14,15
50,24
82,65
14,35
11,71
31,37
32,13
78,71
37,52
27,03
46,45
94,15
60,51
77,03
60,11
95,12
60,29
46,97
97,56
45,94
08,52
91,05
85,65
20,56
86,51
53,21
42,24
37,53
52,60
09,87
55,70
56,85
40,07
41,23
54,59
45,11
21,18
60,73
02,94
86,90
30,97
36,07
64,33
74,68
86,58
70,17
29,22
22,59
38,19
63,23
74,77
75,68
98,95
45,57
31,44
62,98
48,71
05,28
80,85
88,39
78,91
53,28
30,13
31,13
34,53
53,03
64,30
03,80
74,95
15,57
05,97
51,31
64,93
09,97
72,34
22,17
91,41
73,30
55,28
02,42
84,24
89,19
15,29
50,37
25,49
08,14
17,00
58,92
97,92
25,96
31,14
64,71
71,53
04,76
25,87
02,53
49,58
85,83
13,02
25,95
95,67
09,24
05,73
61,53
82,42
48,87
87,91
36,58
72,54
13,66
03,08
20,34
22,09
96,32
98,20
69,63
37,55
57,66
18,57
98,96
11,99
26,86
22,94
08,62
13,10
49,38
97,75
97,13
98,53
85,31
33,69
70,33
94,53
28,00
81,47
55,44
53,88
78,32
92,63
23,56
15,85
30,00
24,70
66,87
55,13
10,51
15,12
97,04
14,44
32,67
40,57
65,20
92,02
54,06
52,81
59,24
87,32
77,50
34,12
45,56
58,61
65,69
98,19
06,53
02,70
07,65
12,77
08,88
34,49
77,56
91,13
85,17
79,79
60,38
02,66
36,09
87,52
45,51
74,70
59,98
02,25
16,34
10,54
31,28
44,07
33,71
55,34
63,67
83,60
77,06
00,48
84,22
93,35
59,56
45,27
24,13
22,58
33,98
77,77
50,93
48,29
35,53
95,68
44,29
12,29
48,82
08,00
45,16
59,96
71,16
54,95
73,26
82,46
54,32
94,77
93,01
63,59
37,47
98,10
04,86
14,30
55,50
19,77
00,13
10,74
92,47
29,26
76,75
13,82
72,88
94,26
10,04
95,97
30,63
36,61
82,81
77,43
77,63
89,90
85,61
13,19
95,31
60,33
93,48
67,31
95,28
48,70
25,91
63,67
77,61
07,44
58,13
63,83
85,50
71,56
81,59
32,12
83,25
03,45
43,76
92,02
22,32
69,42
73,81
88,46
38,23
93,40
18,56
26,86
29,52
90,21
95,38
77,29
77,51
17,57
93,16
11,88
55,14
77,14
56,37
16,93
25,91
08,96
78,49
67,38
78,51
17,80
14,58
01,79
66,06
20,35
15,79
64,22
85,99
82,36
87,67
03,30
59,94
60,57
92,00
75,98
66,44
76,67
55,55
89,68
64,49
87,18
61,59
57,99
05,19
36,10
73,63
25,32
52,31
06,76
03,70
04,55
77,92
48,49
80,95
07,47
41,22
61,60
10,98
77,17
82,70
92,44
66,13
65,67
79,58
25,33
94,64
23,88
44,21
08,85
12,91
29,88
53,34
10,83
30,50
05,81
87,82
45,50
54,52
18,47
98,24
75,47
84,06
22,58
82,05
62,96
05,24
35,39
48,82
90,65
12,95
03,28
67,57
69,24
35,92
63,24
44,02
79,92
07,22
80,98
40,86
22,91
28,22
83,06
77,45
67,37
25,37
98,17
61,11
37,58
17,89
70,98
67,82
86,00
48,00
88,44
89,91
66,05
04,42
46,19
69,00
31,21
33,58
39,37
86,95
48,42
02,82
71,75
66,59
58,77
68,67
38,51
18,75
48,03
50,22
35,25
20,22
73,68
41,58
47,76
56,10
23,01
03,82
51,33
43,72
49,01
74,36
61,62
72,66
93,86
80,24
75,59
46,03
67,46
02,48
43,17
57,06
14,18
42,23
17,37
61,44
92,35
77,75
46,61
06,39
41,66
12,45
79,44
47,51
93,22
45,29
68,91
71,81
84,88
77,63
87,62
32,79
87,19
07,45
88,69
68,83
65,44
29,37
62,76
36,16
77,96
77,25
82,54
63,45
04,62
18,54
55,72
95,49
96,83
06,54
31,34
08,07
51,51
53,74
62,28
74,84
80,32
98,04
53,25
89,07
01,27
61,54
67,98
33,44
36,28
81,88
32,58
07,32
55,05
72,36
00,46
83,15
84,35
87,46
19,46
91,12
43,70
22,17
84,75
72,18
80,42
44,57
27,26
37,23
05,21
70,48
42,62
51,33
44,29
11,11
57,06
11,04
80,73
83,17
56,82
28,81
60,76
88,09
15,63
50,12
94,35
22,24
10,96
19,64
31,81
92,41
09,79
76,46
98,07
39,49
74,32
34,04
78,54
73,75
39,95
75,53
19,86
85,69
82,79
70,38
40,22
14,68
21,37
24,53
42,41
59,73
42,76
04,62
07,44
47,67
96,41
68,76
98,14
61,92
50,65
85,20
89,21
72,61
37,71
82,93
58,59
43,32
24,50
93,90
14,66
59,12
32,11
56,71
43,16
48,74
64,62
10,17
85,52
65,68
11,85
95,00
98,95
98,01
08,35
90,82
70,62
22,43
70,27
36,61
13,07
61,40
35,48
84,14
83,10
42,05
69,01
06,45
43,63
09,31
47,67
93,93
80,96
68,20
33,53
73,22
14,49
55,93
25,17
89,81
02,27
71,39
87,39
80,36
84,19
28,07
24,52
34,96
96,18
47,16
86,60
49,80
89,88
08,57
90,04
53,11
45,36
86,16
31,04
97,59
34,08
56,05
79,36
81,36
54,67
18,23
77,76
13,55
50,52
01,72
22,32
64,30
76,28
38,83
94,49
67,55
90,52
50,71
72,79
86,36
98,27
87,27
03,92
75,95
91,57
68,99
29,50
62,40
92,65
28,58
15,47
23,46
28,15
15,87
09,82
17,06
25,25
42,08
64,50
16,36
61,78
46,80
24,95
28,26
57,87
50,89
80,36
40,80
42,09
23,69
90,22
23,98
08,85
21,02
56,69
24,69
11,23
76,16
54,26
42,04
33,63
13,65
10,76
33,40
22,88
20,45
38,35
03,72
57,20
86,92
42,80
58,29
86,80
21,83
26,03
56,33
68,49
69,17
37,77
69,67
84,69
59,70
39,10
90,02
45,90
42,60
61,82
40,85
22,62
36,77
83,31
28,60
89,85
24,66
55,41
70,41
20,47
22,16
62,36
43,92
75,77
32,68
24,02
61,61
57,16
43,98
81,37
66,38
46,98
58,65
70,69
26,85
10,41
60,04
01,47
67,37
17,48
00,98
35,97
30,48
59,51
66,56
03,37
40,75
57,48
20,84
19,93
95,27
59,27
33,11
81,27
20,88
74,26
33,23
17,42
26,56
82,13
69,22
76,12
04,51
12,70
37,98
89,63
23,72
93,07
65,13
01,23
64,70
36,45
50,40
45,64
03,52
13,82
53,96
41,83
78,65
77,73
00,09
07,62
39,50
71,60
92,07
31,01
00,95
49,20
90,28
90,67
89,43
65,22
63,31
11,04
54,65
56,28
55,69
26,76
78,61
67,35
35,70
49,18
39,35
71,97
38,72
81,96
45,35
57,43
41,54
75,37
48,93
46,06
86,49
86,98
80,00
63,25
57,97
39,40
65,87
59,20
48,10
58,97
11,46
38,32
98,62
16,56
81,13
58,21
92,00
75,78
07,85
13,73
54,74
14,69
37,98
20,76
09,47
59,19
15,95
97,79
38,09
52,32
11,60
36,10
48,57
49,04
47,50
20,77
22,31
13,21
70,82
11,59
08,94
90,01
78,40
25,76
79,63
94,47
85,75
26,19
84,46
65,50
34,58
80,13
59,26
17,14
65,97
01,11
35,67
36,09
65,94
50,24
53,59
43,85
55,54
55,35
30,26
80,29
47,68
41,55
53,19
42,01
21,14
67,80
80,19
46,60
44,90
31,97
87,21
82,53
95,83
61,14
77,32
46,25
36,27
30,30
91,69
50,16
80,50
77,61
78,34
65,91
88,27
36,17
59,82
22,85
00,91
23,60
19,64
74,40
18,14
92,54
63,19
34,72
77,86
83,48
47,37
42,16
83,59
53,95
54,66
39,68
76,86
51,03
98,65
09,98
05,04
05,04
81,15
26,58
08,50
10,69
67,87
71,25
85,72
11,78
74,77
63,56
17,15
73,18
35,49
57,77
03,00
90,81
97,96
73,99
92,94
63,38
61,75
30,82
75,95
19,55
62,45
62,07
67,97
82,50
62,21
31,07
37,67
21,03
45,37
46,11
86,24
20,84
10,03
40,55
68,11
15,77
73,80
70,99
77,85
81,83
41,45
45,73
56,40
08,86
55,53
03,22
60,31
46,99
65,80
16,42
16,90
47,37
63,81
24,82
45,09
85,09
90,05
36,01
53,41
88,58
20,47
93,82
35,74
92,62
17,81
51,41
73,30
45,60
24,54
30,02
34,31
22,42
83,10
22,51
71,60
04,62
24,40
28,44
96,62
18,89
35,40
88,11
48,17
38,53
30,93
41,57
06,94
94,35
67,94
92,75
31,52
56,93
15,32
60,34
47,91
95,44
70,96
21,68
14,91
57,66
45,54
81,35
10,83
40,40
53,64
45,01
30,92
81,23
52,42
57,88
50,75
41,91
48,75
84,84
21,39
85,12
27,04
57,73
85,71
44,68
17,40
31,76
75,54
78,53
89,85
83,82
08,40
28,01
97,30
79,19
49,81
91,05
94,64
28,09
32,86
60,98
78,41
74,29
82,42
68,61
39,33
56,27
29,05
18,98
83,06
76,49
75,95
12,44
06,18
62,48
88,53
81,84
96,65
81,97
07,40
08,83
61,98
25,61
35,28
89,65
78,77
65,36
79,31
20,23
78,20
55,19
75,72
15,07
33,16
29,76
47,28
25,72
50,13
27,98
54,39
73,79
33,97
77,83
53,62
34,93
33,70
28,56
53,61
09,31
32,21
46,31
75,11
19,04
31,31
59,78
51,39
83,24
83,26
53,45
67,21
25,35
83,89
87,58
39,29
89,98
76,99
66,24
41,03
73,59
59,16
24,78
46,89
65,14
56,74
84,16
26,87
50,95
36,56
74,80
39,27
46,32
60,21
86,13
02,39
45,48
36,61
00,23
74,52
31,03
24,14
00,68
85,46
97,33
44,47
64,03
44,23
14,82
22,15
83,63
30,39
55,12
15,93
79,49
27,43
17,07
41,19
32,76
60,02
51,22
73,36
59,35
36,55
26,70
11,62
45,26
42,91
55,74
35,04
38,75
37,23
23,08
38,61
18,93
87,68
62,72
20,06
37,84
60,10
53,78
15,49
53,42
08,99
11,60
34,73
65,26
48,95
78,75
02,38
86,06
94,04
57,03
35,09
88,73
05,75
08,43
06,02
85,94
79,38
42,65
05,10
22,64
27,55
90,58
98,69
76,39
04,37
29,32
10,41
05,21
53,20
43,95
56,74
72,95
98,79
90,01
14,94
74,68
53,41
14,11
01,03
48,53
54,22
83,23
63,69
61,61
36,55
16,94
81,27
62,34
34,27
42,83
74,33
44,22
59,33
04,79
43,09
20,79
60,91
64,47
88,70
55,37
60,12
42,12
36,50
48,38
82,20
79,02
78,14
31,59
50,58
03,19
88,73
95,44
81,44
26,96
05,28
29,28
38,01
11,20
45,86
08,03
08,42
81,23
77,81
65,01
65,39
90,84
29,75
23,47
31,25
96,19
65,29
50,51
88,03
06,16
95,95
95,42
48,04
58,83
39,96
20,67
24,54
82,33
79,83
41,18
95,37
76,09
76,25
85,95
47,24
72,53
49,08
53,99
48,31
41,16
32,34
59,71
14,38
86,19
23,13
58,21
01,46
37,04
67,01
23,38
39,84
95,21
21,38
73,81
72,21
85,65
94,62
47,80
62,94
04,95
41,17
18,52
75,26
53,48
68,98
85,79
67,85
24,15
86,79
74,54
37,09
54,31
41,43
85,85
52,47
03,93
98,29
97,74
68,88
31,66
52,42
05,72
59,94
04,65
49,45
37,59
22,05
00,03
39,33
23,09
16,04
18,29
14,46
93,48
68,54
72,92
67,39
77,66
32,16
65,52
27,15
50,93
06,37
24,33
27,00
81,34
75,67
30,76
76,67
38,04
66,14
36,17
44,64
79,40
13,81
08,78
14,13
17,07
78,59
51,85
08,33
65,74
71,42
80,69
60,53
04,03
26,23
31,87
98,22
71,62
85,15
45,37
56,91
63,70
76,79
66,28
79,82
82,58
20,02
53,72
77,67
43,42
02,90
16,24
92,03
56,27
81,34
48,25
03,50
23,55
95,40
65,12
43,77
41,61
66,53
93,78
31,21
12,51
59,00
19,93
05,05
28,26
02,15
46,56
63,59
12,81
27,28
79,78
42,80
71,47
77,44
03,74
05,98
25,31
37,31
70,94
55,58
73,88
87,92
30,24
51,20
78,84
71,29
13,55
87,25
16,58
13,92
60,35
59,01
00,82
25,03
59,05
40,08
70,65
17,29
05,61
32,28
55,46
77,12
39,93
09,85
45,12
45,39
25,87
53,58
36,78
76,23
86,36
15,07
27,80
48,21
54,44
50,71
71,46
53,70
26,78
95,21
41,58
57,29
68,94
81,59
75,30
33,61
66,50
94,63
28,17
92,69
50,03
71,34
78,75
09,74
15,92
57,68
11,27
87,23
80,25
38,58
97,89
93,23
07,90
06,96
18,80
41,79
69,71
90,34
33,68
66,93
25,45
79,98
61,47
56,22
06,27
83,92
08,46
82,53
40,63
43,49
93,95
04,42
68,39
66,70
88,03
04,24
16,52
02,22
08,53
32,39
62,92
55,79
45,69
75,33
38,44
84,08
32,75
14,39
50,52
20,96
47,19
64,95
73,95
76,65
46,59
86,69
86,32
68,22
91,36
17,14
73,29
14,84
22,24
47,20
97,12
54,04
25,98
06,69
58,16
70,85
52,30
87,21
50,30
63,00
03,05
93,44
69,12
03,95
41,22
00,07
00,16
38,48
74,64
08,19
65,00
35,63
50,11
75,35
18,23
48,62
30,82
09,23
90,09
91,11
33,33
80,84
39,08
21,61
12,51
17,17
59,91
15,36
06,54
85,63
73,44
86,06
80,22
01,62
26,00
31,02
27,94
70,96
77,66
04,16
13,86
63,86
22,91
37,01
92,09
52,49
79,96
70,64
49,32
70,63
11,33
34,49
60,38
86,43
00,90
34,87
15,37
05,59
60,06
31,65
74,13
51,53
16,00
52,68
02,09
52,04
43,34
80,53
39,89
14,85
56,48
76,52
73,84
39,15
35,61
34,64
68,34
33,87
38,60
57,31
29,69
86,54
36,78
27,16
10,93
54,32
61,02
88,88
40,49
50,17
61,62
21,22
25,19
92,90
32,06
46,97
47,26
49,76
67,74
75,15
65,23
27,56
94,98
81,16
86,49
27,18
13,42
20,95
79,97
26,17
75,56
76,15
70,51
71,70
64,09
50,40
53,15
94,79
62,48
84,39
50,11
05,81
01,39
65,37
33,92
23,68
97,56
93,79
31,85
17,12
81,00
29,40
34,88
43,94
46,58
93,21
31,09
87,61
66,63
18,59
94,75
57,28
53,39
36,86
76,33
55,16
23,07
80,27
35,86
78,50
24,56
26,71
04,63
88,06
40,95
33,15
55,40
00,46
81,60
66,75
01,06
91,04
50,65
59,81
47,02
83,75
81,70
54,59
88,56
51,10
16,75
96,72
29,17
33,31
94,48
07,70
65,55
88,95
36,62
11,22
22,33
93,69
84,02
51,36
28,22
95,96
90,24
06,11
19,00
94,81
40,41
17,07
54,43
48,99
04,38
23,80
22,12
28,22
47,48
09,99
27,44
41,46
21,53
16,12
53,26
16,33
95,37
61,72
08,12
83,40
12,45
00,30
56,74
37,14
65,22
78,42
05,22
45,57
49,05
34,71
46,59
88,44
41,15
32,12
96,91
47,71
30,08
74,33
75,92
15,35
40,19
70,65
00,61
32,55
36,81
87,02
29,23
31,90
57,90
48,67
83,94
63,26
51,59
44,25
54,53
21,87
64,88
85,65
92,20
36,24
73,11
18,61
02,50
85,08
10,33
19,70
10,66
00,66
03,70
51,32
26,03
68,03
12,43
06,82
79,81
23,99
94,97
71,70
63,72
00,35
49,13
84,69
75,09
52,54
89,57
76,22
14,33
17,56
71,72
10,34
66,85
42,69
73,04
07,56
58,23
58,12
03,17
12,15
49,62
69,30
34,86
85,81
12,32
43,80
98,07
53,01
12,84
43,53
14,26
91,83
94,94
88,74
86,89
76,76
69,68
83,14
57,43
87,33
56,79
10,77
06,71
71,99
87,59
28,78
29,99
32,14
93,90
17,00
02,49
00,12
70,78
90,05
46,17
40,81
53,09
05,47
70,94
55,02
94,58
75,27
23,85
75,53
98,48
97,65
50,23
63,82
02,57
30,16
67,40
74,93
92,09
90,91
85,15
30,62
91,94
86,03
39,07
58,24
15,47
00,34
39,58
88,12
77,23
16,00
70,37
66,02
21,95
22,45
16,30
27,64
82,69
12,51
27,57
21,26
20,89
60,69
10,51
87,80
12,81
66,07
29,40
15,63
07,18
65,88
15,50
53,91
11,60
02,97
80,48
65,27
96,68
93,80
42,59
80,86
92,99
86,43
77,12
88,17
45,46
95,77
36,96
44,16
19,16
31,48
80,48
88,35
35,03
76,78
92,26
89,22
33,76
50,51
84,26
61,10
75,82
92,57
04,96
25,08
12,35
47,12
13,45
50,08
58,75
76,79
06,86
84,30
62,52
30,98
22,64
19,22
34,53
08,97
83,30
51,63
86,47
98,72
98,12
19,39
28,11
68,11
61,87
25,65
02,06
33,89
71,69
65,55
07,35
45,04
07,74
63,50
65,65
88,83
89,88
55,76
55,85
83,75
90,90
42,43
72,05
80,71
23,06
88,22
32,55
94,61
05,90
07,84
92,62
97,25
85,60
72,28
05,57
57,96
29,91
14,91
91,31
92,81
12,97
29,04
00,21
95,45
87,16
80,06
40,00
36,79
07,73
27,01
02,31
03,38
44,13
90,86
01,63
23,76
57,48
10,00
93,32
45,65
29,02
43,06
69,89
76,52
94,31
96,11
24,61
77,15
89,28
07,98
79,44
91,08
24,50
70,50
38,19
32,81
10,46
50,31
15,04
01,33
68,24
86,41
13,58
90,49
45,42
44,12
92,90
67,84
91,84
59,53
84,64
28,48
60,77
52,55
07,26
32,01
05,52
17,70
53,58
95,36
77,10
80,68
27,94
59,64
57,92
29,51
03,46
91,36
56,35
15,29
26,42
86,49
80,78
43,38
79,90
18,60
81,28
95,69
56,67
44,49
29,51
92,12
11,74
38,77
18,04
06,82
03,71
06,73
31,64
55,97
54,01
76,09
54,32
57,13
94,77
07,12
61,16
82,81
12,36
21,83
65,35
08,18
33,45
08,75
74,52
16,88
61,80
36,40
41,92
57,86
86,22
24,06
82,65
73,28
68,42
74,02
77,23
88,57
50,19
19,31
54,23
70,04
87,46
56,47
18,09
48,90
75,02
52,24
65,14
98,59
82,87
68,35
98,82
05,68
10,39
27,66
44,88
92,87
07,28
69,82
39,99
12,24
14,31
64,40
79,30
39,38
19,94
33,91
58,65
62,49
34,32
16,99
75,81
21,03
51,11
53,73
34,91
28,98
55,35
85,88
97,21
05,53
24,92
89,14
33,83
03,08
62,62
20,03
21,64
06,54
97,77
36,95
61,06
94,09
79,03
83,35
82,20
83,07
95,66
41,36
23,74
55,74
66,95
51,21
03,40
62,69
32,08
95,46
02,50
24,42
04,16
51,92
20,43
87,53
48,41
88,02
73,67
15,19
72,48
64,05
62,87
37,27
24,85
88,66
34,90
04,36
31,33
53,02
42,44
66,42
25,43
95,34
05,98
76,16
41,33
82,10
50,81
62,69
92,51
76,67
30,43
36,78
79,52
54,89
90,48
16,28
09,93
77,53
95,20
02,93
62,88
58,06
75,58
47,33
74,69
82,01
30,48
31,54
49,31
20,71
71,76
51,81
80,75
45,47
63,61
50,33
09,12
05,58
76,61
39,77
79,41
37,48
53,49
86,34
70,83
96,30
52,44
86,54
70,35
65,94
10,88
22,69
90,69
57,09
57,16
30,35
59,26
68,35
79,68
19,16
93,28
55,64
46,67
64,61
61,63
86,32
60,05
84,25
86,14
02,35
36,01
31,53
53,19
69,70
63,82
82,99
53,25
33,75
44,22
01,12
90,02
68,89
56,64
04,49
65,80
40,12
64,49
90,57
54,29
14,23
25,88
41,15
77,56
22,49
29,27
78,54
90,30
88,50
63,11
55,90
85,85
20,47
61,32
86,05
48,08
50,05
70,80
18,93
76,90
59,77
39,78
56,70
38,83
46,91
15,40
49,79
90,04
98,19
09,89
50,72
72,97
42,03
90,11
12,84
67,03
72,57
19,90
25,86
43,50
43,47
75,90
24,41
68,58
74,87
72,28
80,19
55,11
91,15
85,65
87,11
78,75
17,44
10,13
77,35
34,98
65,54
49,41
61,17
28,73
53,13
75,75
74,84
61,41
02,35
76,13
19,83
03,41
70,81
31,44
30,26
98,74
38,13
89,56
70,13
24,52
76,44
05,04
57,72
30,01
27,36
31,85
32,40
17,30
27,74
10,06
55,78
12,47
84,35
72,28
89,66
97,12
91,13
64,98
28,64
17,86
61,13
85,17
77,53
50,37
37,51
89,41
70,50
18,11
56,12
61,66
60,32
76,47
81,99
66,03
97,15
24,78
14,20
76,22
12,55
32,03
52,66
91,55
27,39
07,39
67,59
36,86
13,88
85,43
35,04
63,12
52,80
37,63
24,57
67,38
14,41
72,23
20,82
58,83
64,81
40,95
01,90
18,43
33,67
14,30
73,91
20,40
06,29
46,98
63,66
93,85
97,82
33,55
77,04
44,06
68,06
72,93
20,65
49,72
35,91
93,76
27,39
36,28
71,88
85,83
74,71
91,15
73,14
28,62
92,92
89,83
79,07
19,24
46,61
82,66
15,54
42,21
61,57
89,37
31,64
42,87
00,21
48,68
92,46
11,54
18,19
50,46
19,62
21,17
51,27
15,56
13,90
04,65
50,18
47,78
21,05
91,82
44,87
43,09
51,36
96,68
74,09
97,97
64,67
62,77
08,57
31,42
55,96
65,73
09,50
90,23
08,41
04,22
35,56
02,89
73,89
70,41
56,24
80,76
32,20
80,56
59,47
98,18
07,43
69,53
63,46
04,58
97,57
68,39
06,78
45,76
51,23
26,20
73,33
61,33
17,21
20,99
45,69
66,49
94,37
92,42
87,32
86,15
20,44
00,84
81,14
52,07
65,59
93,74
98,23
03,61
42,20
93,22
46,28
18,39
55,67
34,72
69,57
22,44
46,96
57,76
90,40
09,20
65,75
04,35
63,94
45,41
60,84
78,68
85,45
25,57
47,11
63,38
53,38
70,68
94,72
40,01
75,41
87,03
31,84
27,44
58,99
19,47
67,09
23,94
51,14
59,50
79,21
74,41
04,24
23,79
58,03
03,24
31,66
98,17
84,81
60,26
77,68
54,65
62,48
89,34
71,82
04,16
18,68
06,48
49,20
73,08
19,76
49,47
38,82
75,47
95,10
88,68
67,73
29,64
29,93
97,97
15,14
18,66
04,70
65,16
48,31
53,44
98,52
41,73
31,76
36,17
28,00
88,32
27,80
07,86
62,66
22,34
38,75
12,34
42,72
16,35
32,61
90,30
79,67
83,30
54,62
71,37
85,23
09,59
06,40
19,92
04,66
72,50
64,95
63,93
13,20
73,35
73,34
24,96
67,63
28,89
57,35
18,17
98,19
94,22
51,71
35,23
38,22
38,79
10,55
52,13
45,77
61,13
27,71
43,81
31,03
57,48
76,32
51,08
04,42
87,64
62,77
73,13
90,10
17,99
29,53
32,12
21,34
75,25
02,87
85,85
72,18
79,11
56,39
64,12
70,80
69,77
86,52
08,25
85,68
97,21
25,93
21,72
33,73
11,94
03,49
58,12
84,41
05,25
57,01
71,20
21,85
82,83
21,32
10,32
11,76
35,11
70,54
38,31
78,15
97,88
00,46
17,45
34,62
41,22
00,82
90,20
92,87
90,42
63,24
84,27
35,39
78,90
87,83
40,41
06,18
93,11
74,26
71,05
29,79
60,14
04,30
55,26
97,13
20,65
63,84
46,73
35,33
95,59
50,61
21,17
93,70
87,64
88,48
45,56
18,71
87,94
52,90
04,86
21,88
41,58
26,76
87,84
80,47
37,12
39,02
06,30
93,27
70,20
31,87
62,79
69,59
67,87
60,15
01,04
24,49
29,70
10,75
86,51
23,98
06,68
15,22
06,07
87,46
01,67
88,68
91,93
84,99
43,10
63,38
27,50
76,31
62,67
82,57
05,86
44,40
74,93
56,38
69,72
24,57
46,70
90,52
12,64
92,54
14,85
11,34
14,73
95,73
06,16
72,25
32,22
05,39
93,43
06,42
95,86
65,43
22,95
82,44
40,35
72,01
20,57
84,39
42,04
25,93
25,91
71,28
12,33
59,48
49,89
81,00
42,40
08,49
97,55
72,55
78,60
61,23
85,59
12,73
72,77
05,85
94,93
40,15
20,01
70,50
24,73
00,30
90,42
21,00
08,17
04,86
27,58
95,28
97,98
16,05
64,15
89,86
29,88
59,80
23,05
81,96
95,41
65,01
19,48
52,56
26,35
04,75
09,62
28,52
51,73
48,29
06,54
60,55
07,58
88,45
85,63
00,08
40,06
67,16
22,02
59,60
49,35
55,50
66,01
80,99
15,19
69,86
40,24
77,38
26,80
65,33
66,90
25,91
77,92
45,12
36,12
01,41
38,36
46,59
67,65
79,56
71,88
10,86
06,68
32,35
48,02
14,76
53,13
04,95
23,02
61,47
22,35
53,01
70,18
44,96
87,09
17,47
85,48
68,85
67,22
38,51
68,61
02,14
87,97
20,93
68,74
42,99
46,00
94,53
52,24
47,12
93,40
01,65
31,22
04,63
63,26
21,57
83,91
90,35
42,33
06,06
84,57
29,56
16,36
11,53
41,16
53,17
09,44
33,39
52,49
59,47
43,03
48,28
82,74
48,98
69,37
01,50
48,75
89,25
23,47
63,76
26,54
17,64
81,90
67,84
93,81
78,44
24,63
54,98
27,85
54,01
11,05
28,23
82,10
48,11
34,80
84,86
21,44
23,39
29,80
05,77
50,97
57,19
34,83
15,82
68,70
51,34
82,87
14,16
33,77
74,36
90,51
37,53
13,92
35,11
89,77
63,27
91,67
82,77
77,04
06,25
46,30
11,69
15,10
24,69
54,16
87,26
56,56
92,66
27,43
74,06
47,70
83,64
08,20
14,94
78,07
13,14
22,33
37,43
66,23
54,41
26,70
20,20
74,43
83,85
42,16
71,33
68,27
19,24
27,64
46,51
61,06
36,13
01,27
73,80
96,95
23,36
85,96
96,65
73,71
69,98
25,21
43,32
05,81
48,53
60,20
14,20
00,22
34,70
82,88
65,93
21,28
27,34
93,43
79,33
80,28
75,08
19,86
44,83
18,05
81,06
08,94
83,46
00,68
67,39
05,69
17,38
01,26
00,86
01,71
17,08
82,35
45,34
46,56
48,28
57,17
85,69
02,70
84,89
61,25
78,74
11,80
98,43
38,79
30,06
67,45
64,11
98,07
72,38
62,99
95,57
69,73
04,66
07,47
26,58
63,18
76,47
13,66
61,88
04,06
78,32
71,56
14,93
98,13
41,63
32,91
79,09
64,03
95,02
53,84
50,04
34,90
55,29
82,29
94,66
51,06
64,84
71,28
89,54
30,71
42,02
54,07
92,33
94,16
63,87
40,97
77,05
48,78
13,97
29,34
85,84
83,74
48,87
60,43
48,42
97,61
02,72
00,87
13,71
12,57
16,85
57,63
88,15
96,71
16,03
13,63
33,52
05,25
73,98
72,59
52,78
43,66
91,29
18,16
55,91
30,43
02,58
81,77
91,98
92,98
46,76
43,60
56,18
07,78
18,92
83,48
52,51
83,29
41,81
34,67
53,48
56,29
83,32
98,14
33,31
53,73
12,80
09,16
57,77
61,50
98,53
59,13
28,50
48,43
36,35
28,66
12,99
40,71
90,53
89,43
84,93
07,76
33,00
94,48
86,34
38,18
84,23
01,41
49,61
74,47
21,57
06,21
94,38
89,14
05,66
49,48
86,13
84,02
79,94
37,16
49,49
23,78
65,63
40,30
94,96
02,71
83,62
38,71
72,88
95,73
25,91
68,02
58,19
33,36
11,72
55,37
24,15
77,75
30,63
28,47
87,02
23,75
50,04
12,96
14,11
36,46
67,13
41,47
64,33
15,96
43,33
27,34
22,36
82,44
95,68
73,63
85,85
37,37
51,11
34,49
33,84
80,11
40,72
49,24
57,77
31,02
24,34
41,88
54,37
29,03
49,56
78,22
01,18
55,41
11,16
48,55
82,84
71,63
62,72
59,14
64,17
18,19
47,21
92,18
43,62
96,63
42,25
18,86
59,79
14,11
00,34
15,19
04,35
21,35
50,82
01,25
55,20
86,24
59,83
51,60
39,12
79,00
92,37
25,07
97,54
35,44
11,25
94,14
12,77
65,49
45,63
61,92
57,54
27,40
16,74
79,93
81,76
89,32
46,73
09,86
02,75
97,90
02,16
96,73
58,92
46,65
18,81
59,23
51,97
48,00
24,59
24,45
70,93
18,61
41,35
89,53
73,30
57,34
58,05
36,55
12,44
50,49
09,50
28,57
08,87
91,81
36,28
43,48
77,08
74,22
28,72
60,29
50,04
67,20
26,19
46,26
17,85
67,43
44,60
87,71
10,85
82,60
34,22
26,88
60,63
71,96
04,47
60,21
43,88
61,75
61,62
07,09
83,74
16,58
90,34
26,92
16,78
46,45
59,47
40,86
36,83
06,31
92,20
89,93
40,21
34,86
53,09
29,43
43,59
82,61
84,72
59,68
09,90
64,29
36,89
64,81
42,93
67,27
40,91
25,65
10,07
74,69
57,96
52,19
36,72
28,90
01,25
11,32
84,43
05,14
40,07
59,53
56,27
54,24
65,41
74,92
83,55
05,87
13,54
95,30
73,93
11,64
92,48
64,39
25,19
79,64
55,52
20,29
11,78
18,62
10,39
41,77
43,00
74,68
61,39
26,78
24,15
73,19
75,92
40,83
13,69
85,25
87,43
64,47
67,34
06,40
55,51
24,56
66,45
53,72
49,02
82,16
71,91
47,32
83,73
42,95
35,33
65,70
58,76
08,93
77,49
39,42
41,12
22,19
97,85
82,52
40,63
07,36
11,77
24,90
59,79
27,19
17,00
58,19
52,89
70,97
08,15
87,74
37,99
82,02
71,49
26,66
05,24
42,96
03,49
43,29
29,51
43,65
51,77
66,83
54,63
69,06
54,57
82,60
32,64
49,20
50,28
77,87
18,73
36,90
65,35
39,18
05,06
02,51
67,03
14,72
31,78
44,14
17,27
19,45
64,80
55,69
30,22
70,61
39,45
02,57
37,98
15,32
70,34
07,06
74,73
21,38
10,98
73,68
64,33
02,65
74,32
16,59
54,65
39,59
98,64
92,42
68,50
74,47
02,37
15,75
63,04
64,85
98,25
21,28
58,60
83,22
02,28
64,35
93,77
87,85
64,41
36,79
80,16
73,36
62,36
70,83
74,05
68,02
97,66
63,12
73,24
38,25
96,62
89,12
35,93
10,75
18,60
77,40
59,19
34,92
36,29
53,92
22,03
62,69
64,81
60,87
66,21
32,37
85,80
19,05
38,15
12,48
09,12
79,03
20,25
81,35
39,13
08,29
93,62
84,89
62,43
08,46
50,06
32,83
42,15
97,79
97,44
89,50
19,26
36,83
96,06
36,60
63,52
87,01
96,62
48,91
58,68
18,37
14,73
07,71
14,15
20,77
80,35
11,56
05,35
48,84
08,57
34,69
05,22
77,79
83,70
45,51
17,70
94,71
48,64
65,72
61,42
48,88
62,28
48,59
52,54
01,13
50,43
05,34
16,85
38,73
23,71
24,99
33,80
39,83
14,66
92,12
48,69
89,80
36,11
18,13
04,85
05,14
61,93
66,56
51,56
15,76
54,91
03,34
63,90
38,75
18,56
19,19
40,38
63,72
29,51
68,72
05,29
52,71
17,15
91,44
31,89
78,96
82,82
49,23
00,64
90,12
36,27
87,90
58,27
18,86
86,57
80,82
15,36
27,22
90,79
82,97
00,56
34,56
58,97
02,20
36,71
15,97
36,51
61,10
43,70
46,20
64,14
11,60
46,58
21,40
57,06
20,05
05,52
49,92
00,26
60,52
82,81
01,02
54,39
11,86
73,88
43,06
84,52
45,35
64,37
21,42
50,23
16,51
65,88
63,04
95,25
11,40
70,95
27,74
67,33
63,42
89,78
68,01
10,80
04,74
09,92
95,49
63,36
50,35
70,10
06,18
56,02
23,81
04,30
39,01
19,87
21,20
76,04
49,47
73,53
52,68
88,57
47,71
16,58
05,92
52,07
01,90
42,01
83,61
01,32
85,55
46,92
35,45
49,53
85,71
25,17
61,05
87,04
71,62
48,61
78,43
03,45
86,32
37,38
01,38
86,59
12,83
53,80
67,04
04,94
98,57
39,74
71,99
46,16
76,84
90,83
06,33
63,90
03,74
08,39
42,48
74,78
23,93
88,80
86,77
64,92
78,48
41,24
20,13
61,56
15,42
60,53
51,99
49,56
13,43
98,30
50,85
92,41
88,75
72,49
67,85
92,37
79,34
84,43
52,33
53,79
69,37
29,81
18,33
52,44
84,91
18,22
86,03
04,74
31,16
22,51
18,98
02,23
12,61
55,20
09,35
52,37
55,83
23,55
13,72
81,04
06,28
59,57
48,92
74,36
46,64
31,22
08,48
30,36
82,22
27,37
00,07
53,33
79,42
90,11
44,76
78,90
59,09
15,49
28,78
30,03
16,68
45,69
31,14
19,07
28,81
38,14
38,65
93,69
06,24
01,09
70,45
73,35
32,28
20,72
34,89
60,15
45,78
93,69
64,03
45,58
04,69
24,87
81,13
97,36
86,11
15,75
72,19
09,22
89,62
92,61
53,60
18,53
92,23
14,93
64,04
67,19
60,20
71,55
16,12
37,02
00,35
86,60
90,11
09,75
75,21
06,57
83,89
59,71
29,39
34,28
55,45
18,47
72,71
24,62
54,86
65,42
47,85
30,57
77,28
25,41
78,56
50,47
03,38
80,65
87,84
48,38
60,14
13,99
69,08
12,47
85,32
71,69
63,75
22,37
17,31
09,02
31,64
34,71
06,89
96,96
44,95
51,02
18,90
13,18
00,81
37,25
19,77
98,00
80,29
73,44
57,75
72,66
70,56
72,14
83,37
19,48
82,44
64,10
50,31
85,77
11,49
74,44
96,33
82,27
07,34
31,07
15,85
81,94
28,18
09,59
65,47
68,40
94,23
19,29
07,80
40,21
58,07
36,66
94,97
65,28
65,08
48,14
88,20
24,13
87,41
35,40
04,35
92,74
68,33
36,19
67,26
48,80
24,41
47,24
91,56
20,70
38,38
88,01
41,76
11,48
70,40
37,41
28,30
22,39
08,09
57,34
18,74
41,79
79,66
83,08
27,33
50,64
75,33
98,04
04,64
68,57
86,39
38,03
31,46
17,46
36,35
77,61
83,82
98,08
43,84
26,27
24,35
06,10
10,41
10,23
35,32
49,77
13,55
72,76
34,40
67,23
39,05
27,51
41,03
01,04
87,32
74,92
11,46
66,88
33,88
14,52
04,74
33,68
42,34
56,78
77,86
78,40
85,76
52,81
74,89
87,85
41,52
77,83
96,24
53,45
83,81
65,24
38,66
55,82
53,01
85,00
95,18
06,94
92,58
52,17
32,06
75,90
43,45
20,33
49,37
94,26
89,27
56,14
84,94
21,16
54,49
27,15
11,09
83,25
63,98
07,05
05,11
73,87
88,49
27,99
30,07
24,96
25,21
20,62
41,16
43,98
51,50
51,40
17,10
90,87
72,12
64,53
16,39
64,74
26,03
36,50
27,93
44,18
26,48
10,55
96,13
76,55
82,05
46,91
83,21
25,55
22,97
26,56
39,44
88,49
47,34
68,35
50,78
02,14
16,56
00,27
47,66
64,14
79,06
74,03
42,29
05,92
50,95
77,04
11,62
84,79
32,25
76,77
19,04
44,75
88,40
63,16
22,30
81,85
01,53
10,34
98,70
79,39
07,42
24,34
85,26
39,35
81,20
00,44
09,99
88,71
04,01
78,44
72,33
07,74
86,70
26,39
28,70
71,71
72,66
78,65
77,96
87,27
04,92
78,44
10,60
57,97
40,12
07,54
85,71
68,84
84,83
59,26
92,01
24,81
65,68
45,79
52,45
28,99
98,57
88,97
20,28
40,21
61,55
96,58
58,31
32,43
00,91
16,80
41,17
84,27
75,51
55,81
95,60
90,32
81,59
36,33
58,16
16,75
39,83
64,62
85,01
62,16
17,07
68,77
40,05
84,02
87,41
05,08
39,03
06,05
14,80
58,71
25,30
07,39
86,33
98,84
20,19
21,55
40,84
84,53
76,17
65,70
39,44
38,17
61,78
40,61
76,45
02,13
65,41
85,69
49,67
43,58
45,00
46,18
18,16
48,77
94,21
00,31
62,03
40,20
46,67
35,34
38,35
96,26
87,56
17,27
13,78
00,35
13,10
58,37
70,26
19,69
09,26
48,42
58,90
70,05
16,66
95,79
76,00
09,44
84,33
55,49
63,10
12,55
00,13
55,54
09,16
75,24
45,31
22,73
64,91
01,89
17,91
97,63
90,84
94,46
07,99
73,10
57,49
72,30
27,65
34,01
63,25
98,86
62,42
82,22
44,38
08,72
92,90
40,61
69,42
23,62
46,14
49,30
60,23
03,96
00,84
92,54
90,33
48,22
01,20
34,54
70,24
56,19
96,14
13,12
43,78
10,57
59,29
80,88
82,81
65,71
08,60
72,21
00,71
63,48
08,97
68,11
42,71
40,35
95,02
14,82
98,69
15,35
12,00
65,63
86,76
41,80
45,53
69,19
53,96
68,58
00,15
92,39
85,76
24,80
19,28
82,78
79,13
51,26
60,94
97,83
94,22
42,96
96,23
87,73
88,51
04,00
86,39
12,86
87,12
32,70
93,50
77,83
37,55
58,95
52,45
41,14
60,71
94,44
37,42
71,07
10,98
47,55
44,95
00,22
15,14
37,19
23,30
71,32
84,53
90,29
63,08
11,43
54,44
46,13
01,53
62,61
10,44
80,73
52,77
11,28
72,05
01,68
53,59
95,11
88,08
59,49
52,60
37,10
98,95
52,39
63,02
51,92
52,27
33,96
62,82
96,01
40,20
19,50
87,43
96,01
63,36
01,97
65,01
35,32
25,29
86,98
89,13
50,11
86,99
71,51
50,12
55,33
48,67
08,51
82,97
45,37
15,12
98,54
37,04
54,70
76,41
27,63
02,45
47,97
33,75
71,26
88,04
83,12
37,80
00,04
95,10
55,19
74,47
19,31
55,56
41,95
36,28
62,77
09,89
05,45
82,72
33,09
07,31
65,87
50,18
81,74
11,04
55,39
88,41
12,83
24,58
72,97
02,06
83,85
55,45
21,02
79,19
79,26
73,29
64,57
11,52
43,77
19,70
71,53
97,71
28,05
78,13
08,89
77,03
92,84
31,38
37,24
18,52
96,24
57,88
48,27
40,91
64,96
82,04
63,74
69,49
86,50
06,67
12,56
23,65
90,33
05,18
23,30
18,83
57,67
22,80
17,90
53,10
13,29
36,05
69,09
23,21
73,27
23,49
94,00
15,31
87,82
16,99
89,72
18,55
87,68
91,49
74,69
88,07
83,29
88,89
04,16
05,33
85,20
49,57
21,25
61,22
95,59
90,77
90,05
40,67
17,36
51,26
86,89
31,61
47,78
62,58
68,07
61,39
98,90
41,39
42,27
34,98
36,75
13,88
45,72
82,93
67,66
23,23
93,12
63,30
44,60
16,80
13,69
56,75
96,95
25,31
91,17
59,33
32,86
23,55
57,85
79,58
35,34
71,40
06,97
00,36
76,57
21,35
09,34
88,73
08,92
85,84
03,47
09,53
21,82
73,60
52,34
83,22
01,40
87,56
58,23
62,00
56,49
18,61
71,61
54,52
11,65
60,40
96,79
66,00
44,20
08,15
01,73
23,12
37,55
01,37
40,42
34,59
50,47
23,75
98,73
08,30
50,26
79,17
87,48
88,49
59,93
97,53
79,48
79,64
49,18
68,13
86,91
55,36
76,05
18,88
59,05
70,29
15,44
19,23
55,69
39,53
37,44
06,23
03,98
41,12
02,36
95,90
55,31
93,90
98,92
85,97
87,04
35,99
32,52
01,88
43,44
21,52
68,01
04,03
96,99
68,96
89,28
37,23
44,56
62,17
79,29
35,74
41,43
22,23
20,77
02,28
18,06
75,93
59,82
15,07
46,77
49,02
89,83
15,17
15,15
08,39
18,82
67,23
59,84
21,57
57,46
07,18
52,63
91,27
51,01
19,32
78,67
54,28
57,56
31,05
47,16
48,36
57,38
32,48
80,58
97,41
12,21
77,06
79,89
67,14
03,47
73,79
28,45
86,92
03,73
96,41
97,36
83,64
75,15
28,75
63,95
81,45
85,12
65,30
61,04
91,01
17,72
03,19
30,98
40,45
14,87
46,72
97,11
49,29
37,68
90,92
71,66
10,94
21,06
33,80
25,04
77,10
28,49
96,42
02,69
30,46
61,29
76,31
44,42
47,33
44,29
23,46
55,77
68,19
19,84
28,59
27,81
10,00
20,32
86,38
46,48
54,29
41,18
64,03
40,71
19,83
30,40
15,49
00,80
71,90
25,60
56,91
80,93
49,40
20,94
26,70
46,28
19,37
10,69
16,13
24,81
00,71
64,18
09,48
72,29
54,76
18,93
18,29
00,28
50,55
20,65
45,74
85,08
90,52
55,49
91,93
45,56
06,14
00,14
51,06
29,53
95,92
74,26
35,11
16,07
34,82
65,46
17,57
52,71
19,80
51,39
63,59
33,73
08,74
24,10
85,36
30,83
51,59
34,08
44,12
15,90
75,95
78,27
90,15
76,97
82,48
56,44
41,79
13,55
45,23
60,05
41,58
09,87
25,63
37,35
84,44
44,26
47,53
51,73
41,50
45,56
05,42
97,06
41,48
11,48
12,02
68,36
57,02
48,62
45,28
70,65
44,60
28,87
73,03
68,25
87,15
50,37
95,62
90,68
21,44
08,68
89,23
96,90
98,37
14,31
80,78
76,70
06,93
70,63
45,12
97,59
20,48
21,55
64,23
53,39
51,05
85,66
60,51
35,58
19,48
94,04
62,21
75,53
51,11
59,44
45,55
17,69
02,39
85,95
50,66
48,06
59,84
16,65
53,48
14,72
06,29
98,39
42,15
50,96
61,02
51,39
32,30
06,99
79,85
16,37
35,16
21,57
11,15
46,13
76,89
11,85
72,36
58,66
58,71
47,86
79,70
71,10
31,30
71,05
66,78
98,08
65,54
75,46
54,67
26,13
87,32
03,35
40,51
88,15
45,17
34,65
73,74
81,28
90,40
39,64
34,80
96,29
60,36
31,61
14,09
32,65
40,76
17,54
60,05
52,03
34,14
75,52
47,65
70,42
44,97
84,15
77,36
36,78
30,18
25,46
41,54
35,85
77,61
39,61
26,14
85,27
12,31
70,02
62,71
10,84
35,64
22,45
89,67
77,51
73,36
97,26
13,26
59,35
98,58
15,94
29,73
28,17
69,65
00,29
11,81
33,68
45,77
35,01
10,02
15,44
96,90
18,72
91,98
86,37
68,06
07,32
06,61
06,94
01,27
42,63
90,77
78,41
92,04
69,65
76,96
62,23
04,82
97,84
30,53
58,89
05,34
45,58
21,08
30,87
94,68
97,80
35,64
56,21
28,75
63,34
62,84
67,26
07,61
41,10
38,22
19,67
10,29
40,03
45,71
41,55
82,81
76,61
46,47
81,87
05,24
40,76
08,16
09,47
13,16
80,74
91,38
50,38
75,96
80,39
78,72
67,72
74,25
00,23
81,05
31,56
41,99
39,87
31,33
25,50
29,81
60,55
14,69
55,44
34,59
96,48
54,46
40,10
45,43
63,80
43,19
60,13
61,93
13,23
55,24
23,70
46,87
93,65
85,74
35,10
82,51
13,47
91,48
08,89
22,96
19,77
23,92
48,32
30,38
51,38
94,26
22,42
36,25
69,77
34,26
06,15
52,50
55,83
38,72
21,30
15,79
09,54
51,17
09,40
55,13
86,87
61,97
74,16
25,58
41,60
49,67
15,92
57,06
61,79
52,32
05,63
43,76
21,82
90,47
19,79
01,27
19,48
40,38
23,01
94,42
54,57
84,26
01,86
77,09
35,65
74,51
08,50
14,79
07,27
49,12
20,14
56,12
15,00
69,91
35,94
45,95
63,72
75,70
41,46
30,46
07,47
46,11
42,57
94,49
05,91
31,31
31,30
16,85
37,18
04,78
76,43
90,75
86,02
49,20
51,74
73,04
41,65
11,14
89,38
33,49
39,80
02,73
42,84
23,26
48,37
77,24
52,84
18,16
43,74
49,97
77,04
92,66
47,91
64,05
09,74
76,12
18,44
03,22
19,37
13,24
37,16
42,11
97,24
72,56
41,32
54,33
26,43
29,42
38,15
90,03
05,26
34,80
03,46
65,80
74,50
29,40
21,83
20,27
33,92
20,33
36,24
08,12
98,37
81,97
86,67
40,93
96,34
44,80
90,09
89,76
69,56
40,34
78,80
21,41
67,37
20,75
42,44
41,82
61,06
57,21
43,32
04,31
52,35
78,78
53,85
14,20
72,90
19,14
49,77
76,72
65,90
83,53
24,70
20,89
11,97
90,91
39,02
16,06
21,28
52,59
00,04
44,57
46,08
31,46
66,01
40,85
64,82
43,29
28,54
64,83
92,09
16,67
51,15
62,17
27,58
76,88
85,45
90,61
93,55
85,86
58,25
03,78
58,19
01,66
01,20
05,52
95,36
06,94
63,34
22,04
70,45
13,01
54,90
49,41
38,20
92,70
83,75
75,07
20,13
98,39
46,03
12,22
12,83
60,33
77,18
97,96
80,29
65,76
27,95
91,86
55,48
80,38
34,94
84,87
06,76
57,01
70,99
56,87
75,98
67,88
25,23
97,19
79,72
86,31
11,45
12,04
39,33
25,03
66,31
43,39
91,61
39,50
68,55
51,08
51,77
12,81
31,00
91,05
04,62
10,99
68,30
65,22
26,70
36,53
06,78
22,17
84,73
87,59
86,73
11,32
16,89
56,05
75,31
25,80
26,78
00,44
04,02
76,71
46,90
59,15
84,37
01,70
75,25
80,98
39,53
04,95
86,65
62,37
09,46
17,40
41,65
31,40
06,54
39,28
39,48
27,32
42,39
31,92
64,67
64,22
00,48
25,35
39,19
02,23
63,88
93,09
53,60
79,90
11,77
70,52
88,00
31,14
62,80
62,10
27,51
01,55
38,61
43,87
72,24
91,22
20,62
22,91
23,32
54,24
22,40
76,67
29,31
45,97
81,24
83,47
52,76
98,35
42,49
89,96
69,21
23,30
69,24
82,93
18,75
22,18
43,56
63,48
71,72
67,79
12,36
40,35
21,72
55,54
76,77
13,08
96,90
20,54
29,55
27,53
26,08
89,07
80,58
54,48
95,66
10,62
84,60
54,01
59,57
78,65
33,70
64,78
06,44
85,71
59,82
82,31
64,39
75,08
50,69
62,30
62,28
09,71
24,07
18,99
28,34
27,81
15,22
73,57
67,92
81,33
28,76
47,11
59,26
31,42
53,85
63,45
94,49
90,83
13,16
07,17
90,66
25,34
09,99
33,96
15,21
90,62
76,02
23,58
20,08
60,70
62,37
26,01
81,94
47,23
03,16
44,28
17,87
95,44
04,02
80,29
15,53
20,89
34,44
44,97
75,28
85,18
68,86
39,94
47,48
68,82
27,44
01,24
63,93
73,28
79,21
92,77
49,13
82,83
40,81
43,40
19,30
08,23
48,85
05,22
37,54
93,96
38,90
45,84
88,64
31,25
54,50
74,20
25,75
17,20
08,43
06,30
04,49
21,70
84,74
16,59
81,01
12,45
20,04
21,27
48,72
83,75
05,93
60,01
93,26
88,47
90,10
74,46
51,70
19,45
07,44
09,20
67,95
76,20
19,19
78,05
25,19
15,95
32,34
06,98
98,93
33,89
02,97
37,17
12,86
47,75
90,38
01,77
92,93
81,98
63,44
34,79
34,61
73,13
08,94
07,15
35,05
76,41
36,83
55,97
35,17
59,99
73,16
95,72
25,14
49,00
96,58
91,25
69,56
89,10
71,51
84,55
33,05
91,10
33,18
92,48
91,38
15,12
29,55
81,78
38,07
64,51
90,77
72,39
22,05
72,12
98,53
20,13
55,03
43,44
47,83
69,88
11,58
72,41
60,21
89,59
69,07
40,10
84,34
24,61
34,19
20,85
22,88
46,35
24,79
66,02
73,25
25,47
66,17
41,03
47,68
52,77
40,42
22,25
96,17
36,00
38,68
09,90
32,50
85,09
52,23
25,20
58,43
06,83
70,30
14,89
18,15
18,98
00,29
17,45
65,26
22,81
23,67
00,37
16,61
53,27
08,33
13,14
77,48
58,12
29,44
64,26
70,46
67,45
35,20
74,53
62,95
26,88
81,41
18,94
88,91
97,67
84,37
32,83
03,80
48,91
98,52
23,77
20,89
81,50
03,36
79,65
35,19
83,41
92,21
62,05
59,29
16,50
08,90
14,38
25,96
88,21
03,12
20,06
01,18
19,52
29,55
06,48
15,55
05,48
83,28
71,56
81,59
95,19
40,80
14,43
75,08
88,06
51,25
06,87
79,34
40,98
28,89
77,00
66,31
26,08
24,82
31,48
51,81
39,94
26,13
53,82
94,06
11,21
23,23
39,79
41,73
41,86
91,07
90,55
96,19
69,89
04,02
37,28
83,40
18,48
33,15
39,24
10,20
60,40
48,09
53,43
78,87
35,09
91,51
49,42
00,22
80,45
34,31
90,14
30,02
95,52
41,03
16,29
54,69
66,83
51,08
81,29
48,52
39,47
64,02
51,76
72,26
66,19
44,45
61,90
85,27
92,55
18,80
11,49
92,52
08,10
98,75
76,95
38,54
21,59
97,38
95,03
56,66
13,80
96,98
77,86
34,08
20,18
47,90
07,64
91,24
22,39
08,12
79,07
01,99
39,18
03,36
37,67
56,52
15,46
93,47
80,33
75,92
43,94
43,06
03,17
95,15
67,15
51,37
76,66
98,01
41,47
92,67
65,49
81,12
65,44
06,08
08,02
02,65
32,61
11,78
06,84
51,33
63,94
33,66
20,16
05,94
69,06
39,44
29,11
64,00
70,55
90,99
47,16
47,37
25,88
11,06
17,41
32,08
83,84
60,50
27,80
34,24
11,70
41,58
78,17
05,11
24,90
44,07
13,52
87,73
86,76
48,83
37,72
12,28
29,05
74,20
44,77
14,62
62,63
69,57
67,67
88,69
02,63
19,48
93,03
25,26
83,13
78,51
73,65
43,03
47,95
89,89
93,65
89,98
37,82
25,29
62,97
34,19
17,83
95,51
20,46
04,29
42,11
37,37
68,55
79,35
50,45
91,63
76,69
79,56
84,78
68,19
12,97
06,91
98,49
19,30
12,64
24,79
37,62
77,03
20,56
06,05
55,75
34,03
70,30
44,92
58,27
69,52
26,95
68,74
29,65
71,84
40,65
87,72
56,65
45,67
35,34
10,71
36,37
98,08
72,42
27,11
87,51
25,91
17,59
00,53
03,54
33,82
64,66
31,51
91,84
53,44
66,75
65,87
00,69
62,41
44,14
93,65
08,43
95,96
46,67
40,59
47,96
63,80
92,73
98,88
14,66
91,55
87,90
55,19
66,63
17,66
97,09
51,78
86,31
12,24
36,87
14,86
64,61
73,22
14,24
06,84
70,97
41,60
49,16
98,01
80,91
97,54
84,17
65,40
09,45
96,32
87,33
76,19
31,71
23,67
49,23
34,05
68,18
25,61
68,59
32,72
21,48
67,77
29,06
47,34
64,36
65,10
56,34
33,30
24,49
08,10
81,41
17,32
75,73
57,18
13,26
88,63
44,45
10,76
57,99
54,41
86,83
34,26
44,63
90,77
04,09
66,23
03,17
68,54
15,27
33,40
05,96
23,60
27,22
76,28
81,35
51,60
00,54
06,03
46,99
79,81
18,22
80,85
33,10
91,63
71,04
17,99
25,94
44,16
43,18
40,73
66,56
85,19
12,68
68,98
09,36
01,04
71,24
02,45
65,61
30,06
89,05
73,10
38,94
92,46
35,52
11,47
60,76
23,01
21,01
72,22
44,26
48,01
10,09
55,66
82,02
03,32
93,39
85,27
13,22
24,61
26,60
48,74
12,76
00,47
63,87
11,60
61,77
61,78
69,57
85,99
88,78
84,91
88,40
31,19
68,98
36,97
21,53
41,63
37,81
37,96
80,75
88,26
53,75
50,16
47,46
76,44
28,18
68,37
86,94
39,55
18,68
03,71
51,24
85,68
85,63
66,86
22,76
93,28
90,70
39,12
30,00
02,40
08,10
62,80
18,50
01,69
30,81
52,37
08,73
25,49
51,30
17,90
65,67
48,60
80,75
97,79
44,28
64,37
09,31
86,40
61,44
67,35
90,57
50,74
20,91
92,90
81,37
21,30
83,83
75,08
33,42
91,60
72,85
61,05
10,84
93,53
63,06
95,23
88,98
34,65
19,51
17,35
35,79
75,10
18,63
31,82
85,44
05,11
84,38
31,22
87,85
88,73
76,83
87,63
94,84
42,16
45,68
23,67
36,15
23,31
02,96
65,58
41,27
91,91
30,47
35,91
36,58
80,35
86,36
74,88
67,20
96,58
50,55
05,02
70,69
91,28
93,07
40,60
61,87
10,21
56,49
21,49
60,84
22,09
54,63
92,95
47,70
90,95
33,59
88,45
91,61
47,87
53,50
76,29
75,99
62,51
84,66
10,96
94,47
89,12
50,94
06,69
90,34
19,37
72,88
68,42
60,17
13,88
36,44
64,52
42,75
34,96
07,04
79,20
86,47
51,18
10,06
20,41
77,14
10,71
00,13
34,99
88,11
95,19
27,10
96,71
25,83
41,83
42,86
62,42
11,09
69,19
64,16
44,00
63,27
16,21
56,74
68,03
31,81
78,20
84,48
68,49
29,88
58,65
22,70
41,52
48,45
93,89
11,93
43,36
13,04
91,51
06,45
37,03
73,78
29,08
41,26
95,22
44,48
74,41
25,03
64,73
94,25
94,00
53,44
38,48
65,39
35,49
21,18
51,00
63,97
64,16
98,05
06,04
48,42
21,48
38,63
50,08
34,03
74,34
68,25
95,77
91,15
19,54
23,34
23,87
46,27
34,21
84,66
44,74
23,57
27,61
86,31
16,23
39,39
32,52
60,23
66,98
76,93
78,74
09,41
88,08
39,96
62,89
11,89
55,28
27,88
49,63
67,54
97,06
44,88
02,62
36,62
15,47
97,71
98,39
17,95
24,62
16,28
09,03
82,21
72,05
80,14
27,20
62,43
92,66
38,81
37,35
63,80
92,05
27,02
48,41
88,89
36,25
20,94
80,09
11,03
87,70
04,83
12,26
57,50
91,05
29,67
79,31
54,36
09,08
23,91
20,21
65,27
42,24
95,81
72,47
83,87
37,92
78,69
26,62
33,89
32,34
34,61
67,63
27,75
43,26
64,45
16,32
79,18
19,16
49,52
60,05
39,02
52,59
53,41
93,14
71,40
46,61
40,38
32,75
03,38
52,64
52,05
37,55
88,31
51,32
17,20
06,42
82,23
33,00
69,05
94,06
22,84
31,18
85,41
30,64
70,22
22,27
61,26
21,89
96,54
41,22
77,19
33,51
23,82
89,36
42,55
01,05
95,31
01,64
17,37
65,04
88,81
10,11
71,47
80,96
19,16
20,61
62,89
09,86
52,80
07,42
56,01
31,23
11,76
78,33
64,80
47,22
64,92
37,61
32,02
93,15
34,25
22,57
15,47
92,22
29,50
70,46
12,00
86,00
69,47
58,45
94,26
40,79
56,40
73,49
11,23
89,34
83,60
59,26
39,91
91,88
19,10
19,19
90,67
06,88
85,85
09,70
77,54
48,90
58,88
61,25
82,88
94,41
57,75
56,66
09,76
91,26
36,72
60,20
77,99
05,09
43,10
53,59
36,45
86,64
18,60
39,82
98,53
68,08
21,67
92,91
61,23
83,32
43,46
12,28
89,57
27,14
06,23
81,15
09,54
92,76
21,97
10,94
88,38
93,79
35,47
98,73
45,04
69,13
44,88
06,20
66,79
86,21
56,91
44,46
90,51
27,55
18,47
97,79
52,89
72,85
15,82
59,41
64,66
69,28
44,57
15,50
74,51
24,53
94,77
81,46
92,53
08,11
17,12
54,21
85,98
62,46
83,40
74,88
71,21
98,55
01,07
49,64
63,93
43,46
50,41
28,64
76,22
35,75
14,32
55,23
87,04
20,25
59,94
30,35
49,74
54,26
35,86
69,15
41,21
70,74
64,86
54,03
08,55
57,82
98,34
46,22
02,39
93,56
45,47
16,03
54,27
63,03
50,78
68,26
97,15
93,29
90,90
83,98
87,41
17,56
87,06
76,27
51,66
18,18
46,03
60,39
42,16
48,14
91,47
77,37
50,64
20,21
54,70
53,36
98,12
40,51
35,46
81,29
97,59
51,97
87,64
18,56
52,21
52,24
21,29
36,10
42,18
16,43
33,32
38,44
29,55
14,87
78,33
57,27
89,74
27,88
73,71
61,23
83,10
77,86
40,16
81,23
48,16
69,42
02,56
25,26
19,23
01,41
53,68
79,24
47,64
40,80
29,73
31,69
18,63
89,04
18,94
12,03
48,22
26,59
95,72
55,67
73,08
37,40
45,41
17,50
28,81
45,85
91,41
96,40
45,20
25,89
74,80
61,66
04,35
53,87
36,63
08,81
05,05
77,00
13,75
89,43
32,25
01,58
88,04
65,66
27,15
79,29
61,00
53,93
97,14
79,82
73,60
57,35
42,48
18,72
47,81
19,59
84,81
13,44
57,38
07,81
67,35
87,42
00,73
64,03
80,66
56,96
97,69
66,07
67,33
67,36
03,02
25,53
65,03
32,28
58,69
28,59
25,57
83,48
29,38
58,74
82,53
00,70
63,89
61,29
18,11
94,00
57,66
15,70
06,82
48,15
26,37
56,99
24,21
64,29
92,82
50,53
27,72
53,45
81,54
38,57
16,69
23,40
60,21
19,17
41,62
37,02
10,69
83,19
10,74
19,00
45,10
23,17
12,39
29,29
25,77
49,28
71,80
11,54
92,86
15,46
28,44
06,83
63,13
07,14
10,48
69,72
96,25
74,28
93,51
72,83
06,13
21,48
02,49
66,62
23,84
06,14
10,38
93,53
13,83
38,11
30,19
80,25
75,43
32,24
38,62
06,73
59,20
57,63
27,15
54,03
77,91
80,62
61,99
63,43
81,63
11,90
57,89
69,73
34,13
82,22
75,19
90,29
05,49
70,61
87,60
35,87
98,58
30,54
72,06
53,43
89,25
51,11
10,56
94,42
60,87
74,47
16,28
70,73
15,21
94,57
36,65
04,51
26,60
47,53
06,42
24,70
06,01
43,90
75,02
43,35
49,79
39,72
78,72
41,58
51,39
33,11
45,83
49,63
60,15
78,52
07,00
58,17
85,77
