17,58
74,79
93,56
35,77
17,95
81,89
84,02
26,37
47,30
15,08
20,30
12,69
07,82
93,55
16,50
81,83
84,96
23,41
61,18
64,12
40,96
20,79
03,26
29,63
40,26
55,96
05,16
92,38
51,63
82,61
74,40
92,99
91,07
63,48
55,84
23,70
55,14
98,64
07,87
29,51
01,35
85,03
49,29
09,62
55,50
35,23
33,50
86,33
01,50
24,61
11,72
49,20
57,08
46,02
10,68
02,51
23,37
76,24
92,72
03,70
53,64
93,67
77,91
13,03
46,76
15,95
13,85
10,55
91,21
56,82
55,20
12,17
82,10
58,75
77,76
40,64
30,76
62,62
52,96
88,11
21,84
63,50
66,06
41,29
47,50
18,06
14,07
22,12
13,52
31,33
01,77
52,48
57,29
11,30
98,12
23,56
52,65
16,96
44,92
06,13
47,53
11,55
79,92
46,67
91,81
72,07
81,70
31,55
47,51
93,18
18,09
09,81
07,73
72,63
87,25
36,31
82,08
58,12
19,01
94,59
79,19
98,82
89,91
29,22
81,11
28,89
15,55
30,13
79,83
80,85
74,59
04,11
39,06
44,60
09,40
54,42
64,54
22,99
88,64
09,62
50,75
83,83
62,93
32,32
12,75
63,47
46,17
65,15
72,04
81,34
43,84
65,93
70,94
49,11
38,90
03,83
71,02
25,87
41,99
17,24
92,08
10,88
05,94
40,91
72,03
52,58
26,25
41,18
65,89
80,68
16,01
20,12
15,40
72,80
07,36
93,76
88,20
97,09
64,09
66,93
73,96
92,28
16,88
23,79
27,57
63,84
91,43
56,56
12,61
17,92
29,88
54,52
62,17
75,31
71,55
81,33
63,36
54,84
82,00
60,02
17,59
31,27
29,39
67,69
70,95
48,25
64,92
07,08
14,87
81,64
84,07
83,98
24,67
10,27
94,42
96,06
13,01
94,00
35,71
33,68
68,09
37,99
93,49
30,87
13,00
25,23
22,25
27,94
82,87
31,21
29,39
01,06
41,72
34,35
34,44
82,38
56,79
39,60
90,35
97,54
49,45
89,54
62,12
85,62
94,72
14,46
13,43
12,42
77,01
34,84
95,76
20,96
45,09
42,04
66,84
07,16
83,40
18,12
23,70
52,18
26,21
81,34
76,50
98,88
37,73
18,24
84,60
09,45
92,40
35,70
39,84
82,77
12,81
06,43
84,09
14,66
76,75
22,58
53,08
62,75
42,46
24,51
64,55
49,82
78,11
37,50
75,34
98,80
24,72
81,22
92,58
59,29
05,51
14,96
77,62
78,83
76,29
90,00
21,54
22,96
83,12
26,65
60,15
56,78
85,89
95,91
12,26
56,63
85,51
85,54
40,91
36,42
10,64
74,44
45,77
26,27
47,78
38,54
43,26
86,03
09,22
94,58
52,64
68,86
71,85
55,71
36,82
10,93
25,73
79,24
31,37
71,07
42,86
70,40
08,33
13,56
46,50
04,95
47,77
42,82
94,69
14,69
66,89
33,55
00,04
21,52
32,40
80,63
14,88
46,02
17,84
38,95
77,07
95,91
10,43
26,28
61,42
84,91
42,35
00,62
94,38
96,57
37,55
40,10
45,44
87,17
85,30
88,49
15,69
71,13
30,74
65,99
92,48
23,88
34,05
69,03
06,05
98,95
05,08
50,96
85,02
52,25
23,23
76,27
04,29
16,14
63,86
34,84
60,47
97,92
27,69
03,25
11,55
27,96
09,63
42,39
02,68
74,50
09,13
32,53
41,04
80,57
52,16
31,91
63,85
10,30
26,04
97,44
85,36
46,91
55,15
80,23
01,22
70,49
38,18
49,92
86,24
33,78
35,41
18,59
03,96
91,35
52,46
59,25
15,34
43,65
98,70
35,79
61,31
50,16
94,07
97,11
01,56
30,68
01,50
27,59
96,63
47,95
06,34
62,60
69,11
29,93
37,46
50,28
48,08
90,15
97,43
46,25
65,05
62,97
22,15
04,00
91,05
73,95
13,97
59,16
83,15
43,01
05,53
62,05
34,58
19,72
77,39
62,78
32,49
26,55
30,14
21,29
17,33
15,00
37,21
70,92
92,79
94,09
39,97
30,51
00,82
56,83
21,86
21,11
61,62
58,34
79,54
30,32
37,23
03,32
76,63
28,32
77,96
15,03
56,59
14,84
46,63
67,95
49,84
74,64
83,65
04,23
49,48
82,28
41,65
37,84
28,46
94,53
61,88
44,84
86,07
58,31
79,03
74,99
64,46
53,64
47,55
47,56
28,89
84,70
34,26
44,32
37,00
40,33
18,36
27,54
27,72
26,56
13,58
78,92
25,04
17,49
96,77
72,61
45,82
31,33
63,85
68,85
05,88
95,09
33,25
42,69
59,64
43,28
44,11
41,51
95,95
30,77
34,66
89,70
81,66
62,10
51,88
60,25
00,69
56,32
76,32
43,31
71,55
87,96
40,45
74,84
28,44
04,73
09,36
88,21
24,01
06,97
59,75
82,96
08,54
73,40
27,35
35,58
50,89
92,10
04,58
95,86
03,22
49,54
91,35
60,29
03,44
46,88
55,22
19,76
93,94
85,85
05,72
57,77
85,74
88,39
50,75
84,70
13,14
01,03
80,48
46,54
74,83
66,50
19,59
01,97
10,69
44,75
63,08
08,05
33,92
66,32
58,04
06,13
13,49
52,12
86,69
55,18
84,72
25,20
48,99
32,53
01,98
75,71
80,62
63,53
95,92
78,90
34,86
37,64
97,46
63,75
53,18
03,39
71,13
09,73
04,53
39,56
66,56
39,02
19,41
57,11
64,04
55,71
56,92
64,76
53,23
79,58
53,28
27,08
57,43
18,15
47,41
13,72
17,13
21,33
78,29
39,65
69,36
65,06
26,14
77,01
35,19
15,07
24,73
20,76
81,71
19,48
30,01
81,13
83,78
26,50
16,85
96,90
04,86
84,51
91,99
29,02
22,82
55,43
79,79
40,92
16,16
41,60
68,90
66,11
32,66
04,03
69,00
64,69
50,45
22,50
02,81
08,31
96,66
29,92
54,58
38,52
17,95
39,85
72,78
78,34
17,67
66,54
31,57
83,05
72,10
40,34
10,57
66,26
95,97
88,95
30,35
58,93
77,17
90,88
56,49
95,03
46,41
54,99
42,54
58,44
23,89
36,26
12,56
58,73
93,51
60,64
94,04
67,95
97,22
70,22
03,72
72,39
90,15
84,84
29,28
63,89
16,17
23,90
48,57
40,86
53,91
11,14
80,61
47,45
62,21
51,10
21,03
42,08
95,09
43,97
54,46
43,43
00,63
68,81
24,95
77,54
12,25
78,37
39,79
13,88
43,98
87,98
40,39
44,08
43,54
71,57
24,91
58,26
12,48
30,40
02,20
14,02
30,25
24,57
90,58
09,53
97,95
28,31
11,12
44,47
15,46
87,77
01,15
35,25
29,56
49,91
06,48
48,23
78,55
42,24
10,08
16,66
97,69
95,06
36,34
85,62
02,98
07,23
67,99
57,23
91,54
51,79
08,50
75,22
92,71
90,91
91,22
42,26
52,30
12,39
08,77
25,29
22,14
92,48
13,60
56,53
36,01
90,16
20,49
31,33
54,27
91,26
51,69
26,88
65,45
90,17
82,14
03,17
76,70
11,23
54,83
50,43
88,76
05,65
63,52
00,45
47,51
36,16
03,81
22,86
84,38
59,64
47,85
01,35
23,20
13,41
83,91
76,72
80,87
26,29
54,80
33,03
44,27
67,96
69,64
97,82
82,38
65,81
42,26
33,14
79,98
20,23
60,40
77,25
15,02
84,88
60,41
24,21
60,52
76,75
76,98
12,48
31,33
05,18
60,28
19,92
49,56
40,86
13,57
75,60
50,59
80,28
72,03
96,59
40,93
56,85
78,65
09,66
10,73
30,03
07,56
98,26
75,89
85,26
01,97
05,69
56,01
43,21
50,07
52,25
16,21
83,29
61,60
90,80
07,76
91,09
43,94
21,11
16,05
18,55
79,50
32,55
64,87
58,11
84,77
22,36
87,46
56,53
83,37
07,43
51,81
52,88
79,60
78,32
49,76
00,55
20,56
29,02
02,30
89,31
31,72
87,04
89,29
57,11
93,34
17,36
40,07
35,27
57,37
22,08
02,31
74,86
41,82
39,59
18,11
58,37
57,41
03,75
69,93
72,62
82,33
78,72
95,59
40,76
80,76
06,81
04,41
46,12
95,03
98,19
90,17
23,76
65,10
84,02
54,14
37,54
16,02
06,67
22,41
06,06
41,20
28,95
63,35
90,81
57,38
43,12
36,59
17,58
30,79
00,74
29,08
37,43
96,67
48,11
85,11
30,32
80,97
94,15
80,13
72,17
77,01
71,93
85,15
83,76
11,48
30,61
04,98
33,96
16,70
42,97
93,47
37,64
60,32
72,44
64,92
83,76
34,02
06,45
69,45
72,22
73,55
29,33
01,83
51,34
25,58
92,43
09,59
12,28
58,31
82,74
06,42
93,11
47,57
89,70
73,38
30,54
91,41
49,90
11,78
81,55
97,53
11,88
48,00
64,15
75,83
70,36
38,63
21,91
98,61
97,06
98,33
54,57
60,26
79,60
85,62
54,98
21,54
92,68
21,34
76,93
79,33
12,83
63,46
15,44
05,59
78,28
89,66
43,57
81,19
34,15
97,93
24,88
67,29
54,70
60,03
77,56
38,72
11,74
66,80
59,49
00,83
07,66
74,91
03,27
68,29
58,56
32,39
21,16
98,26
00,72
82,40
89,33
09,06
22,97
88,35
83,38
75,92
75,20
67,30
55,49
19,17
95,07
44,66
19,13
52,80
56,50
44,92
13,30
08,29
66,77
93,03
04,74
26,70
83,89
81,01
05,65
07,44
54,84
55,43
72,47
60,42
32,77
31,89
82,38
37,86
76,39
90,07
62,16
49,30
81,88
10,66
02,82
45,67
48,75
12,18
66,18
44,96
49,93
36,11
56,67
97,35
28,47
54,62
00,66
55,82
01,89
18,61
64,75
66,26
33,95
76,90
29,75
52,08
95,60
74,17
80,53
44,96
09,01
97,21
30,14
35,99
40,49
93,50
02,35
69,79
14,44
96,64
70,34
63,58
49,85
91,62
82,89
46,12
66,12
39,60
42,46
29,46
44,56
17,52
90,19
94,26
53,47
89,09
74,20
40,99
29,44
04,75
47,29
75,78
97,26
30,48
07,66
55,17
33,64
89,02
57,41
54,87
48,00
10,79
17,96
50,04
11,59
27,32
13,08
08,96
18,42
72,63
14,76
47,27
26,55
75,82
12,71
97,69
07,88
45,52
48,33
20,45
73,77
44,86
55,49
51,96
66,62
94,91
06,64
45,11
13,75
12,75
85,73
31,76
97,17
76,35
82,62
81,52
12,10
65,93
95,80
78,78
97,44
24,63
50,60
92,84
26,07
22,07
22,47
67,21
91,17
73,70
68,60
38,08
70,72
17,91
86,30
01,21
05,90
08,84
05,92
96,05
52,19
97,03
71,18
37,77
80,55
63,23
62,24
16,20
59,74
25,81
25,48
34,19
33,27
42,04
24,14
81,00
52,39
96,26
40,17
28,25
96,22
19,67
73,82
51,30
79,26
35,58
50,94
14,81
19,33
39,65
50,35
14,88
19,17
97,41
42,20
80,48
90,32
33,43
28,83
54,02
27,87
19,43
65,52
02,51
25,47
11,03
58,15
28,78
35,09
70,52
04,78
17,14
25,89
07,29
91,32
05,48
24,23
20,70
35,20
31,99
02,33
84,24
77,66
03,51
80,42
09,70
74,98
27,17
25,74
21,71
13,03
35,30
09,19
87,67
18,19
58,36
36,22
36,30
66,19
53,25
36,10
77,53
87,20
81,95
35,91
32,31
32,88
35,97
62,97
46,93
73,74
44,92
36,08
61,25
67,01
75,04
30,52
19,76
24,42
14,11
43,40
37,98
10,38
51,08
01,82
56,78
01,24
45,17
98,25
53,67
12,65
97,02
90,49
77,74
37,49
11,14
06,46
76,12
10,34
01,78
85,80
10,10
48,01
31,55
14,79
31,04
14,40
88,64
37,11
82,13
71,79
88,55
42,17
94,50
12,41
88,19
16,09
14,21
61,30
15,32
53,54
61,49
98,39
74,51
71,92
44,35
41,99
76,91
29,56
46,32
82,05
34,03
33,27
17,36
05,06
12,18
89,78
43,45
31,73
07,25
23,75
18,32
10,20
73,43
63,99
59,80
62,33
95,12
08,21
17,06
09,96
02,08
09,70
79,69
80,29
42,99
77,99
73,95
21,13
21,35
30,16
39,02
24,03
20,21
40,03
09,09
06,05
31,73
49,28
10,24
74,62
80,91
67,55
35,88
39,77
50,92
26,30
32,31
38,66
72,60
36,51
23,38
76,72
14,31
29,18
34,67
01,41
02,35
48,19
27,00
40,98
47,26
06,02
31,85
16,84
04,11
09,62
98,50
98,44
67,85
09,95
97,33
91,08
65,00
29,59
84,23
03,60
78,65
73,33
45,81
57,45
89,89
46,57
46,14
02,57
55,87
41,20
64,88
55,00
16,64
00,72
84,03
56,56
51,83
94,32
96,77
70,27
16,52
05,88
45,04
16,07
62,66
44,20
52,80
95,78
47,03
02,05
27,24
34,41
29,68
61,04
96,60
08,34
28,95
77,03
35,03
39,34
70,80
75,38
59,19
77,21
63,30
95,99
39,59
75,92
72,95
69,01
43,62
66,77
29,75
75,15
39,51
91,85
78,36
30,25
44,59
71,21
11,42
87,13
38,55
38,04
51,29
56,90
96,37
06,34
46,22
94,21
79,97
92,92
12,30
25,23
12,00
54,55
06,26
31,86
06,93
51,96
67,38
50,92
78,41
27,55
35,78
93,28
29,00
17,32
81,54
21,92
38,00
91,47
22,77
02,64
31,65
92,58
58,43
72,34
47,93
76,37
69,23
49,37
45,34
79,05
35,34
30,26
07,07
62,13
88,65
47,70
58,45
95,98
10,61
54,67
01,34
07,53
50,27
33,26
56,43
02,85
49,20
49,15
88,92
74,92
38,13
98,44
05,68
80,37
43,99
18,03
47,59
60,53
10,93
59,87
21,00
06,98
21,14
90,94
28,15
28,62
64,35
72,15
88,94
23,01
21,43
55,20
13,61
15,02
42,24
59,73
31,06
81,67
00,57
42,36
67,80
56,48
40,81
21,56
20,01
37,64
17,82
79,81
15,34
45,13
08,80
20,94
06,07
87,87
17,36
05,37
91,31
20,98
37,30
83,62
00,46
10,86
16,38
79,21
63,97
55,06
86,58
54,18
18,51
32,63
53,69
78,44
02,36
88,75
01,08
79,12
94,59
33,99
69,40
30,48
43,75
20,52
94,65
34,29
13,45
75,86
10,00
23,72
06,07
58,94
38,47
00,58
11,10
95,94
81,82
24,21
11,99
98,64
46,19
55,88
60,71
20,68
11,70
57,61
49,12
68,87
59,58
51,94
36,01
76,54
59,41
51,27
78,65
60,57
87,27
69,45
01,01
20,03
17,09
42,35
52,25
53,17
23,65
91,55
97,39
89,84
78,79
96,44
14,12
76,59
71,04
34,62
20,54
74,13
62,90
97,91
93,60
85,08
42,41
12,95
80,29
38,91
28,95
93,06
20,56
31,97
04,69
45,82
25,69
50,96
09,15
10,82
97,54
65,33
94,03
23,91
55,50
15,62
64,68
85,44
43,47
96,24
32,78
84,13
45,18
81,67
20,56
63,52
68,28
95,12
90,12
81,34
75,50
10,89
39,52
54,39
48,82
21,28
06,33
38,53
26,22
93,11
52,33
66,49
26,91
97,73
48,39
16,39
82,22
73,91
46,56
49,43
28,36
88,81
73,30
46,32
64,25
12,11
72,47
08,86
97,36
25,25
24,28
03,43
75,06
78,88
37,78
83,18
79,55
93,70
62,83
13,99
26,61
97,01
80,39
00,96
97,67
06,84
49,21
36,32
93,64
39,69
56,29
35,41
15,62
75,62
88,87
51,21
05,74
59,89
70,25
53,29
72,24
92,17
25,92
45,36
64,82
32,09
42,04
12,24
40,29
76,60
46,60
85,27
67,45
98,06
87,35
38,30
32,35
35,47
26,37
11,70
58,56
69,87
52,44
22,04
61,60
62,92
31,15
91,66
36,60
23,30
31,41
82,75
43,72
60,60
51,69
29,42
11,88
83,47
56,51
07,48
70,42
60,82
45,20
00,12
62,89
03,22
47,91
53,89
17,29
82,80
95,75
67,94
59,76
50,61
44,88
85,25
49,01
60,64
34,88
18,80
36,12
93,53
72,18
70,03
45,02
10,57
66,74
78,24
37,16
31,39
10,30
52,93
53,33
35,71
06,44
39,86
78,44
95,35
60,69
06,15
43,00
88,05
12,43
96,36
82,90
58,38
46,12
93,57
23,41
26,72
75,35
57,25
84,13
84,40
68,02
23,80
38,48
40,61
05,38
96,68
18,73
30,13
18,15
54,42
64,35
43,86
02,15
61,91
39,42
77,34
21,09
95,97
61,26
42,97
34,81
40,51
28,22
53,78
47,50
22,29
59,54
34,33
46,63
58,09
82,79
72,87
31,97
61,43
85,03
94,51
53,49
70,45
11,87
98,01
71,92
67,15
51,39
63,71
21,86
52,17
58,28
22,03
12,03
59,85
67,99
29,07
31,27
09,11
44,01
95,10
20,00
94,30
53,34
67,72
62,50
63,54
96,32
74,28
22,67
11,53
43,46
10,97
64,64
92,53
00,92
46,36
53,87
52,85
35,38
15,79
88,04
09,05
93,59
59,76
26,35
71,84
12,83
81,58
96,82
17,92
92,79
81,63
38,87
54,70
33,78
40,96
89,20
05,43
22,33
39,35
77,22
31,27
86,37
92,95
90,03
18,28
71,83
27,21
71,62
57,82
38,43
90,75
00,29
50,33
29,77
90,85
11,02
86,22
30,51
78,16
06,26
53,16
37,27
16,76
37,05
54,14
04,34
39,25
97,85
22,39
79,95
73,98
69,68
60,40
52,91
18,70
42,13
36,37
15,49
16,73
25,92
19,63
36,73
13,17
94,10
49,76
78,65
17,61
35,04
95,93
03,97
48,43
78,31
60,85
48,04
97,73
78,22
72,00
07,34
90,16
43,72
09,83
35,77
89,68
89,41
92,07
14,24
54,71
76,06
76,42
44,81
16,40
94,11
93,64
37,26
13,07
44,48
90,35
17,72
01,33
86,15
19,71
43,17
13,10
84,30
59,79
46,02
38,25
60,70
57,17
15,00
58,50
68,16
85,66
38,40
72,87
52,13
72,38
71,79
16,20
05,78
33,36
51,51
80,99
50,40
14,20
80,15
40,23
70,29
51,47
37,10
50,84
90,24
10,09
97,73
46,03
62,77
81,33
60,67
98,82
40,10
93,73
43,19
60,99
32,30
90,67
91,93
81,89
28,71
22,67
81,21
34,56
31,94
16,60
75,75
74,22
95,87
64,70
67,90
92,16
84,33
12,68
27,34
31,89
54,56
92,98
89,30
63,88
69,68
34,93
18,90
62,74
81,63
96,27
91,99
14,67
65,54
04,83
49,02
70,72
04,75
87,57
94,14
62,38
09,58
29,93
08,42
43,22
30,18
92,22
15,26
71,95
56,15
88,32
79,93
97,32
37,62
30,19
68,59
36,64
52,48
93,35
53,83
18,99
38,27
25,02
11,99
02,05
49,78
91,19
24,79
34,49
60,86
13,81
32,65
96,33
27,52
72,13
11,20
23,67
32,08
32,09
26,92
66,78
03,70
88,83
22,55
52,89
44,89
97,51
01,33
24,81
45,88
13,76
46,18
80,75
46,63
26,71
88,34
67,04
19,33
74,59
43,47
80,77
82,74
39,76
81,46
28,75
22,48
64,41
70,40
67,83
78,67
61,09
02,90
57,18
09,60
97,84
68,08
34,95
48,26
06,70
73,78
43,40
95,36
67,43
81,51
29,73
57,54
06,17
65,49
35,57
90,66
28,15
06,78
30,52
89,97
27,74
15,98
18,98
12,02
00,52
70,55
00,14
82,39
82,46
61,77
47,11
64,30
83,97
03,36
24,77
30,15
30,15
33,13
49,62
07,46
14,31
41,12
74,24
84,46
14,72
77,81
54,05
20,86
96,42
83,07
33,87
94,59
07,06
39,97
97,48
55,17
22,66
90,70
88,74
52,73
27,62
97,48
20,70
32,84
32,47
85,70
80,73
52,53
71,30
37,61
54,40
15,80
82,26
09,83
48,00
80,57
69,25
20,82
63,48
77,86
45,39
32,18
22,64
83,38
48,81
64,09
91,69
39,84
27,09
32,49
58,57
84,78
83,65
54,13
22,82
42,51
02,50
83,16
01,13
53,54
46,80
46,34
60,55
85,88
90,07
15,32
19,71
38,66
95,10
36,24
90,41
54,39
25,16
40,12
78,55
24,96
66,44
98,05
71,56
88,97
86,58
64,99
10,41
75,45
54,56
27,31
66,34
04,14
11,21
22,53
01,87
64,93
95,45
25,89
25,79
36,55
80,24
89,42
36,37
16,75
91,70
31,83
67,56
88,66
70,44
93,42
34,25
00,53
37,04
73,65
27,98
01,43
06,51
05,26
77,50
58,44
34,24
93,29
64,18
49,22
41,63
71,11
32,80
58,28
19,89
82,71
48,42
82,35
85,52
57,03
89,33
89,45
25,85
17,87
75,22
24,88
21,68
71,29
89,09
62,51
49,40
88,49
70,82
04,66
93,78
10,68
07,99
69,04
15,23
63,94
83,08
01,72
75,18
47,23
09,87
13,90
39,99
26,18
82,85
14,50
19,12
42,78
06,10
27,06
46,92
72,50
13,46
85,44
65,11
60,47
63,58
18,77
79,77
80,45
57,80
47,10
69,45
09,03
59,17
33,57
17,19
58,41
28,13
62,69
50,04
44,48
71,98
14,51
86,07
45,48
75,77
89,67
84,79
12,54
59,96
88,50
33,67
34,71
91,00
82,87
10,39
01,91
64,67
33,74
89,48
21,92
40,07
06,31
85,14
44,31
35,36
79,67
42,12
10,52
45,10
34,60
42,23
90,75
70,64
66,69
07,77
25,20
28,13
62,55
23,56
32,56
20,21
56,86
56,87
14,19
51,87
42,59
78,09
55,12
86,75
66,21
48,19
39,77
39,59
20,91
81,16
53,28
33,63
79,25
54,40
91,96
56,39
55,39
75,41
29,97
74,30
46,06
05,77
73,68
81,90
25,08
68,25
58,48
09,30
81,83
74,65
34,85
10,84
58,33
28,88
96,34
33,40
24,85
80,94
65,09
49,18
55,16
60,41
62,84
26,25
08,29
84,46
71,15
14,92
70,39
54,51
22,64
06,54
63,20
98,18
86,13
37,50
82,48
41,75
45,97
97,61
61,78
48,65
00,08
26,56
73,37
00,52
33,39
60,90
47,58
45,97
02,67
57,41
82,46
90,04
16,06
61,84
34,27
60,33
82,99
83,55
21,83
21,02
81,07
01,90
62,35
07,76
25,48
84,03
54,08
64,05
86,21
22,00
40,65
84,83
78,84
95,47
82,48
82,51
46,33
55,47
13,56
28,27
24,24
98,18
95,42
30,80
19,04
95,35
34,48
59,82
37,19
47,47
63,22
37,10
25,40
93,54
38,83
63,80
29,98
69,25
89,77
95,98
71,08
18,16
35,55
05,11
27,42
71,47
61,67
14,61
60,84
26,28
70,05
65,86
94,41
28,04
41,80
83,24
18,43
40,73
29,97
92,56
41,51
38,16
06,41
94,38
58,39
24,58
83,22
49,81
50,57
81,31
24,32
02,76
76,12
93,66
87,16
32,75
21,02
06,34
21,62
97,99
38,34
28,21
94,96
98,85
16,45
21,34
82,14
71,57
97,80
46,38
50,32
05,71
57,64
94,21
80,48
47,59
77,86
74,27
54,30
55,95
07,95
65,20
43,42
38,25
75,19
18,78
37,83
17,43
24,97
19,87
85,94
52,23
92,90
10,33
75,11
42,24
96,73
01,03
80,19
39,30
06,71
03,32
23,12
08,44
76,85
43,83
32,28
67,81
04,03
27,84
68,74
69,22
73,47
57,98
87,41
66,96
75,98
35,05
27,45
71,13
81,85
95,76
00,05
74,98
38,86
85,19
14,36
81,49
51,97
84,27
09,05
77,65
01,51
68,17
84,21
33,18
23,45
06,17
33,77
31,65
32,46
52,13
25,52
83,34
83,71
52,78
71,84
97,85
82,16
04,56
24,08
40,72
29,25
01,35
50,99
45,48
52,24
30,79
64,37
02,78
20,22
62,82
85,04
79,68
27,91
22,80
21,70
12,60
78,93
26,32
30,15
24,00
20,89
11,99
46,12
35,46
68,87
85,47
33,75
50,82
80,33
69,09
72,30
94,37
34,28
23,95
31,81
39,69
69,83
05,33
86,16
33,08
12,57
96,04
35,40
14,19
17,35
44,79
31,70
82,38
40,89
32,11
03,66
73,66
88,67
98,38
48,43
64,59
13,82
49,15
05,68
42,98
51,76
46,83
71,37
45,62
63,94
49,03
12,84
78,31
05,12
98,75
28,44
21,96
82,66
42,85
73,66
26,37
10,01
17,63
13,81
16,64
92,70
13,64
64,17
12,64
53,05
95,26
38,48
02,74
40,01
28,41
13,43
06,69
08,77
42,02
73,05
88,23
73,08
49,14
48,61
97,46
87,91
07,95
33,63
34,13
25,89
06,22
18,81
68,19
05,68
53,63
79,38
74,21
13,90
29,56
69,56
53,27
78,24
57,23
30,83
78,89
18,03
64,25
98,64
25,30
55,99
89,24
10,25
70,86
19,23
03,56
08,58
43,12
40,71
23,81
73,73
75,73
93,38
11,62
23,17
48,53
37,33
51,64
94,48
87,63
98,41
40,13
62,76
04,02
62,09
21,88
92,76
63,61
95,98
42,83
69,01
00,71
80,30
20,47
44,42
83,37
01,16
40,69
26,61
89,37
61,86
62,93
06,81
43,41
47,75
07,03
38,10
08,08
71,39
71,48
39,67
61,86
18,40
61,95
40,61
94,04
37,66
43,94
17,22
22,55
64,61
04,93
65,36
38,59
59,49
49,90
46,61
77,93
26,13
11,24
84,18
89,32
51,43
11,14
54,36
94,07
25,56
85,82
96,32
22,01
31,87
40,13
97,49
05,78
89,00
50,57
44,44
40,58
05,43
56,15
10,50
05,55
34,10
84,18
64,39
66,41
98,74
96,53
93,39
09,94
98,97
76,14
14,32
40,83
49,86
91,75
16,33
49,50
38,55
41,37
25,15
28,32
47,18
76,65
71,70
85,43
82,67
05,69
77,43
21,97
87,38
51,91
18,67
57,62
46,74
74,02
00,23
70,25
95,80
22,44
96,46
03,58
38,83
32,16
25,36
81,95
08,32
70,56
94,94
13,58
93,62
35,39
75,33
77,01
28,67
49,92
19,27
09,99
48,41
02,26
46,69
91,54
12,69
94,60
68,75
56,57
11,23
09,45
09,68
59,27
24,97
93,88
51,02
47,21
13,78
48,36
61,39
16,15
78,88
69,60
60,26
24,41
40,57
04,00
89,73
09,97
65,98
52,03
16,15
26,53
66,65
48,24
27,07
12,15
14,27
54,78
40,66
70,47
57,82
80,45
09,27
55,00
47,75
81,10
11,85
10,47
11,04
41,22
78,45
50,26
38,37
19,65
24,46
28,08
38,55
78,62
82,73
56,63
55,11
05,50
46,71
58,47
28,94
66,13
54,79
06,51
67,02
65,00
57,87
46,81
27,15
75,26
89,01
06,34
54,35
65,88
94,27
82,15
25,07
64,59
48,51
72,18
24,02
28,48
52,93
75,20
57,32
41,55
52,36
68,33
44,24
87,21
17,07
56,85
36,33
97,25
44,76
47,32
41,86
09,50
11,87
21,40
72,84
36,31
39,93
26,38
21,81
85,86
04,66
44,77
72,34
31,29
87,19
42,33
06,86
80,86
97,08
47,22
96,23
93,28
15,23
64,49
10,31
88,09
90,01
79,30
30,60
35,81
29,66
63,03
82,45
28,53
02,36
55,09
01,87
49,97
94,36
59,84
01,03
01,62
80,90
59,00
32,86
53,57
12,20
13,85
81,84
60,29
50,84
01,49
31,91
60,65
66,15
11,49
56,32
84,57
54,76
96,78
44,09
80,63
27,81
69,48
16,76
57,48
10,12
96,19
25,67
60,98
07,96
70,41
29,41
81,48
80,45
86,71
11,52
16,25
15,59
78,61
89,72
92,55
30,04
46,04
84,81
15,66
66,54
22,31
39,44
45,75
08,50
23,06
78,44
23,74
34,71
29,20
80,25
83,81
89,76
65,59
50,99
08,74
47,47
54,72
68,31
27,08
72,26
31,89
31,06
65,62
73,68
40,82
55,70
22,92
82,42
41,14
23,37
28,05
50,61
85,93
15,78
59,37
72,58
65,97
07,99
48,62
39,44
32,49
79,97
32,61
92,11
65,75
84,48
87,20
23,25
81,15
64,28
03,65
66,35
05,22
46,92
34,11
74,80
06,58
58,83
07,17
21,46
18,61
76,04
41,69
62,22
19,49
17,04
87,46
34,54
14,39
02,91
68,27
65,68
08,26
68,24
73,04
05,44
20,35
68,06
39,65
29,59
56,29
34,97
12,16
64,19
19,44
85,77
77,72
70,72
08,02
27,13
38,34
76,92
31,82
85,98
72,65
16,55
39,15
49,77
43,83
04,82
34,98
86,17
77,95
39,62
53,63
51,23
58,41
24,35
31,70
36,03
62,16
21,68
11,29
80,84
78,05
34,83
06,48
12,79
51,12
57,91
48,29
52,44
92,25
85,18
30,57
76,59
36,05
81,51
68,75
20,45
94,21
09,31
08,63
12,17
37,74
78,49
95,21
19,16
80,08
49,49
69,93
98,90
48,79
11,43
16,81
25,62
68,83
14,79
57,32
16,70
95,63
80,47
72,27
37,13
00,72
90,26
57,57
49,66
92,66
93,87
63,22
81,33
90,25
02,52
79,79
61,19
76,84
11,92
70,23
01,35
56,10
03,95
82,92
56,02
49,61
89,95
23,79
71,48
31,42
34,62
92,57
30,60
63,83
60,85
61,00
58,43
42,59
78,65
73,77
06,43
30,24
89,20
59,68
11,03
18,13
04,67
42,37
76,49
29,58
17,06
33,36
46,99
37,54
75,51
31,96
22,93
60,36
78,90
26,04
93,03
59,18
70,33
52,87
68,46
57,99
51,31
51,89
64,58
74,48
35,85
06,42
92,26
55,65
64,47
55,39
05,80
76,09
65,34
37,50
11,33
85,19
90,35
90,26
32,60
44,68
92,49
51,19
93,45
34,96
97,43
49,41
44,96
84,73
19,48
14,99
91,43
03,21
15,16
84,71
90,72
72,29
27,71
19,84
73,16
27,68
62,47
09,35
10,63
83,54
54,02
88,04
05,54
76,39
39,18
58,96
88,33
26,85
13,50
37,77
26,55
21,72
65,03
66,89
97,51
93,54
98,06
35,69
96,91
37,35
28,69
73,26
04,51
04,43
09,45
18,99
24,96
01,65
83,00
66,70
65,09
04,05
69,36
53,81
90,99
79,61
92,18
46,91
58,98
45,07
45,84
58,79
46,95
27,33
21,00
37,33
04,70
65,21
74,11
20,33
34,28
34,70
12,91
97,84
68,56
26,87
55,49
68,78
57,34
06,79
18,71
15,89
79,85
97,05
81,13
07,56
20,75
50,07
49,35
62,79
78,72
83,41
95,69
89,96
86,48
04,56
72,77
67,99
81,22
38,56
11,07
12,24
42,51
45,36
83,98
29,44
42,51
09,83
20,00
46,09
62,55
46,27
11,79
57,54
34,06
05,21
91,99
41,71
14,00
75,54
40,85
49,16
81,63
83,15
35,04
76,04
40,15
62,72
71,90
07,78
26,18
03,45
45,94
11,81
19,40
66,39
37,48
69,74
91,93
79,35
14,20
09,58
82,86
23,11
43,37
14,11
98,39
44,69
26,98
00,87
40,68
60,87
23,62
38,72
29,96
01,64
92,37
16,01
47,07
09,92
07,86
55,29
48,52
15,31
93,12
18,40
07,67
35,77
45,31
28,75
39,00
94,49
17,46
00,27
09,83
86,76
42,66
49,28
89,87
45,06
43,76
31,02
21,95
31,31
94,73
38,44
68,14
93,91
80,10
72,96
03,98
09,01
30,58
05,56
37,25
37,51
68,03
96,90
11,70
49,02
90,45
13,33
23,84
40,37
08,05
64,78
01,25
14,40
20,85
26,09
40,44
94,98
75,61
64,55
55,31
64,51
37,44
37,35
08,52
31,08
32,75
15,84
93,67
70,32
02,67
06,62
43,33
06,38
36,49
73,12
37,10
06,60
20,41
51,35
02,66
49,88
19,71
06,45
31,92
03,12
31,76
77,83
97,31
25,64
92,18
22,98
70,57
49,30
80,03
39,16
29,91
23,47
77,89
71,81
51,04
64,13
66,52
53,71
93,46
20,03
91,84
45,90
56,00
78,12
21,42
37,69
62,68
54,25
24,99
52,09
63,07
01,69
58,26
15,72
51,99
07,99
87,96
44,43
05,46
63,26
95,46
20,58
14,81
87,49
34,80
21,46
37,98
54,87
48,01
03,34
28,44
56,94
58,82
32,96
96,11
03,18
28,45
01,89
68,71
52,21
41,29
58,53
38,63
57,21
22,40
48,26
82,15
85,62
95,57
42,89
06,08
81,97
13,61
13,36
00,47
30,25
27,93
01,71
57,96
66,12
73,10
08,04
59,45
16,27
14,16
37,53
57,47
01,10
50,86
04,65
27,58
08,10
63,66
30,96
05,20
92,41
18,34
40,39
33,17
29,49
25,72
84,16
58,05
10,06
60,45
13,19
60,58
52,96
36,08
46,50
88,38
68,32
21,04
84,89
61,90
79,90
39,97
40,71
49,02
22,28
27,92
59,02
81,26
71,53
22,36
71,93
58,77
04,79
74,95
84,39
11,48
09,38
26,96
93,65
38,47
33,99
31,84
12,23
13,85
92,03
60,30
48,23
39,70
90,24
91,43
05,78
82,25
10,27
01,87
18,56
56,90
14,36
05,96
76,37
29,74
29,93
62,16
58,20
19,23
87,46
42,26
06,50
12,61
03,04
78,17
83,82
89,51
09,58
77,10
56,46
48,23
75,97
19,61
40,87
36,26
58,19
10,03
04,41
77,33
56,93
44,83
82,99
33,46
15,17
43,40
35,06
66,69
72,80
54,43
35,24
20,53
88,70
96,60
86,36
69,05
22,14
01,85
10,41
26,90
62,30
22,41
30,78
82,92
09,01
67,41
12,98
28,93
56,03
41,20
23,12
74,64
06,88
24,84
53,36
11,08
72,34
41,44
74,95
54,80
95,71
24,92
42,56
36,76
78,34
82,49
19,09
26,78
66,01
96,03
49,48
60,07
24,32
05,84
62,77
46,16
79,50
41,68
42,30
26,40
15,84
45,28
73,32
60,26
41,61
54,21
42,82
42,70
88,75
94,50
22,55
13,97
19,04
12,31
62,77
26,80
51,85
67,29
80,25
39,63
01,02
09,11
08,09
52,05
84,26
48,22
60,38
78,71
00,98
28,91
59,21
54,36
27,44
45,51
26,84
89,52
34,91
81,75
79,49
68,13
88,65
73,45
30,02
40,14
32,49
50,54
94,33
04,81
54,20
29,61
38,43
98,32
58,79
15,28
46,84
91,17
75,74
44,74
66,16
69,13
61,13
61,75
30,94
40,29
78,58
27,92
25,91
26,51
63,48
91,63
49,25
03,06
13,61
25,60
50,85
50,98
72,35
76,87
51,16
36,50
31,41
67,48
72,68
79,33
72,13
37,81
41,05
97,43
77,68
78,22
42,40
05,78
17,34
39,49
71,41
20,10
17,92
62,74
26,91
01,21
51,18
29,97
59,37
50,86
38,15
05,38
33,33
51,25
16,48
62,65
82,90
62,08
03,96
37,21
31,61
16,41
22,77
83,03
55,80
47,72
49,30
64,30
76,93
56,59
96,13
69,21
80,99
72,47
37,76
54,77
61,94
00,49
32,17
53,22
34,89
49,16
19,15
28,80
39,76
26,91
03,07
69,93
28,99
40,98
66,84
09,05
04,35
00,96
19,71
06,07
53,64
27,71
83,95
15,21
19,74
79,57
37,24
39,74
04,88
79,97
92,50
13,35
30,04
77,79
42,64
09,33
32,75
29,09
59,04
52,69
93,36
62,07
81,15
35,73
85,43
22,35
18,41
54,65
25,14
08,08
05,51
93,37
23,06
11,53
93,60
31,36
35,27
49,03
43,55
12,31
17,27
09,88
34,86
50,18
08,24
92,58
37,47
32,53
85,60
07,35
04,67
77,66
50,06
84,56
83,83
76,10
11,35
42,30
04,01
59,12
00,72
44,39
81,16
85,89
32,79
62,14
13,14
20,71
90,51
11,69
72,66
42,00
37,33
21,86
73,87
05,79
92,32
68,52
29,46
74,03
70,43
01,01
59,98
77,80
88,89
32,35
21,32
22,96
43,35
45,83
95,28
52,99
58,53
23,60
63,80
09,17
13,71
61,58
29,43
36,85
61,82
67,32
44,31
23,93
61,80
06,23
69,57
90,87
64,31
81,45
55,44
51,35
96,97
67,02
37,44
54,13
39,18
44,68
03,67
74,60
52,45
31,61
92,29
73,86
28,53
62,84
59,18
38,00
60,64
59,81
43,06
47,82
64,53
77,33
72,49
59,19
27,50
38,10
40,51
67,26
74,78
73,07
68,10
22,46
29,76
69,53
20,15
13,87
19,59
83,95
89,26
85,06
13,02
23,44
43,35
52,79
38,90
11,75
68,79
88,98
65,80
54,41
45,90
26,73
15,26
91,03
29,32
53,50
94,42
64,28
02,93
37,77
62,87
85,40
50,50
87,63
25,02
65,92
58,81
73,34
12,72
77,35
59,10
66,13
01,20
66,48
96,63
22,42
47,42
95,28
17,85
31,71
70,08
92,03
28,39
67,05
11,00
04,58
24,66
33,66
62,72
10,77
32,77
72,65
92,01
24,97
56,45
19,05
03,29
24,60
91,35
90,71
58,65
83,24
07,79
21,17
20,31
50,24
79,52
52,94
90,58
96,26
06,01
23,83
45,00
97,46
10,54
27,76
39,93
36,82
19,52
92,75
02,36
14,25
55,37
58,89
17,51
45,75
77,51
04,24
37,73
62,54
85,32
16,46
77,08
86,30
68,26
01,70
48,82
51,27
92,70
14,69
62,52
47,75
87,74
78,73
95,42
24,68
97,75
94,14
14,04
41,75
58,17
63,03
16,54
84,05
55,95
69,28
69,75
65,89
33,87
28,10
74,32
14,58
07,11
70,59
11,34
15,40
62,33
89,64
14,18
07,70
39,97
58,56
13,66
59,07
77,55
54,09
93,11
32,39
66,34
76,39
24,41
33,77
30,03
05,65
29,87
86,13
17,83
63,13
76,25
02,12
86,87
71,87
72,64
17,44
13,78
53,56
96,05
83,25
66,92
08,46
88,39
12,43
73,90
32,17
78,06
67,69
72,94
61,06
27,90
90,54
62,81
19,95
27,33
44,74
50,27
32,05
96,28
48,58
83,40
07,84
94,44
28,99
85,33
39,64
72,54
29,55
75,78
68,06
60,62
61,78
15,06
45,91
18,28
37,10
76,15
09,76
29,63
11,73
12,08
07,32
86,72
07,44
40,90
48,60
50,11
05,70
73,22
51,19
38,75
96,03
46,85
25,14
79,15
70,80
26,63
06,84
87,47
68,58
20,34
77,42
40,41
67,28
14,66
21,59
64,54
76,86
53,55
54,84
50,96
27,32
48,25
55,79
64,33
75,66
15,36
34,27
25,66
49,39
25,48
36,42
04,67
12,76
59,63
67,16
69,90
11,30
47,49
97,27
22,60
77,71
94,62
82,85
27,72
83,25
97,97
61,32
84,55
22,82
63,97
07,58
41,98
76,69
58,02
19,11
85,78
59,76
43,49
83,70
47,85
45,53
62,80
20,23
56,03
18,53
73,68
13,16
06,90
27,13
43,56
87,99
13,68
14,69
68,63
28,40
40,50
03,11
94,91
10,10
25,92
54,28
67,91
88,97
42,38
95,95
65,20
65,95
66,69
89,65
33,43
59,68
57,56
51,80
59,71
14,65
81,38
84,18
02,38
88,10
66,83
55,02
06,75
28,97
97,68
64,65
45,88
27,68
18,76
93,53
25,97
58,00
48,79
65,74
02,85
44,74
84,74
68,71
95,55
65,92
89,18
93,79
72,18
18,22
48,51
96,62
14,91
55,40
29,48
64,01
05,32
18,87
33,39
75,76
90,26
95,45
07,10
85,61
11,81
21,29
42,84
96,55
25,06
04,67
78,89
09,56
80,32
