74,92
13,50
87,44
82,05
41,91
56,35
82,27
67,78
28,36
10,59
65,14
22,84
06,86
28,22
63,90
94,64
84,15
18,75
19,31
63,61
22,72
68,97
06,05
75,95
26,31
44,44
62,13
79,11
53,20
43,59
08,68
65,65
50,90
00,65
95,76
93,04
00,59
94,60
28,66
21,20
82,96
54,85
81,62
34,66
05,64
09,45
28,28
36,57
90,31
80,34
04,19
04,21
56,88
95,49
89,27
26,04
05,57
05,73
77,23
76,00
08,01
23,34
62,51
78,32
70,26
10,98
82,22
78,99
37,80
44,69
31,52
51,87
64,05
38,43
20,55
17,19
27,69
06,22
21,87
76,50
64,42
91,58
28,56
35,18
19,94
20,83
85,65
86,57
61,25
47,67
04,49
46,69
83,10
49,57
34,83
01,26
32,27
11,37
15,12
59,83
15,12
27,96
02,26
13,96
31,09
83,88
00,45
79,53
32,31
17,37
64,36
81,57
62,60
30,50
91,76
76,40
53,10
84,96
55,06
06,35
39,74
47,42
11,97
40,86
61,19
36,22
32,25
42,53
41,89
91,21
12,09
67,31
97,58
39,96
02,09
04,93
30,60
11,28
80,17
41,79
39,64
42,47
05,68
29,19
84,18
77,35
25,03
16,31
43,04
50,27
15,04
20,38
59,48
33,67
91,69
01,76
72,41
19,41
00,54
98,24
88,90
83,47
08,38
15,21
39,90
94,44
61,96
16,09
78,41
05,01
32,39
53,95
17,00
83,46
45,05
10,29
60,13
50,09
63,16
89,49
09,49
50,81
70,10
17,79
10,73
73,88
43,54
01,47
97,09
72,47
58,08
65,10
48,78
02,63
43,94
89,23
81,39
95,06
27,18
03,79
67,78
18,34
32,84
51,43
87,10
72,01
86,82
59,25
64,32
52,59
54,93
90,93
22,56
80,43
70,70
21,45
69,92
87,19
77,84
05,85
87,27
47,72
62,10
78,81
05,31
12,24
80,16
72,65
83,75
28,82
20,78
84,46
98,14
93,68
87,27
27,46
67,89
19,70
12,08
08,55
54,53
58,65
84,26
01,04
45,85
00,59
89,00
98,30
50,90
78,07
56,72
60,26
14,01
35,98
90,60
84,04
03,95
21,27
39,45
82,73
79,46
85,29
40,71
61,39
36,71
14,67
77,22
33,14
27,27
93,91
73,91
61,28
34,19
15,73
27,11
41,49
02,30
67,96
28,41
96,55
67,83
97,77
47,21
05,04
38,36
58,82
58,05
23,30
27,95
97,29
67,52
44,88
53,03
08,53
76,64
65,15
94,77
71,97
28,44
04,34
70,43
25,44
30,53
02,25
40,85
72,44
24,20
62,67
62,75
01,70
49,82
01,50
34,89
32,48
08,12
07,74
14,20
82,63
48,83
50,46
98,24
13,26
28,43
82,59
43,96
57,86
53,67
30,93
42,75
71,80
08,16
09,28
53,05
25,92
85,05
18,00
60,47
38,77
87,37
45,04
68,27
55,60
32,62
19,20
81,67
10,28
95,61
31,04
05,73
57,32
81,45
76,14
02,05
07,18
14,36
41,05
76,45
13,25
97,68
91,51
33,97
52,23
47,07
25,82
12,16
46,95
68,11
56,45
65,36
59,08
27,79
31,14
66,30
35,89
50,45
90,83
03,41
40,78
03,55
18,55
37,75
78,91
95,50
30,69
36,24
81,45
88,18
25,56
14,87
86,55
33,46
04,97
67,30
34,27
86,04
40,66
27,84
54,00
31,16
03,35
77,00
22,82
02,84
82,35
79,45
26,80
79,73
25,80
22,89
75,56
11,66
06,22
68,70
81,73
62,30
53,06
92,48
19,99
50,71
73,73
37,95
75,48
95,63
92,27
68,38
94,64
46,57
74,08
10,58
28,05
72,54
81,50
55,45
89,06
97,81
62,46
97,07
51,93
29,92
55,65
92,14
93,35
78,32
60,61
87,39
50,49
21,43
11,34
54,06
24,05
24,81
50,37
48,79
27,28
80,22
21,46
94,70
67,32
25,07
31,62
08,43
90,97
89,31
86,61
11,65
47,69
31,29
39,94
91,66
57,29
95,50
26,68
10,84
11,97
47,21
43,81
36,62
59,03
42,85
38,09
19,57
85,90
74,10
62,11
00,52
36,19
06,11
91,68
70,44
61,85
16,83
75,37
43,94
61,70
48,85
34,10
45,42
91,42
73,36
21,97
59,89
18,16
43,78
03,32
64,54
20,95
76,64
96,19
58,35
36,83
15,88
01,40
56,23
80,14
44,59
05,87
48,81
65,68
09,16
66,90
41,01
16,38
60,71
30,11
74,79
27,09
87,11
38,45
12,14
28,53
08,49
10,24
88,45
70,66
12,37
05,24
04,55
48,02
04,65
54,88
70,80
55,30
56,92
89,71
77,00
77,82
24,88
32,98
36,05
92,37
63,05
14,50
56,32
67,50
12,65
02,13
78,17
46,58
37,77
19,43
06,35
05,32
04,22
81,47
48,68
74,09
44,44
66,27
32,69
42,24
25,90
84,99
63,20
44,77
50,86
35,37
39,49
91,33
39,30
48,12
89,34
76,73
21,96
79,41
78,89
53,74
36,92
32,83
60,97
79,61
75,00
27,04
77,88
65,38
19,56
96,68
08,86
89,00
44,77
21,00
28,64
83,95
07,25
48,55
19,30
31,28
09,29
45,94
70,56
41,97
62,60
24,93
55,17
57,60
83,94
85,20
15,64
33,91
33,05
74,06
94,65
36,70
94,05
96,20
71,95
30,58
30,18
29,25
77,33
88,02
57,48
09,15
89,18
24,43
16,09
86,27
63,68
02,11
57,48
77,29
21,68
49,33
59,57
49,48
47,94
73,32
91,05
50,79
71,45
38,11
77,60
87,25
77,90
53,43
07,61
27,17
87,83
00,78
80,31
20,71
72,33
87,46
73,54
14,73
03,10
41,32
81,50
35,98
38,77
92,99
50,03
22,39
39,08
52,43
49,30
91,38
33,11
08,72
42,25
38,98
38,44
41,58
98,60
68,21
19,06
95,99
66,82
81,77
71,39
86,36
62,41
65,24
08,55
06,61
61,04
23,88
37,89
30,84
79,07
63,89
96,60
08,21
03,33
23,90
69,57
49,54
95,23
96,71
29,21
60,84
37,01
29,68
95,07
62,21
69,85
96,77
46,25
86,65
19,14
21,29
26,33
66,38
16,57
16,00
14,51
46,85
20,19
09,52
68,17
14,62
36,49
33,53
28,35
49,31
57,80
19,43
84,22
65,82
22,93
06,68
37,52
41,36
45,73
15,93
45,92
84,85
31,80
15,09
46,28
53,86
72,90
50,23
52,15
61,68
58,73
12,09
76,65
06,47
63,11
39,74
15,87
76,50
67,95
87,47
04,61
89,61
68,78
04,67
29,69
46,66
53,65
98,04
95,58
89,82
01,86
25,62
71,26
10,38
38,38
21,78
21,29
10,18
05,64
02,68
10,95
44,50
36,55
39,44
06,13
06,25
23,30
14,89
18,18
26,84
36,20
65,81
53,43
58,54
14,27
24,18
02,36
72,81
76,62
61,23
58,34
25,56
17,78
69,04
16,35
25,47
29,39
03,74
74,17
52,87
79,18
38,54
10,87
66,06
02,07
11,24
24,45
51,77
79,93
23,50
26,19
81,76
31,43
38,42
58,09
54,59
31,36
87,96
51,19
06,24
35,07
83,30
97,18
11,45
31,44
12,11
91,50
07,16
24,81
80,77
22,70
93,33
98,42
77,46
23,36
13,73
16,18
71,30
86,81
16,55
20,84
29,87
22,39
82,06
82,88
69,84
76,58
87,09
81,41
13,73
05,37
51,76
40,05
74,55
35,61
54,34
71,76
68,37
12,88
41,17
46,71
85,87
28,46
07,23
78,94
49,53
20,18
86,09
76,71
31,04
22,12
45,82
15,29
81,48
64,77
23,87
93,16
09,07
91,96
40,76
36,05
86,05
19,67
56,35
13,96
08,97
95,70
25,25
53,75
28,76
49,08
73,91
66,02
60,41
62,45
07,40
48,33
71,73
36,12
05,57
71,44
19,29
93,93
94,13
25,51
46,10
58,83
20,09
94,39
96,04
84,33
60,95
84,83
57,11
55,54
21,32
51,82
91,38
85,34
01,34
93,38
01,10
13,40
84,31
73,03
80,90
88,54
51,47
70,22
55,10
58,53
38,04
52,67
67,82
01,96
81,68
34,91
66,67
49,21
88,57
34,05
08,78
28,59
72,69
78,69
53,29
80,03
45,11
15,36
58,33
95,18
38,60
55,27
85,36
62,94
82,36
73,54
11,65
73,60
66,28
95,16
29,69
40,55
56,97
41,72
18,65
86,47
75,38
04,12
50,93
41,14
64,01
80,54
14,44
16,02
17,40
86,16
21,48
91,36
92,98
42,76
87,78
32,36
68,36
16,01
73,65
37,38
33,42
10,92
74,07
22,38
98,00
34,13
98,24
38,09
18,44
56,05
50,04
82,32
98,73
49,75
76,81
44,65
29,68
62,62
65,99
04,54
15,47
83,30
91,15
70,33
88,29
93,24
50,50
69,93
16,39
59,35
65,98
10,54
05,24
09,81
54,82
37,19
91,04
54,94
18,65
74,60
64,92
62,18
39,28
75,85
65,33
53,89
30,51
44,45
80,81
22,42
12,68
88,71
58,50
64,38
70,16
55,40
28,70
11,29
73,21
32,13
45,99
96,03
21,75
74,70
42,81
50,58
23,57
06,29
87,70
12,23
98,15
30,54
59,68
52,38
39,29
01,41
34,28
90,38
61,46
93,65
13,74
01,37
33,32
02,52
23,33
78,38
54,33
44,60
27,95
11,79
37,55
91,30
33,57
05,49
29,03
50,66
67,86
64,59
85,70
10,05
56,54
90,32
33,22
52,65
37,10
47,05
86,80
53,76
94,22
83,81
71,87
36,17
29,92
48,77
05,16
32,93
07,78
92,14
71,75
21,12
85,51
01,74
93,65
04,63
59,20
00,17
04,54
14,52
01,19
54,16
60,58
58,84
42,53
84,82
51,33
96,93
83,61
22,94
35,47
36,12
74,18
87,29
23,15
45,94
78,52
57,12
85,70
77,13
97,21
76,33
48,87
03,71
78,96
15,84
10,62
58,58
30,75
24,74
12,42
57,28
08,71
39,29
75,66
53,68
44,98
94,90
97,33
90,38
45,43
64,00
07,63
20,03
71,13
89,97
69,03
02,85
15,89
18,29
32,10
11,57
56,76
17,13
98,25
22,76
78,06
82,74
36,66
58,14
25,91
70,88
13,69
69,10
79,24
29,15
96,38
68,65
19,12
52,36
34,68
18,52
53,10
42,12
78,83
39,92
12,37
47,29
20,42
81,37
86,70
07,31
30,44
85,76
38,37
51,72
39,21
22,20
89,67
17,14
01,98
23,79
64,83
22,02
36,58
43,41
23,04
18,31
74,70
64,04
01,54
67,53
69,36
37,60
80,66
15,49
86,14
10,46
34,54
34,96
23,08
77,06
43,90
92,02
64,66
53,76
25,57
34,43
32,08
83,14
25,28
28,52
30,48
22,17
06,62
17,64
74,45
09,66
89,17
07,69
23,49
20,25
62,33
07,75
10,59
17,64
24,69
57,78
55,12
64,66
95,51
31,78
71,95
44,68
75,39
69,40
03,31
13,45
94,97
18,70
49,31
78,16
89,45
67,73
88,14
21,58
64,54
50,46
08,61
89,94
23,47
50,36
16,58
96,44
83,96
90,75
41,24
01,12
06,00
13,08
57,68
25,67
06,93
24,13
45,31
70,18
72,42
18,67
08,02
82,62
09,55
70,81
64,26
43,52
04,89
89,27
51,18
69,21
58,96
83,31
50,77
85,22
32,40
24,92
15,68
21,94
59,92
17,70
28,03
92,52
03,15
67,55
94,59
91,41
85,57
36,18
60,64
67,36
11,79
87,18
75,68
00,68
24,67
09,29
66,75
80,99
44,31
41,30
95,95
97,05
81,07
91,75
22,35
76,47
88,58
27,84
18,90
96,37
22,12
12,03
44,49
75,55
05,67
58,83
02,74
58,91
47,39
85,99
63,25
94,29
65,76
03,95
01,47
42,21
35,85
60,13
04,43
86,47
08,07
78,48
24,65
49,65
92,33
32,50
44,41
60,43
53,08
97,33
36,15
36,60
92,06
02,05
27,64
45,13
93,06
97,23
80,19
58,36
05,40
67,20
33,68
01,52
43,73
04,11
59,54
74,25
38,25
51,75
45,80
97,35
08,50
07,50
01,66
36,56
43,67
34,50
64,47
06,17
20,48
61,17
89,20
26,34
61,66
16,20
53,41
74,17
43,52
23,60
52,97
24,97
07,20
51,55
21,79
94,99
46,68
94,93
25,51
24,29
16,99
20,66
76,01
70,65
91,02
44,32
27,78
14,57
19,46
20,89
01,98
35,42
94,69
03,10
38,56
08,57
87,97
09,17
42,85
04,04
56,43
80,07
46,59
86,58
92,35
22,20
07,69
41,72
57,30
39,71
05,67
76,10
60,14
49,92
09,50
81,91
78,05
12,29
33,07
88,64
10,21
48,55
17,58
33,61
90,46
61,13
29,04
91,71
26,53
09,73
87,06
51,80
14,62
21,40
97,34
84,96
77,42
27,65
84,29
77,23
49,98
59,38
03,96
98,21
01,50
33,38
28,24
53,74
31,55
49,90
93,54
45,64
07,02
78,57
15,10
77,68
51,69
52,44
69,14
89,48
76,51
95,25
04,92
56,24
58,30
33,17
84,31
12,93
58,85
63,57
70,78
59,78
26,42
73,85
08,69
87,19
78,09
58,57
52,82
04,26
47,44
56,32
78,57
01,79
21,80
68,33
59,30
96,62
02,50
14,20
31,11
75,57
64,63
94,10
14,46
35,58
94,86
90,73
82,19
80,19
49,51
78,28
41,65
34,20
76,10
57,10
05,01
41,72
28,47
22,43
30,28
23,19
74,68
52,71
16,04
84,89
33,20
88,40
26,43
51,83
20,03
75,95
71,81
72,07
40,77
05,65
43,11
77,01
26,31
35,80
45,80
11,89
36,02
03,03
88,67
28,68
65,45
21,09
12,15
59,32
96,71
63,73
48,67
74,72
56,15
73,23
86,26
42,31
56,36
68,21
71,39
43,11
34,97
59,92
88,32
59,56
07,39
49,15
52,60
52,88
01,53
73,96
14,35
55,01
60,87
04,99
08,41
74,12
44,73
24,30
46,37
61,87
81,17
30,32
80,36
23,13
94,24
80,89
46,63
61,63
39,33
61,36
30,82
43,53
52,84
95,94
89,26
12,07
69,66
44,27
91,69
54,75
00,28
09,74
43,52
29,39
32,22
72,02
04,74
50,37
85,76
07,10
09,67
40,95
91,06
60,04
47,08
79,19
47,25
07,02
67,03
32,19
81,26
40,83
38,80
54,94
04,11
73,22
95,89
55,70
16,35
04,43
76,59
60,09
35,92
90,62
63,21
86,62
53,50
18,18
29,85
52,12
45,34
47,89
98,30
30,79
40,65
97,41
08,79
83,21
41,46
13,62
06,02
19,23
81,43
15,85
78,37
90,30
14,93
07,79
68,00
58,03
14,49
61,87
91,12
19,82
85,87
93,63
57,08
08,63
84,71
08,98
41,18
86,61
46,38
49,91
47,97
07,10
59,31
29,09
80,20
01,00
18,02
87,36
97,70
69,92
06,86
74,48
52,79
81,74
09,71
38,76
52,44
34,27
41,76
21,49
18,71
69,50
46,90
20,79
68,84
15,98
24,55
22,44
85,06
93,06
92,85
46,87
86,78
08,57
35,30
42,12
75,12
48,41
96,55
54,43
79,38
44,01
85,86
55,08
79,54
11,36
31,43
53,28
59,53
83,16
36,61
28,42
90,05
72,38
12,09
27,30
35,28
16,99
15,19
27,76
09,05
85,84
06,50
38,31
32,01
85,16
75,25
16,79
66,48
48,75
72,51
16,00
27,03
63,35
36,14
34,39
17,03
66,78
91,67
29,29
63,10
50,63
73,18
72,32
69,54
78,12
77,55
77,41
40,06
69,58
78,92
89,93
90,08
25,41
81,20
47,67
94,53
73,10
97,47
33,39
80,20
02,90
28,31
16,58
27,39
95,06
00,86
48,41
06,20
29,47
45,42
06,97
25,38
10,17
65,94
11,46
50,49
14,27
74,96
21,14
97,23
75,83
76,42
03,92
04,36
11,00
79,17
07,18
25,07
87,71
43,94
12,65
11,71
90,15
78,17
34,03
72,89
54,53
24,26
36,10
46,68
73,79
84,60
84,99
45,57
75,05
93,07
17,58
87,05
95,55
21,73
91,66
58,54
95,34
85,87
42,71
98,95
03,05
33,90
63,45
67,15
50,89
18,08
73,95
62,28
00,88
38,73
93,37
80,35
32,09
47,18
05,67
92,82
06,80
68,42
45,49
38,22
37,13
51,62
55,42
48,88
69,80
02,06
41,44
40,45
89,32
14,79
47,08
15,20
65,39
87,80
16,83
53,83
35,41
51,28
27,22
12,12
75,88
15,42
09,29
33,32
49,53
26,21
27,81
75,47
17,81
66,39
92,79
30,27
20,60
30,39
80,05
94,66
72,79
72,64
85,24
83,92
85,42
28,60
25,07
09,82
38,14
57,68
72,50
14,19
39,95
92,16
77,69
03,13
94,46
23,57
44,49
50,30
39,27
77,67
55,50
47,45
66,72
35,11
32,91
86,95
71,30
14,58
60,96
81,18
22,64
94,16
85,70
36,96
70,32
13,96
83,28
23,82
27,48
14,84
32,34
12,50
85,84
20,60
70,33
59,51
67,39
30,25
08,69
81,62
46,33
52,32
65,72
56,82
89,04
14,85
61,76
64,36
67,94
11,17
30,89
86,37
29,11
82,50
50,80
55,87
06,08
56,84
85,88
63,06
28,96
98,06
95,54
12,26
41,62
82,50
46,02
29,07
64,44
20,94
65,40
27,10
59,08
25,84
27,74
44,89
27,71
53,82
93,12
79,81
53,97
01,11
60,36
65,94
35,61
89,78
62,01
42,34
69,21
54,39
31,33
09,70
70,80
54,28
00,93
61,87
66,29
62,28
30,51
44,30
66,81
90,81
78,54
76,46
62,63
21,96
94,36
65,94
87,68
58,25
02,39
16,92
00,21
15,15
59,04
29,85
79,90
11,05
29,22
95,18
23,52
44,46
57,94
52,31
84,75
90,96
75,11
10,12
87,39
64,20
46,16
18,14
42,20
65,93
72,63
84,49
18,14
57,49
25,72
36,76
25,17
63,18
93,09
45,45
87,31
36,51
96,79
45,45
84,61
09,80
64,38
95,88
03,72
64,99
78,11
51,70
98,78
70,33
28,27
38,42
95,68
31,32
49,31
55,63
44,73
40,02
24,91
59,96
64,70
14,02
23,97
05,88
45,77
32,98
04,01
76,95
22,84
27,31
56,53
67,50
68,47
77,20
87,96
11,89
36,73
38,05
31,34
20,61
58,54
15,26
51,85
29,77
68,78
81,30
90,54
98,15
42,53
45,17
78,12
85,24
53,09
29,32
08,64
51,60
44,24
82,69
17,28
37,03
66,23
78,64
04,74
89,78
85,36
12,07
54,08
26,64
82,80
74,69
62,97
34,08
69,53
45,96
59,84
51,45
18,35
74,93
04,61
87,50
67,10
44,13
84,99
62,79
94,22
22,60
05,79
06,69
57,05
31,07
15,06
63,54
98,41
90,53
91,84
24,59
88,95
19,62
02,44
01,35
02,32
12,52
34,74
65,52
70,04
44,42
43,91
70,53
62,17
01,36
16,13
55,76
90,47
46,46
68,60
80,22
43,38
36,45
66,89
98,94
46,70
67,34
45,00
36,33
03,20
70,52
81,27
02,90
20,32
47,97
35,99
50,55
42,44
67,02
50,02
45,65
23,78
36,53
57,26
90,10
25,90
91,15
83,03
41,80
26,03
51,36
14,39
08,27
98,15
09,55
14,45
32,42
07,78
56,83
19,49
22,93
73,49
61,13
91,26
06,32
19,10
40,32
26,35
53,34
61,37
22,68
13,81
45,12
38,41
05,06
25,24
13,18
59,63
63,04
56,76
32,62
51,16
15,31
82,93
14,45
35,16
69,09
04,41
73,44
97,77
59,17
33,65
55,83
56,10
91,94
74,44
18,77
65,52
14,01
36,96
80,49
64,51
32,74
09,52
85,86
13,64
24,33
75,67
26,51
91,09
78,43
65,22
28,43
63,64
42,44
55,52
12,45
55,53
56,06
24,28
82,33
00,60
79,44
15,06
33,61
03,48
57,50
15,18
04,94
43,14
65,23
78,01
54,14
72,27
57,85
07,49
76,21
07,20
23,59
02,97
18,99
95,78
37,70
29,48
33,43
53,69
05,60
91,41
27,28
71,09
65,11
10,02
54,93
96,96
41,88
91,21
42,79
61,07
16,02
52,60
12,44
24,36
02,47
84,11
26,42
12,65
22,39
93,20
67,84
31,49
70,24
44,02
14,89
94,63
89,19
96,23
71,42
05,93
83,26
24,91
90,22
05,36
19,30
86,69
94,87
85,36
85,53
90,74
11,41
81,47
17,68
34,48
01,80
85,64
93,83
15,69
86,64
34,59
94,48
27,36
42,33
73,08
83,73
94,75
37,85
77,62
74,01
05,93
28,05
23,92
34,11
73,15
59,42
20,22
61,59
41,79
14,54
03,93
92,44
59,44
80,38
55,35
56,86
85,76
97,12
48,52
56,93
84,21
95,42
54,05
00,91
18,60
19,58
37,82
69,27
40,48
98,60
51,02
84,49
69,83
12,97
83,60
80,43
83,59
59,38
74,43
79,97
11,47
49,86
88,98
32,78
08,97
09,59
72,06
48,95
13,88
69,52
37,33
53,71
12,00
37,42
17,86
49,67
36,02
91,90
17,80
79,20
12,06
09,39
10,41
57,53
92,61
53,58
09,36
34,17
93,40
54,04
01,80
49,49
03,35
15,78
64,32
37,64
86,33
93,74
08,11
30,07
25,90
33,31
71,75
26,89
00,01
02,86
93,33
98,26
37,43
86,94
88,04
01,20
72,70
15,27
37,46
85,55
02,88
11,61
68,91
31,86
22,39
38,75
10,17
02,91
38,18
70,54
39,30
01,53
75,10
23,94
32,23
84,42
84,25
77,99
79,96
51,20
37,18
94,85
90,51
31,82
24,38
47,27
28,93
64,22
28,60
64,01
25,46
59,30
13,32
19,45
08,96
07,19
83,91
58,89
17,13
26,19
19,24
19,66
45,61
01,73
10,40
51,09
46,33
98,42
79,36
23,86
35,73
16,38
26,60
64,40
97,38
67,94
22,90
41,79
63,38
82,14
56,25
90,86
23,60
28,37
13,67
50,22
95,51
79,39
32,31
55,28
00,48
80,69
22,46
30,68
93,88
49,33
26,65
94,90
42,14
34,64
26,96
93,53
21,11
27,92
35,47
59,20
50,62
96,23
89,03
01,85
34,79
09,17
67,59
31,02
12,00
91,45
77,42
07,55
01,02
75,33
19,28
31,37
76,43
48,10
17,29
85,71
56,94
63,01
32,04
65,82
86,60
32,39
92,15
24,08
16,93
40,53
74,73
11,17
24,22
32,66
42,06
77,12
94,69
25,11
89,87
54,81
97,46
14,35
03,25
38,18
92,27
66,38
88,85
47,12
08,59
97,20
08,38
52,65
72,90
65,59
01,72
13,59
35,03
38,18
44,25
84,98
15,08
11,40
02,48
38,72
47,82
00,65
14,58
26,20
29,22
51,16
76,18
35,71
41,03
60,77
69,23
77,28
69,98
39,03
93,25
39,65
28,65
85,25
03,92
78,19
81,97
09,36
97,85
03,59
61,00
54,80
23,32
41,83
56,45
78,17
46,17
81,80
48,80
41,88
37,18
18,07
95,28
82,69
37,88
33,05
97,25
65,84
29,78
12,46
09,17
85,27
29,37
64,69
97,88
73,27
08,80
15,56
80,97
22,12
22,28
17,96
23,03
19,25
44,54
25,75
95,72
68,68
62,49
56,70
17,11
49,90
44,01
72,11
00,49
51,60
03,69
07,48
96,18
19,34
18,35
70,66
38,29
23,65
04,12
67,72
84,32
73,90
42,50
65,06
06,71
83,94
77,03
79,42
43,93
02,36
22,26
41,62
88,83
25,44
10,04
35,56
95,87
25,44
02,04
18,08
85,82
10,56
03,51
56,19
35,19
79,76
88,87
41,66
43,10
35,20
26,43
75,85
63,76
22,22
82,70
53,29
39,97
25,76
71,54
03,87
26,00
37,23
16,81
94,96
06,24
61,89
50,79
54,65
03,71
59,48
65,02
74,68
58,09
44,85
77,06
78,88
02,49
19,07
78,98
71,25
88,26
37,01
22,04
18,52
51,43
68,10
33,69
24,17
43,38
47,68
36,65
68,76
81,93
71,32
11,09
46,70
68,93
45,36
82,18
46,42
65,84
44,13
59,30
66,97
24,10
11,12
10,21
62,52
26,39
78,20
91,93
31,17
71,72
70,60
71,10
67,90
55,49
02,49
16,51
62,66
13,92
73,97
72,31
23,17
00,41
42,35
08,90
86,52
19,11
96,84
86,08
93,28
91,91
02,14
83,33
54,46
64,60
92,76
86,12
93,76
48,33
65,35
13,33
09,15
96,86
22,03
76,37
14,04
56,22
94,32
89,81
44,30
65,26
23,94
22,07
03,64
23,58
78,00
59,00
43,15
98,77
26,44
07,45
13,15
60,59
45,30
42,87
93,02
30,95
93,09
79,04
00,19
19,66
62,98
42,53
23,24
77,32
59,79
50,36
50,77
10,01
71,22
94,50
03,44
38,81
08,42
63,31
88,80
65,13
27,22
06,91
06,21
72,86
80,63
53,75
58,71
36,91
60,46
03,07
21,50
59,55
40,29
54,98
06,31
23,18
70,61
60,89
64,27
59,64
08,33
31,03
02,38
76,06
06,01
18,14
31,26
30,51
56,10
35,22
76,69
42,27
06,45
63,54
81,97
59,35
31,25
29,12
57,46
15,35
14,43
70,20
65,09
22,03
25,08
08,99
28,23
23,39
68,28
14,69
02,05
75,63
33,55
22,40
60,02
75,83
39,85
87,06
00,52
51,42
62,56
78,53
78,89
34,32
79,44
12,48
74,77
96,94
71,23
79,27
61,48
84,66
85,49
01,13
77,46
89,21
63,11
22,34
82,19
37,53
05,91
25,83
71,23
19,49
65,78
58,82
57,86
66,28
31,23
91,28
08,03
10,02
61,09
12,98
50,31
70,13
60,98
26,05
84,19
34,54
52,06
75,19
32,00
23,50
27,76
25,66
94,67
32,72
81,19
48,31
24,71
34,36
15,22
32,28
94,84
44,67
39,75
96,00
61,00
46,82
21,69
21,10
49,96
16,22
23,24
26,57
36,85
39,24
38,21
21,17
38,03
39,55
33,07
11,51
43,66
09,70
45,29
10,46
22,72
36,49
27,16
19,85
10,62
55,68
52,57
47,31
19,59
94,53
60,12
25,82
87,13
87,02
33,23
35,52
18,78
17,25
80,09
03,51
51,71
23,78
25,81
29,92
41,96
41,85
63,38
33,73
18,54
67,45
07,86
33,88
43,01
47,91
04,62
80,89
84,75
65,60
61,44
47,36
79,97
51,64
96,91
12,84
50,93
83,09
88,55
59,36
22,08
52,16
75,32
64,99
75,48
61,11
41,89
00,83
60,98
93,52
87,66
94,09
78,98
34,02
77,57
94,44
52,43
44,76
36,29
50,47
95,45
22,60
60,72
82,83
96,06
10,97
02,55
63,64
30,23
34,07
58,01
98,16
33,02
36,12
34,02
45,61
81,01
30,25
10,63
20,99
21,62
60,35
74,60
28,25
34,05
46,47
73,21
42,09
19,23
29,90
50,25
00,58
28,73
75,24
59,72
17,48
83,06
82,71
48,80
16,84
61,96
45,82
26,31
82,78
60,60
64,52
62,22
83,66
83,01
57,98
85,64
67,86
37,85
31,11
71,16
52,71
78,89
62,89
47,27
29,22
66,66
50,70
88,82
66,78
70,29
89,78
96,93
84,60
93,64
21,91
03,33
52,87
61,73
62,71
89,96
35,84
47,66
48,77
73,19
48,04
14,36
58,79
08,19
82,86
67,81
58,48
83,55
98,99
33,73
02,54
95,83
95,45
86,36
45,20
47,24
85,53
98,25
93,35
06,56
82,05
85,02
70,86
13,08
40,55
65,31
20,11
80,51
64,81
90,66
69,81
33,53
79,07
23,26
91,51
73,98
69,66
90,22
23,88
81,97
63,53
92,66
09,69
94,12
74,08
69,45
10,11
31,13
48,33
91,58
49,06
01,77
76,85
08,72
44,20
27,37
96,35
98,76
21,56
05,45
82,91
90,14
63,47
35,90
64,88
03,02
47,71
45,92
19,27
08,59
21,88
30,10
82,34
13,18
49,19
50,84
18,42
66,46
94,40
45,62
85,55
68,35
51,75
94,75
45,70
24,20
22,78
37,80
79,45
73,34
45,80
18,97
49,77
19,99
25,52
00,63
33,72
37,71
57,87
71,39
57,88
75,13
76,52
38,34
38,47
13,48
21,80
91,28
58,74
72,91
24,81
06,30
79,02
48,68
53,50
36,43
35,17
44,13
82,31
45,81
02,52
02,17
74,43
21,39
38,77
23,48
43,46
94,99
75,87
80,44
31,25
40,50
25,41
52,49
80,26
46,78
84,11
11,47
03,32
69,10
86,08
38,73
40,99
71,88
91,43
42,50
09,92
73,03
49,61
96,47
46,67
55,09
71,30
43,64
46,38
75,37
32,22
38,96
56,06
88,25
92,43
52,56
12,56
57,90
68,83
83,14
54,72
27,96
98,58
76,56
13,40
93,93
54,73
01,35
73,45
11,64
28,39
61,98
51,18
44,31
62,89
18,27
58,12
88,64
55,82
74,58
35,14
54,85
38,21
44,40
33,74
18,48
63,75
66,38
68,38
48,48
72,27
98,62
40,22
16,33
61,92
15,20
07,11
93,72
12,49
45,59
35,23
82,57
18,32
59,77
83,78
90,61
54,83
65,28
83,09
32,69
72,52
80,14
54,73
11,81
34,26
29,66
84,54
92,08
45,69
78,87
00,27
80,71
02,79
45,44
09,98
63,54
57,38
70,19
89,32
94,81
56,71
90,31
39,36
50,33
25,01
89,98
11,08
97,60
72,40
61,20
36,83
00,27
04,97
73,49
88,39
72,65
34,73
92,44
89,98
14,12
91,61
64,97
72,70
21,83
82,99
36,78
07,13
20,35
01,53
60,65
60,77
31,76
18,03
95,76
46,99
16,90
79,04
97,88
77,57
56,80
18,67
56,80
31,80
26,59
38,47
40,19
43,06
62,46
83,90
64,06
58,62
26,36
01,04
17,65
82,70
09,73
97,35
33,94
09,46
36,44
92,21
31,87
77,90
76,90
59,87
97,72
35,38
85,01
38,81
31,39
49,92
54,88
60,50
23,71
56,74
86,13
31,32
06,37
25,59
44,95
75,92
50,98
09,33
89,05
83,22
71,83
38,24
58,59
10,23
47,53
16,92
94,84
93,19
38,81
50,47
04,73
15,73
68,38
91,56
47,31
69,44
76,30
06,70
89,62
71,00
67,98
76,61
35,56
98,86
32,65
49,70
95,14
94,39
11,02
77,39
77,48
64,33
58,91
69,40
85,25
14,77
66,39
64,85
66,21
29,56
53,40
53,84
65,93
38,18
98,96
35,75
90,33
57,38
25,24
63,98
09,72
86,73
74,44
58,15
76,29
34,26
34,76
64,71
96,84
83,80
47,40
51,26
03,30
98,42
76,17
67,29
59,41
12,44
11,30
63,98
84,81
16,95
94,55
73,13
05,24
84,63
13,09
59,54
38,09
39,74
57,37
26,56
73,33
96,63
68,68
20,26
53,84
41,05
25,01
08,98
59,86
40,59
34,45
23,17
62,56
21,16
90,81
40,66
79,46
08,34
10,42
61,19
58,22
16,40
85,96
69,01
84,03
21,83
93,94
02,88
06,60
64,40
57,92
53,99
46,28
53,74
09,97
10,15
68,99
05,46
81,37
86,12
65,95
31,13
60,14
74,42
15,48
14,37
63,86
02,32
77,18
36,29
06,47
29,97
92,88
10,06
35,64
68,30
48,59
52,14
54,10
41,67
92,97
74,88
51,36
64,37
08,12
10,62
04,72
05,18
24,62
80,40
44,44
76,01
41,50
36,27
02,36
84,40
76,05
08,17
98,71
78,30
42,09
09,67
81,68
81,70
53,26
03,58
42,21
81,32
04,29
75,52
10,22
14,26
89,37
17,91
65,36
53,90
93,88
81,60
49,89
37,50
88,31
07,30
31,12
56,43
50,03
18,79
20,83
59,46
44,29
98,01
20,53
47,75
72,61
91,96
15,48
08,65
36,90
53,28
28,90
43,96
27,33
66,32
96,36
59,63
13,69
74,84
19,57
45,07
62,60
33,66
98,00
46,40
90,73
46,63
81,95
60,60
15,34
15,50
83,98
90,42
47,33
95,38
69,30
95,56
55,98
03,09
54,92
39,68
82,11
21,09
96,37
81,55
98,38
78,79
03,11
92,28
70,99
26,68
35,03
59,80
78,61
90,17
47,95
52,47
37,72
52,19
31,33
56,34
63,53
56,12
15,33
37,91
18,18
93,30
33,68
05,80
65,84
33,50
26,90
36,77
98,48
47,21
09,24
05,41
60,87
79,30
26,54
93,96
45,63
30,02
75,44
18,11
32,49
76,36
57,59
59,40
53,18
55,16
95,40
49,07
97,67
07,95
59,85
34,39
90,30
66,55
92,64
62,88
91,68
03,97
59,08
03,28
20,13
57,50
93,35
22,22
00,12
01,41
62,73
34,06
05,24
31,57
09,11
57,72
74,92
74,46
89,06
79,68
49,66
80,89
98,72
11,49
90,24
39,23
88,87
20,99
26,90
90,64
97,75
96,40
89,98
32,17
38,57
22,89
82,65
87,68
78,82
82,08
53,12
23,59
13,23
12,84
39,36
98,56
91,65
86,30
86,13
14,68
72,82
85,90
17,77
89,44
12,66
36,07
04,38
18,28
17,90
02,06
60,97
90,54
68,32
35,83
60,07
37,04
85,39
25,41
35,89
38,22
46,80
43,39
45,11
79,72
17,13
33,31
22,90
80,83
87,52
51,49
61,22
82,91
96,48
85,92
43,20
39,87
23,56
17,27
36,83
26,39
51,10
27,48
77,11
10,17
18,23
93,94
45,79
59,79
60,63
72,21
64,41
48,04
15,07
60,40
41,99
87,39
14,97
94,97
97,28
89,68
00,18
37,69
25,13
64,17
24,38
24,73
51,68
78,30
31,67
51,48
93,59
04,44
59,56
01,69
06,06
06,62
05,53
83,88
62,90
15,79
89,44
72,53
49,73
01,90
43,24
05,56
36,28
02,91
30,37
15,18
87,38
11,49
35,09
90,58
71,46
96,80
32,87
08,05
73,54
57,66
65,76
69,73
82,47
18,33
73,25
12,53
46,00
75,13
08,76
48,18
51,19
65,08
19,67
19,43
45,32
52,55
65,85
05,61
54,06
00,01
80,37
67,40
32,18
36,05
92,43
66,39
29,95
65,40
81,41
55,71
38,08
72,30
29,57
89,18
32,19
54,05
05,84
90,81
17,60
94,82
26,11
21,29
49,42
17,76
93,32
52,54
83,36
78,72
47,12
12,44
88,50
79,44
11,62
60,08
47,26
21,69
76,57
00,93
49,75
08,55
02,37
77,78
87,68
27,19
66,93
93,34
38,43
35,63
97,15
93,55
30,82
97,19
01,19
15,07
97,92
50,99
58,78
50,58
06,16
58,70
61,50
91,64
58,17
00,15
54,20
24,38
13,86
73,11
32,30
08,39
19,47
56,25
11,59
73,43
25,69
24,06
60,72
35,98
36,47
65,72
93,44
08,13
87,49
64,31
70,70
28,90
67,00
64,90
89,68
40,58
15,46
72,80
02,95
42,87
87,18
27,35
14,28
35,55
84,93
55,00
08,78
06,83
01,92
95,11
55,72
57,55
76,00
79,12
47,50
67,91
93,67
97,02
36,38
83,01
05,54
48,83
44,72
84,60
05,08
53,08
45,67
37,90
58,42
33,53
11,96
34,93
17,95
22,27
75,47
59,18
27,70
21,40
47,30
62,46
00,63
52,29
75,24
12,13
83,41
63,63
62,90
95,39
33,69
24,39
86,83
92,36
61,13
21,69
00,83
88,06
16,64
02,95
44,81
09,93
30,30
34,50
36,36
77,62
37,86
41,61
41,00
20,07
76,16
75,79
94,70
65,71
48,13
06,24
94,34
60,37
25,80
65,21
11,81
56,39
75,42
98,75
76,32
11,31
71,39
41,62
11,96
12,65
65,77
18,82
70,77
62,63
01,99
31,05
10,84
13,30
43,50
70,91
85,54
93,97
26,25
57,96
40,62
25,94
21,96
25,09
38,41
71,56
55,89
80,82
58,30
23,50
11,70
78,70
73,33
23,04
86,01
53,37
96,97
08,38
02,65
73,72
00,78
57,77
76,25
40,75
61,23
28,24
19,82
79,45
46,87
33,95
38,72
47,58
76,51
94,03
79,46
29,91
71,43
82,67
72,96
31,63
50,22
34,71
95,77
89,93
83,27
55,60
14,50
07,65
97,03
40,80
10,64
82,97
54,30
46,90
70,69
71,49
40,54
00,74
47,92
01,09
29,21
06,64
80,86
01,60
89,26
15,61
28,26
78,60
66,98
51,77
12,14
00,51
57,68
47,81
71,50
24,32
70,25
36,42
70,29
05,90
71,67
49,64
88,20
02,48
78,50
37,12
17,49
74,45
79,74
61,91
40,64
36,72
41,43
67,13
85,91
10,34
69,77
94,12
08,54
80,62
94,08
32,11
59,52
98,34
45,15
18,66
10,31
52,86
03,56
72,67
51,46
73,78
26,66
33,22
50,53
50,89
46,38
78,55
93,90
20,72
74,30
92,31
96,91
90,58
55,82
54,67
38,23
83,32
51,09
00,54
12,09
31,44
36,74
74,02
01,09
58,05
63,43
04,09
83,89
74,28
27,95
62,27
32,39
58,34
62,61
58,60
50,93
65,30
84,81
79,60
82,50
02,76
86,49
35,28
88,82
23,22
91,81
08,06
83,24
58,89
71,44
82,98
20,05
73,74
30,30
52,48
81,25
41,42
70,25
91,69
64,66
79,40
64,60
22,74
89,94
45,05
53,30
98,49
38,01
69,92
32,12
42,97
44,13
63,54
79,36
36,98
65,42
28,30
27,30
11,91
68,05
33,59
62,94
27,91
66,45
88,32
31,49
14,55
05,24
84,58
72,71
57,21
38,98
45,32
30,91
48,72
54,60
07,54
41,76
90,87
29,52
77,36
10,61
29,34
25,71
50,47
71,60
17,31
87,35
44,07
28,82
67,51
96,96
24,21
62,02
21,19
29,44
02,86
07,22
56,47
45,23
63,38
96,42
36,81
56,10
52,28
84,99
96,32
78,24
76,02
67,16
23,43
15,03
13,70
33,70
46,96
89,64
88,06
20,01
57,43
86,16
80,65
16,35
87,52
22,55
50,72
48,73
52,87
41,35
26,31
49,15
27,51
92,20
79,36
80,46
35,99
98,86
29,27
03,90
89,14
38,68
38,56
16,39
42,70
81,30
64,34
33,91
64,78
71,09
85,34
23,80
20,13
45,35
77,02
44,03
14,44
50,68
45,79
08,62
38,70
32,42
17,14
18,06
50,60
19,51
78,57
93,97
57,35
79,17
19,47
71,65
49,10
57,95
55,05
94,38
92,98
67,47
54,52
14,49
50,56
52,99
60,03
58,66
85,92
08,26
79,82
12,45
62,73
83,12
86,21
19,53
65,39
91,36
64,24
04,84
77,71
71,32
89,13
82,59
55,03
56,17
74,34
11,98
53,97
55,41
09,96
32,23
74,92
36,87
42,72
27,94
33,53
73,73
91,44
32,51
26,86
11,61
50,82
98,87
94,82
74,97
54,96
66,04
66,68
58,60
03,65
24,34
63,98
87,65
87,47
35,64
12,90
83,24
73,53
24,85
21,71
18,49
77,75
03,05
29,01
80,76
47,67
80,14
92,92
57,69
01,16
64,01
89,15
43,84
95,19
24,00
11,72
20,87
21,08
76,68
19,08
35,28
48,99
30,95
67,55
41,27
87,44
79,01
47,58
79,66
64,49
65,68
14,51
01,25
26,17
77,54
46,67
47,64
97,18
59,28
74,21
67,43
48,48
92,92
19,47
28,21
21,54
26,72
69,50
64,92
50,27
84,92
63,41
26,07
60,69
57,89
77,22
05,31
56,05
97,79
41,08
24,12
32,90
40,36
72,63
48,71
29,21
01,36
08,18
89,46
04,75
85,62
23,10
85,74
66,53
10,07
96,08
28,59
15,63
81,39
32,46
41,30
40,23
18,86
57,06
02,66
27,90
84,28
62,80
46,62
52,03
76,73
90,35
73,85
93,77
25,02
72,88
46,87
19,82
86,20
38,33
44,47
61,87
93,88
50,30
20,32
09,20
10,15
06,63
84,11
51,93
31,01
34,04
29,77
75,80
10,76
42,05
91,02
80,19
25,98
50,24
44,88
92,12
69,38
90,42
15,65
14,33
15,51
08,01
92,52
57,43
46,65
95,79
32,87
72,08
34,42
22,95
30,28
27,85
78,28
27,78
68,39
22,86
42,11
76,55
44,79
16,78
38,20
44,79
90,44
29,04
48,11
23,48
31,46
42,12
92,98
35,40
28,55
48,68
97,66
92,72
95,78
27,11
39,79
82,32
87,22
92,81
00,21
72,97
85,41
77,67
95,26
51,53
68,74
90,78
94,33
50,56
46,49
01,53
85,09
98,57
07,29
22,99
11,41
49,11
58,04
27,67
48,16
47,19
85,29
15,15
48,30
03,51
01,44
56,62
46,54
75,61
05,59
13,97
81,53
40,94
45,13
43,87
66,62
22,28
96,89
74,80
88,84
76,09
75,29
84,37
30,36
92,90
19,53
39,61
32,28
29,69
89,97
77,80
59,30
32,94
71,50
81,47
49,97
24,17
34,93
67,10
69,73
91,97
21,40
52,22
47,36
33,94
59,23
90,63
79,40
02,73
22,63
50,23
80,46
76,56
15,38
95,65
56,48
43,51
70,00
95,22
77,60
75,91
23,39
90,21
47,72
60,25
28,71
89,63
44,48
38,16
82,21
41,57
60,00
71,71
13,15
82,12
41,61
18,00
03,40
44,69
85,68
66,41
27,10
81,89
39,54
70,46
75,84
21,60
92,64
90,08
78,41
83,27
79,31
12,45
24,05
19,33
22,60
64,17
25,98
93,53
02,12
30,62
84,26
21,12
64,33
87,33
25,72
80,86
17,07
29,33
28,41
90,86
07,88
17,04
90,92
81,11
34,56
91,80
09,64
12,94
74,72
23,87
79,14
33,63
73,70
96,58
98,99
89,11
00,59
73,89
56,41
30,36
17,67
21,19
60,40
26,95
03,46
81,36
24,58
03,93
85,06
14,37
45,12
07,12
66,78
23,63
01,98
83,47
43,55
36,25
40,22
22,25
32,05
27,87
86,71
00,47
68,49
78,55
88,86
40,53
49,28
68,18
57,34
10,73
35,18
21,58
57,35
07,06
67,90
25,06
70,68
81,37
97,90
90,47
26,23
08,54
45,29
92,30
81,05
56,33
87,19
27,12
30,99
60,08
00,85
55,95
85,12
73,96
33,65
68,73
81,02
86,95
58,33
53,67
54,28
39,56
92,42
17,87
23,99
05,72
49,88
02,80
25,04
49,87
48,09
39,44
35,77
31,99
62,03
57,90
51,07
28,09
89,68
14,01
65,49
79,75
61,45
28,53
41,81
20,79
15,95
43,42
55,45
13,10
30,35
68,75
32,64
58,73
95,20
76,55
07,97
60,74
85,85
24,23
70,20
92,61
96,27
13,77
85,30
35,52
82,55
95,29
10,28
44,19
61,40
89,28
62,27
85,03
04,27
53,19
45,45
38,25
80,29
68,52
50,32
80,89
00,62
14,29
32,20
14,42
12,32
79,37
79,96
26,42
37,88
59,14
68,34
21,79
29,87
79,62
14,93
25,55
49,44
67,50
44,02
48,88
09,28
37,19
08,63
64,42
10,57
75,89
72,45
48,31
77,77
52,90
55,36
78,96
80,45
04,17
68,26
48,33
95,34
76,83
84,70
15,26
87,76
97,18
33,19
70,02
33,59
81,57
92,07
09,76
37,04
86,52
59,33
88,72
69,90
95,84
21,00
49,33
70,86
52,02
75,23
06,20
32,49
21,50
28,99
79,96
30,38
47,40
77,66
20,48
34,10
72,58
10,86
72,51
68,81
34,18
32,63
23,31
98,56
27,12
50,86
73,78
35,03
09,90
40,26
45,87
73,40
60,89
34,12
97,88
22,18
43,17
95,28
35,94
58,10
17,18
39,18
34,60
46,03
52,15
87,43
46,87
17,94
30,38
88,52
73,32
10,50
78,37
17,15
61,96
50,32
00,94
37,46
86,60
53,68
51,10
30,96
89,04
23,08
96,95
10,00
06,51
06,04
41,68
04,84
95,50
02,16
27,40
33,03
83,44
83,83
52,45
12,31
71,91
39,72
04,98
20,48
40,77
14,82
92,25
68,92
42,11
96,46
04,86
95,05
24,72
55,90
28,56
44,51
60,34
05,80
88,78
72,52
36,36
60,15
17,86
65,51
62,76
06,18
34,55
27,18
02,43
03,37
63,62
70,90
59,49
16,58
00,66
20,37
92,58
58,32
48,23
81,75
89,05
13,10
20,60
69,48
24,11
13,02
25,58
95,53
74,70
28,11
07,23
72,96
80,35
31,88
91,08
26,46
44,20
01,44
91,07
25,88
59,19
31,60
61,54
38,62
10,92
34,45
52,49
93,37
16,59
17,01
14,07
59,69
27,31
39,05
97,29
34,87
60,84
84,32
84,84
59,46
55,19
75,11
02,91
71,08
43,05
11,52
32,51
29,47
15,36
21,53
23,32
62,88
13,10
63,72
85,57
10,46
07,54
23,25
35,46
34,80
58,99
12,93
63,98
44,44
23,49
12,80
67,69
50,77
52,51
29,34
26,81
51,67
85,00
95,08
29,62
49,09
47,28
97,19
79,66
53,70
80,03
44,72
51,23
70,03
21,01
77,84
69,28
00,39
80,09
50,98
92,25
47,44
54,32
92,49
16,58
67,50
65,81
19,14
81,22
43,16
83,39
30,87
84,78
39,29
91,24
08,88
86,55
46,31
71,46
85,63
92,63
78,21
61,20
58,97
46,62
67,66
82,87
79,38
91,92
60,60
03,88
48,38
95,78
96,53
65,16
28,59
88,49
28,05
62,45
70,66
72,65
07,22
60,39
57,75
79,74
71,79
48,39
41,05
89,18
21,63
07,71
78,62
22,20
71,20
07,76
52,77
04,37
82,64
06,96
70,27
60,62
29,41
09,66
53,51
27,55
81,61
56,65
38,46
87,79
90,59
63,63
11,91
47,67
36,78
86,69
44,45
05,96
41,31
08,62
85,71
62,03
37,62
41,74
25,21
06,52
04,08
32,95
30,73
43,26
91,32
92,96
42,80
11,35
96,04
34,26
84,95
83,65
33,04
90,69
41,24
18,12
18,36
13,39
42,36
96,06
81,58
68,17
95,28
47,32
61,74
57,75
87,17
58,99
73,51
67,39
80,73
96,70
88,20
78,53
53,84
35,59
86,08
57,73
97,32
38,66
04,02
84,96
39,85
13,61
36,33
49,93
29,35
14,62
16,45
21,24
76,05
33,74
26,24
37,56
20,48
24,38
80,54
98,06
49,31
09,61
60,85
17,05
00,46
07,06
46,37
00,80
07,58
53,56
67,73
64,86
89,64
52,12
61,41
34,63
12,61
67,95
82,18
79,49
68,55
07,56
15,71
64,39
17,10
59,47
91,02
08,38
84,96
54,28
10,34
51,77
69,74
84,95
42,92
18,71
43,14
78,19
92,14
77,21
87,71
48,40
62,59
95,95
95,19
52,55
96,73
35,66
44,48
89,46
40,25
63,48
25,85
04,75
70,41
11,92
59,82
50,41
69,29
51,58
98,89
47,26
83,28
89,29
02,62
98,30
61,93
82,87
18,15
86,65
52,83
52,87
23,87
49,22
65,38
39,69
06,93
36,98
23,73
67,52
95,74
15,31
53,75
17,16
15,05
02,69
87,59
69,52
23,72
70,27
74,76
01,00
17,92
20,04
42,05
90,28
37,35
19,63
70,91
12,09
40,54
59,59
02,27
92,71
10,84
89,63
06,81
03,58
48,98
27,33
34,77
04,21
42,71
07,78
67,74
08,99
75,08
21,46
76,25
61,11
00,15
11,42
26,49
74,49
73,28
37,89
38,76
20,35
14,89
19,73
68,42
28,38
23,70
