81,22
78,15
30,91
62,81
66,90
23,62
42,05
02,74
11,70
64,39
20,62
68,40
00,94
80,73
59,40
69,03
59,49
56,62
71,48
24,51
36,60
33,63
40,35
80,50
77,17
13,75
35,66
43,64
29,31
48,00
73,06
71,18
23,77
39,61
96,73
14,67
08,82
66,40
95,48
43,00
64,98
38,57
24,57
52,22
16,84
76,45
82,78
06,48
64,03
21,03
27,03
25,08
11,73
54,56
11,02
10,18
20,08
56,68
58,61
38,96
23,06
80,54
33,81
66,69
65,17
86,46
15,08
11,45
70,77
54,17
46,17
06,27
41,95
26,56
00,86
65,86
81,38
53,80
12,69
07,29
94,88
28,87
78,58
30,55
58,32
25,34
86,05
03,41
69,47
93,80
23,98
17,73
95,37
89,35
61,18
52,85
92,83
38,26
30,34
21,88
44,92
06,08
12,74
18,27
80,68
54,33
63,97
66,31
63,33
26,51
27,77
98,21
98,40
39,81
52,27
75,49
13,68
36,00
39,56
14,05
63,97
64,77
41,72
61,18
86,78
59,89
01,18
26,83
76,72
06,80
81,65
47,41
76,14
77,27
68,15
53,58
08,29
75,44
10,56
75,01
14,22
83,64
88,33
07,89
85,35
11,12
39,46
57,10
51,28
81,38
97,77
59,84
60,72
15,57
81,53
73,73
56,66
97,08
81,37
29,63
39,20
60,53
58,95
35,66
41,09
53,19
53,39
25,44
10,06
87,15
76,76
47,99
48,61
38,55
53,22
05,40
14,13
69,49
71,17
56,99
72,16
62,78
72,04
27,64
26,85
28,97
49,50
61,51
76,75
86,63
50,09
06,94
49,76
12,75
83,88
16,67
40,94
56,59
09,90
98,30
36,31
73,29
37,25
67,80
51,03
92,56
19,52
80,45
94,94
14,55
15,32
93,85
12,03
12,34
01,69
97,33
50,77
80,75
87,56
39,66
49,53
74,11
23,48
90,78
46,46
26,53
23,38
65,84
27,97
91,29
42,80
35,14
26,01
70,87
11,99
65,16
01,70
38,48
92,89
39,46
29,48
35,22
92,68
98,74
74,24
45,21
29,64
02,52
83,10
19,73
06,61
63,35
46,34
74,82
70,25
14,87
78,08
56,37
18,02
93,69
50,75
06,72
10,83
54,55
56,14
63,41
10,79
60,40
30,00
72,73
83,71
22,24
57,59
64,70
31,67
14,23
96,40
39,39
05,63
97,97
98,47
67,46
31,46
85,57
76,15
07,34
19,18
39,76
76,07
07,63
45,13
56,28
29,26
81,15
33,05
29,53
20,84
97,13
96,62
33,55
96,67
48,37
19,97
53,53
48,51
51,33
29,74
17,21
30,78
33,44
05,37
75,82
83,99
55,74
85,48
37,66
77,20
47,85
83,38
21,69
47,23
19,74
01,65
91,49
49,60
45,75
30,28
97,08
28,24
25,73
78,64
17,33
96,78
39,76
90,89
15,26
02,96
56,07
56,71
73,51
53,44
54,83
82,36
82,48
52,49
74,85
90,05
33,59
32,33
19,27
24,28
90,25
93,14
81,08
09,72
85,94
89,54
14,32
83,30
05,46
30,14
72,04
21,98
16,75
86,44
41,03
21,33
39,52
84,93
77,88
73,64
12,24
05,19
72,09
44,40
78,37
80,54
57,51
90,69
05,03
10,04
92,01
23,46
63,76
58,36
64,65
54,05
58,75
65,82
51,86
23,80
70,32
70,31
28,40
89,27
52,53
39,28
85,31
54,94
35,36
84,25
02,71
78,65
20,89
45,20
70,71
46,99
14,31
74,16
80,68
12,00
54,07
32,38
24,61
94,08
77,35
94,32
85,55
40,01
74,99
05,14
64,77
40,09
76,48
62,65
65,72
10,98
31,30
23,65
91,62
80,97
32,23
91,91
72,30
78,34
76,17
42,38
54,79
23,36
32,75
54,36
97,98
31,31
38,81
66,49
13,05
12,18
47,88
60,05
91,09
74,51
84,91
41,93
12,93
20,53
85,51
89,06
82,40
65,43
36,46
08,58
33,67
73,01
53,31
12,09
90,79
84,06
92,62
80,59
73,41
30,31
00,71
71,33
92,96
86,11
74,63
40,97
79,84
64,70
54,57
36,61
69,77
78,57
84,91
44,94
47,43
10,74
80,02
29,06
67,90
04,57
49,85
90,50
34,22
57,27
13,44
88,98
41,95
33,87
95,92
97,50
73,82
24,75
57,43
44,49
59,09
00,22
70,20
84,96
81,84
40,22
51,34
74,21
86,91
18,70
06,26
60,42
79,11
02,53
28,77
06,14
95,12
83,56
94,17
51,71
88,37
06,82
37,92
72,35
38,27
36,24
25,05
43,25
76,27
61,09
97,85
23,20
04,49
30,69
80,29
98,97
39,84
26,46
98,98
63,23
48,10
64,00
24,58
87,25
64,82
44,64
75,43
66,90
40,52
36,02
04,16
32,58
09,46
57,40
14,00
90,83
96,73
44,60
54,07
63,86
76,70
18,23
72,79
76,26
80,41
53,49
89,31
43,47
96,91
44,59
28,01
25,84
81,38
75,00
03,04
74,63
21,43
81,13
59,20
82,91
21,96
54,10
14,45
40,53
92,78
55,06
58,11
64,99
38,39
51,51
47,77
16,36
73,11
44,46
16,90
08,18
41,48
60,90
17,56
54,25
06,45
05,19
17,30
36,47
53,15
08,29
49,37
43,66
64,63
12,63
50,08
73,33
69,33
11,27
85,28
77,73
22,06
19,60
17,92
36,15
06,65
10,66
31,97
97,72
17,74
36,99
02,32
90,12
17,69
89,70
49,29
87,48
31,05
85,02
09,46
67,95
98,82
48,85
08,52
35,58
76,40
79,27
17,98
57,31
17,92
95,84
44,87
95,57
77,66
38,65
88,01
24,91
20,33
80,59
94,66
13,49
90,91
37,27
18,14
33,70
24,14
75,07
94,49
84,58
84,07
39,57
41,97
60,49
89,31
74,16
69,22
84,84
90,33
80,35
21,48
30,05
20,49
83,29
53,60
72,88
92,50
87,60
64,46
13,51
46,47
02,21
14,83
52,19
09,70
57,09
72,61
68,47
89,50
26,28
67,40
62,77
83,94
25,26
09,04
15,34
13,15
34,08
09,11
18,83
08,59
04,83
25,45
62,73
94,19
19,27
03,90
19,88
16,81
72,18
10,05
51,81
97,82
84,96
05,03
06,47
44,34
28,38
23,04
64,12
13,28
29,07
90,82
32,45
36,27
60,51
42,27
14,22
86,43
58,42
48,77
74,44
36,73
92,53
40,33
31,09
88,12
36,42
33,93
06,90
12,54
93,90
53,26
91,17
58,24
39,85
92,79
00,02
79,34
74,80
24,51
63,52
38,78
74,87
32,12
38,26
41,69
06,45
24,98
65,50
95,51
94,30
47,43
54,31
54,21
29,02
88,22
61,81
71,75
96,91
75,98
19,85
77,61
47,17
14,06
40,97
27,66
15,16
21,66
52,20
85,38
16,05
13,33
48,47
65,88
13,65
54,05
26,91
31,39
67,47
22,39
74,15
51,36
63,27
10,43
91,88
98,62
46,39
94,67
13,66
54,96
56,71
23,63
38,42
90,85
33,16
44,38
47,94
97,94
72,91
68,08
63,47
22,00
84,96
07,20
27,16
76,47
26,65
02,25
36,83
22,50
29,44
43,47
34,41
76,84
43,16
27,44
55,16
82,75
68,66
03,26
72,31
29,97
51,66
22,65
40,07
79,67
06,46
06,38
08,19
54,39
86,14
01,95
23,51
61,92
85,27
34,16
47,42
89,72
34,76
05,53
16,43
02,11
07,79
25,56
49,22
21,54
78,68
37,45
64,24
31,32
69,98
13,91
83,02
37,91
17,25
93,68
28,70
17,59
40,48
63,43
94,04
92,05
56,83
52,02
46,15
48,24
59,27
86,29
36,74
43,07
22,70
11,96
63,22
34,17
32,17
41,78
77,41
91,50
16,78
14,49
43,59
45,52
61,57
53,97
95,95
62,20
25,16
76,62
88,17
42,38
23,56
08,91
18,56
71,81
62,67
14,96
33,00
65,32
89,09
98,13
63,00
93,95
90,93
42,56
93,70
94,03
52,06
38,10
02,63
18,63
59,75
79,07
91,07
94,29
04,47
65,99
45,31
45,64
50,55
94,80
64,45
06,04
72,84
05,66
07,89
88,14
30,49
72,20
54,87
44,41
23,73
48,89
25,97
55,28
37,33
73,93
32,84
26,78
65,96
90,31
24,04
36,85
56,05
40,45
79,70
28,29
43,90
23,32
47,24
31,33
61,11
53,87
64,66
39,52
81,95
63,26
16,31
71,67
29,57
47,55
64,89
87,06
22,97
89,40
66,54
43,69
52,59
44,48
28,54
25,33
77,45
91,54
81,72
02,06
03,98
52,57
76,23
14,73
75,56
69,42
29,39
31,21
31,84
56,50
89,71
53,14
85,35
35,03
55,02
10,48
94,55
75,53
32,47
21,25
36,88
00,76
10,74
63,53
54,41
83,45
96,61
44,23
75,91
58,73
98,87
21,80
84,96
07,79
91,36
06,85
29,47
87,90
78,34
18,46
83,61
49,74
87,80
53,84
53,47
35,79
50,70
97,16
73,17
07,45
02,86
71,28
03,16
63,81
26,46
11,60
36,41
71,75
87,69
30,28
42,07
67,70
50,76
20,67
28,70
44,37
52,80
30,19
79,78
89,38
19,68
43,61
52,45
91,21
32,64
91,11
09,64
92,33
25,86
09,61
92,79
30,31
82,67
67,44
69,21
72,33
17,97
03,63
45,76
19,46
74,80
78,84
77,22
15,06
58,36
23,49
86,99
88,67
01,02
97,62
87,12
29,03
12,90
78,41
73,56
46,02
26,40
29,69
72,65
16,73
06,83
97,57
61,57
23,34
53,89
66,39
46,98
53,94
35,14
32,53
86,66
72,10
72,69
20,90
62,28
97,81
11,84
67,26
52,36
16,15
12,82
50,12
55,86
44,88
82,01
82,41
02,13
01,37
31,42
40,05
29,20
96,28
55,61
19,96
85,48
28,39
02,92
06,29
80,49
25,85
14,45
47,35
48,45
46,69
78,92
24,95
34,51
30,74
10,70
38,81
83,41
35,05
50,56
16,25
22,04
27,88
66,91
94,36
46,90
13,05
22,69
24,57
20,02
26,29
29,45
79,87
19,02
51,99
83,10
79,70
51,21
72,23
39,74
57,06
54,56
81,53
40,70
35,52
94,06
70,56
36,71
32,22
69,91
05,91
34,21
05,48
65,06
08,74
94,49
51,30
42,41
74,51
66,05
58,53
62,73
45,58
58,10
10,43
30,69
90,23
05,23
42,23
97,10
50,47
33,68
60,99
44,15
23,74
44,49
28,53
38,21
84,76
47,62
38,02
12,65
72,75
37,14
21,18
47,14
74,49
84,53
28,45
33,07
11,82
25,17
63,76
94,51
17,71
55,90
62,30
05,25
79,31
37,62
30,94
67,43
15,06
68,06
04,11
71,58
29,51
35,33
93,38
10,36
31,24
95,59
53,10
32,09
32,08
11,61
00,38
70,51
12,79
72,29
08,75
89,93
96,34
85,24
02,16
39,47
22,04
50,58
36,99
59,67
68,95
51,04
21,46
91,37
72,32
05,73
53,99
36,51
01,17
55,95
44,75
84,86
66,71
74,32
17,37
05,64
13,58
34,07
75,29
68,36
69,97
60,92
73,34
53,26
98,06
14,44
93,88
98,76
78,41
41,84
27,94
93,85
24,45
73,39
02,92
82,32
61,83
58,39
11,55
32,85
38,98
15,55
49,22
74,43
85,80
85,05
72,21
21,83
96,61
80,17
67,59
14,55
50,89
96,55
22,54
91,80
46,86
34,18
70,24
75,53
94,69
82,63
97,27
59,14
49,52
77,04
78,56
58,97
54,61
82,06
33,53
29,43
26,61
77,46
88,58
55,49
76,93
35,20
51,63
67,13
50,42
22,58
96,42
59,05
27,49
71,14
11,83
98,82
28,33
31,04
35,50
11,46
37,02
88,19
76,36
53,54
39,91
88,04
96,11
95,09
84,09
85,33
23,33
70,43
33,49
81,43
41,90
27,15
07,96
53,84
87,22
34,57
89,09
49,46
23,20
94,12
82,08
45,17
24,38
03,91
04,46
80,48
66,28
56,26
25,82
65,94
84,15
45,70
54,75
23,00
95,01
96,18
00,74
69,38
57,13
05,50
48,82
79,77
89,38
89,95
33,56
40,81
49,76
54,07
67,30
18,76
10,06
38,29
75,44
00,94
61,45
10,55
55,09
05,31
33,76
64,72
60,53
72,92
80,16
19,61
19,64
45,72
85,21
95,72
44,59
90,67
90,30
36,73
37,32
07,10
51,95
55,40
34,31
32,72
05,74
55,59
86,78
25,25
14,19
46,03
33,62
16,71
60,50
66,33
49,99
47,92
44,66
10,61
66,13
00,20
36,35
45,12
48,48
57,65
48,87
81,30
56,37
51,49
87,22
03,26
19,82
68,05
42,53
70,23
71,63
98,61
05,44
49,94
38,52
02,31
98,84
49,22
64,51
69,60
36,05
51,08
38,85
82,22
15,91
29,37
63,35
74,89
34,59
76,16
97,10
04,96
65,75
43,39
00,44
10,18
25,37
76,78
79,50
60,50
53,19
77,39
75,37
62,34
93,93
38,39
60,77
41,42
76,04
16,35
02,14
61,18
47,27
88,60
71,87
38,37
66,17
89,42
66,76
00,94
92,03
70,71
37,58
12,51
67,32
48,96
17,52
21,13
43,73
95,60
95,96
10,74
61,95
93,84
51,20
41,86
49,70
46,06
31,73
43,46
65,19
38,44
65,76
65,83
91,38
91,22
45,22
55,23
40,95
84,36
07,42
05,73
11,13
36,54
54,38
47,47
11,71
42,77
07,11
98,52
51,53
12,64
97,97
41,27
65,35
18,02
15,74
23,05
39,09
81,00
77,04
87,75
86,28
43,77
58,67
09,91
21,75
22,10
66,17
63,58
52,65
48,80
76,46
30,34
46,42
02,66
75,13
03,73
83,27
69,47
26,68
06,81
54,72
71,06
47,04
65,39
36,78
56,15
55,41
52,47
08,49
19,01
13,01
33,78
73,93
32,29
76,75
68,57
84,72
83,27
51,02
87,09
55,20
03,06
04,29
33,65
12,10
15,62
18,29
09,03
26,07
25,39
22,60
66,02
12,24
14,69
41,65
01,58
08,58
84,20
14,12
58,74
91,25
08,33
02,57
38,78
15,14
37,87
53,79
97,40
95,30
37,40
40,72
73,04
37,55
20,48
47,62
24,11
97,33
61,39
65,45
63,92
85,95
29,16
80,87
01,67
13,96
06,20
51,35
12,51
79,89
24,69
96,59
94,80
49,32
07,90
48,00
11,00
12,83
16,22
24,59
78,81
23,44
39,37
46,35
44,76
43,89
22,62
21,22
17,32
23,26
12,18
67,45
02,33
96,46
24,99
09,52
96,57
87,45
85,01
71,51
75,98
53,16
50,19
11,49
10,73
26,74
43,53
03,41
77,68
77,10
54,57
16,71
98,14
11,20
07,56
18,20
80,85
20,55
94,11
37,40
18,32
06,83
92,87
64,22
71,03
74,50
04,74
34,80
90,30
29,48
45,95
05,84
75,41
85,55
19,55
20,34
42,55
40,78
92,73
07,95
87,90
40,24
12,15
66,09
47,51
18,59
09,87
37,73
22,18
83,77
30,31
82,29
28,66
66,35
85,24
37,39
48,77
48,71
56,81
37,14
83,45
54,22
35,70
68,71
14,24
77,98
27,98
31,13
39,55
91,85
93,32
52,79
31,05
90,51
76,37
59,33
47,48
88,20
80,55
39,22
94,54
20,13
97,67
12,81
78,23
44,77
41,98
83,59
73,16
11,59
43,62
98,86
80,62
80,25
84,94
24,16
57,02
78,97
90,71
03,66
03,57
01,20
75,78
67,84
84,14
43,65
56,78
95,79
02,38
40,53
61,67
51,16
71,15
98,72
36,88
73,46
83,75
53,75
35,38
18,62
07,35
94,43
96,02
86,55
53,16
32,28
61,25
33,67
01,20
20,22
49,60
82,74
58,84
65,35
23,34
33,22
89,80
25,17
89,76
82,38
71,46
85,15
63,51
66,43
43,88
27,17
70,75
51,81
29,15
51,45
29,86
95,24
19,42
73,96
43,28
50,31
26,67
68,68
42,83
43,75
60,78
70,92
98,35
63,00
50,73
52,22
53,89
16,48
49,08
88,33
80,97
46,11
75,74
70,50
58,53
36,20
31,18
11,28
55,87
42,71
71,60
39,06
76,14
62,78
97,51
91,68
55,99
53,69
94,27
41,65
23,86
89,15
90,60
26,88
45,50
66,56
60,16
04,11
32,49
36,57
44,96
54,94
63,55
75,47
18,64
45,57
94,17
86,60
06,80
57,55
44,94
49,38
78,30
84,14
35,25
33,49
84,76
12,08
26,58
28,34
58,53
71,27
40,69
26,97
23,46
11,31
87,22
57,38
51,76
75,36
00,83
51,58
91,64
73,87
86,06
88,42
37,37
54,21
35,44
67,12
52,30
92,32
81,98
05,08
79,07
71,65
20,29
86,65
35,94
92,48
63,67
49,49
88,29
55,22
25,78
87,37
34,94
12,43
20,83
73,42
41,84
97,73
37,27
70,18
08,56
16,31
26,19
21,24
81,99
53,26
25,13
14,74
39,18
06,76
22,15
17,66
50,62
73,73
70,84
95,39
04,85
93,69
21,13
42,13
14,09
94,22
82,31
63,16
40,00
39,79
67,00
87,48
93,05
61,65
42,69
89,87
12,16
83,80
23,20
42,11
15,35
53,43
77,96
48,92
28,94
23,57
69,43
44,80
22,65
51,30
50,24
73,32
54,46
98,43
41,92
06,94
34,46
51,35
90,67
09,07
06,31
08,36
33,85
90,86
36,83
28,08
46,12
59,93
45,45
55,01
44,13
96,40
34,67
86,89
95,25
93,16
04,70
98,44
51,96
89,01
10,62
75,29
62,56
50,84
93,85
67,43
37,65
73,00
60,92
26,96
32,57
74,78
94,34
43,36
89,61
03,72
12,57
65,22
40,12
67,17
23,22
42,20
68,74
70,74
28,92
01,62
03,57
17,49
23,75
39,26
09,23
21,37
72,34
77,77
03,34
75,25
36,84
14,34
83,88
80,21
77,67
66,46
42,96
65,67
30,23
17,81
75,23
06,22
41,55
11,92
38,80
51,36
03,15
84,59
02,19
80,84
49,93
72,58
16,97
03,58
97,70
46,05
11,95
24,09
92,25
23,68
26,03
37,62
84,36
07,40
48,25
77,48
31,14
90,79
90,75
18,42
87,32
05,92
29,57
03,37
21,64
57,87
61,78
40,49
84,50
63,27
08,53
91,06
16,28
53,49
33,01
43,67
97,47
87,70
06,64
67,67
85,49
08,42
43,25
19,36
41,65
96,78
35,26
53,69
41,21
49,64
80,16
09,27
13,53
68,11
46,44
05,72
43,72
61,50
43,69
14,73
34,69
37,04
76,86
53,73
35,91
35,50
43,63
58,22
79,00
95,39
81,07
07,00
31,71
83,13
44,79
69,56
46,15
68,79
63,85
89,38
43,22
00,47
75,92
86,01
62,45
60,91
57,35
39,65
39,84
80,67
65,61
92,14
29,59
08,91
08,30
73,20
60,49
43,57
75,61
38,34
39,73
81,85
61,38
98,04
30,63
05,76
44,28
07,13
33,13
16,69
66,73
38,15
48,69
14,21
58,20
26,82
69,15
65,45
35,03
82,58
50,19
37,12
17,13
46,16
32,48
14,36
21,67
00,64
59,52
53,50
56,90
14,91
95,78
87,24
24,97
54,34
86,32
06,85
50,72
39,59
18,10
45,44
13,47
24,92
34,86
06,79
98,24
14,79
35,80
48,88
23,70
22,80
19,78
98,58
75,22
35,81
88,89
36,37
96,95
43,65
21,26
33,87
04,65
52,53
89,95
50,94
46,11
09,35
15,31
95,09
64,70
20,71
07,98
00,97
58,27
77,79
56,87
90,34
63,81
50,18
48,99
45,39
95,03
40,10
15,84
95,77
19,82
73,69
52,09
44,16
36,51
14,55
77,27
12,63
40,02
70,16
16,39
04,94
65,34
18,32
72,35
80,61
00,37
19,83
35,98
16,45
19,60
81,80
87,81
58,20
42,33
80,50
23,84
65,09
31,99
21,17
74,02
53,01
59,21
13,66
26,40
56,77
45,97
88,45
57,85
69,44
31,70
82,51
74,12
94,08
80,64
80,15
16,99
19,06
28,15
24,98
23,25
93,09
72,46
54,34
81,46
82,65
95,84
56,23
66,79
27,53
27,27
88,73
69,35
50,70
96,10
58,37
43,17
33,27
53,00
02,06
62,10
55,80
56,20
70,25
52,19
26,99
66,26
84,82
85,87
86,35
51,26
66,71
61,31
02,80
79,52
49,32
59,73
51,38
40,61
11,42
71,26
17,10
20,59
66,37
07,87
13,44
08,51
04,42
58,61
84,77
40,70
59,24
62,85
32,93
90,94
72,87
26,70
36,80
15,40
82,71
09,81
82,28
97,90
69,68
26,17
07,64
35,89
86,16
27,00
17,77
43,60
69,94
30,93
68,05
50,71
57,21
46,10
18,00
54,34
96,37
75,25
18,28
09,84
82,37
31,24
41,35
28,97
09,37
92,44
84,61
07,55
83,55
35,58
47,76
45,28
26,03
09,25
19,88
43,70
04,43
08,03
81,83
55,62
80,50
80,86
73,36
38,16
57,28
40,22
31,98
13,75
24,47
90,30
93,10
64,75
71,36
86,09
93,26
15,57
18,64
20,44
77,68
03,68
78,17
91,50
15,92
61,29
94,47
79,99
73,98
14,44
36,34
11,73
97,97
61,23
68,47
68,31
15,33
87,81
88,63
10,99
73,23
39,25
26,09
68,59
20,21
29,11
95,47
74,05
90,63
17,50
32,66
29,10
13,40
62,08
85,06
66,68
84,87
81,02
31,10
73,34
31,15
89,05
17,88
19,68
01,47
56,42
19,41
39,33
22,84
24,05
60,22
39,44
97,02
45,57
31,98
39,41
65,19
76,29
11,92
65,43
65,12
11,07
67,36
95,21
48,96
84,03
23,56
16,17
20,28
00,98
31,04
94,82
01,81
92,68
10,80
98,36
60,73
51,01
83,31
57,14
57,53
39,87
49,54
88,28
06,97
15,24
25,21
20,02
97,05
97,66
01,17
82,85
46,62
95,93
43,32
81,66
01,87
79,16
07,90
93,69
70,66
96,07
10,78
60,47
00,68
04,35
58,26
41,12
65,24
95,86
11,68
45,16
20,55
83,58
15,00
46,15
86,75
31,99
28,93
62,89
47,73
85,42
37,96
52,62
55,66
39,60
27,17
87,88
63,09
59,61
71,95
14,22
25,41
75,35
04,23
53,49
22,74
55,18
64,33
24,97
23,34
37,73
05,30
50,86
82,20
62,36
28,03
93,46
70,46
41,78
19,81
30,80
00,37
45,42
80,20
77,81
21,51
34,77
02,73
33,07
50,06
57,87
17,71
26,30
79,64
43,44
88,62
12,62
44,79
59,55
94,13
05,05
92,70
90,98
02,76
39,41
46,21
70,45
35,00
04,14
19,83
34,73
64,28
89,52
05,32
33,51
84,47
43,17
22,02
95,33
62,94
56,13
70,36
70,48
80,54
28,10
40,68
01,83
38,07
39,36
51,92
57,87
05,78
24,87
40,52
48,00
82,76
08,93
25,86
48,26
39,83
56,05
38,15
53,69
83,48
37,44
19,92
18,78
46,35
36,72
53,27
71,18
32,51
49,46
22,16
26,38
35,25
94,22
44,44
67,83
90,93
36,77
88,61
93,14
97,10
56,30
15,59
98,34
00,13
31,64
55,79
60,05
14,33
85,15
08,93
29,59
39,00
45,77
71,02
68,52
65,51
04,16
21,92
83,76
06,33
09,31
10,46
77,02
09,73
37,23
09,40
25,26
58,90
66,20
37,62
12,35
94,05
62,36
57,95
88,65
33,61
22,67
25,60
02,45
31,41
49,48
52,32
37,56
44,37
37,59
46,22
62,89
39,51
21,91
59,31
95,36
21,62
15,09
95,03
20,30
36,57
83,02
06,44
88,01
44,86
35,69
17,68
84,46
44,91
84,65
29,46
94,34
76,39
28,68
34,15
30,77
26,86
23,76
16,33
82,76
06,22
81,63
04,94
28,39
75,34
01,08
68,31
97,12
51,87
35,27
63,11
36,19
25,23
85,80
59,38
05,19
96,48
07,05
13,82
59,29
51,25
58,66
63,94
26,01
38,40
46,15
75,66
19,97
81,07
20,92
81,68
10,02
82,32
18,81
19,13
01,04
34,79
10,03
86,99
24,87
25,47
55,14
18,88
61,07
56,07
54,96
69,30
72,18
82,54
32,83
27,56
33,07
23,57
49,71
52,25
52,59
75,35
62,51
47,57
40,43
32,33
36,21
05,54
32,17
75,26
04,48
38,85
13,35
94,46
27,73
82,91
95,65
67,12
31,23
07,65
77,94
06,14
13,61
60,56
87,28
89,07
17,97
53,80
51,74
55,79
18,72
42,97
59,30
50,48
22,98
80,06
66,45
06,03
17,14
72,93
95,14
38,94
85,48
79,49
06,99
43,61
18,93
69,29
79,98
71,00
68,56
60,81
35,24
90,60
79,87
55,62
16,26
48,14
02,16
82,42
36,08
32,40
08,72
73,89
21,26
11,14
20,11
98,43
06,54
77,46
56,22
92,89
59,85
18,78
98,90
37,80
67,27
91,73
33,99
47,83
83,97
90,68
28,59
67,58
87,53
43,05
77,96
73,58
87,58
84,51
71,01
25,74
28,47
52,44
59,06
28,29
05,96
96,02
13,18
04,15
55,39
58,52
14,33
03,39
07,75
14,71
90,61
27,67
88,30
17,80
36,51
75,35
69,03
60,78
52,93
67,41
68,85
03,51
64,96
54,49
21,31
94,95
93,98
66,61
68,50
86,15
45,43
10,88
02,40
71,27
67,26
78,72
80,68
02,04
59,91
06,07
76,25
67,87
65,54
47,65
57,00
27,45
52,70
58,14
89,45
38,36
22,81
72,23
79,86
45,16
90,43
06,38
64,93
45,33
80,96
41,33
93,31
52,44
39,61
55,55
71,99
79,16
23,05
26,22
24,55
37,90
44,94
32,58
21,76
75,07
59,71
69,20
64,71
50,68
48,52
66,09
59,72
73,10
33,29
12,38
10,75
22,84
79,67
78,09
73,78
94,50
68,77
35,28
60,60
20,08
00,94
55,88
29,28
25,76
82,45
20,68
32,87
35,99
93,56
27,81
94,61
24,08
38,97
50,72
46,72
54,48
29,52
77,50
41,51
03,20
01,22
04,31
78,85
40,33
38,79
62,79
02,29
49,85
32,23
13,33
96,53
37,62
86,57
17,35
38,29
82,08
32,95
95,11
15,27
85,72
27,56
59,80
57,57
55,51
20,58
75,33
41,43
83,15
66,46
45,78
60,52
68,06
89,97
49,08
05,00
51,33
86,53
15,31
23,96
35,66
18,09
68,96
74,22
87,09
95,50
37,34
45,76
22,21
80,66
50,39
21,86
10,50
04,50
58,41
11,28
54,60
21,47
18,35
78,30
26,32
48,73
89,73
46,99
60,64
69,88
52,51
95,73
79,21
15,78
03,15
82,07
97,24
06,69
05,18
09,14
62,45
26,25
12,87
31,01
71,07
25,20
81,79
50,79
94,81
91,72
73,75
56,33
59,66
31,23
31,64
90,55
05,81
56,39
15,69
97,99
88,68
89,48
68,17
73,13
65,53
67,97
80,31
59,21
27,72
95,35
29,16
83,14
69,77
65,42
66,06
82,63
93,92
43,25
44,35
78,49
54,11
62,95
64,35
79,08
02,30
09,95
62,52
50,61
94,18
64,12
52,39
71,48
73,56
85,44
70,08
08,45
40,29
49,01
87,84
70,46
11,67
13,52
85,62
00,27
59,17
06,89
04,41
04,90
97,68
11,90
29,94
15,66
09,43
11,77
07,10
57,34
66,41
09,66
90,64
31,32
58,04
65,77
26,60
96,10
65,98
09,30
47,17
92,54
19,92
54,20
73,13
88,41
06,47
48,68
06,97
50,39
75,52
81,87
92,77
37,93
63,94
44,77
78,09
84,06
01,79
98,83
31,90
93,64
81,85
23,72
92,42
93,88
17,11
25,80
48,42
16,69
91,37
78,94
23,47
34,96
29,05
29,75
40,96
87,83
39,35
17,02
84,23
19,47
38,86
31,56
68,07
18,63
04,77
62,78
10,57
30,02
26,30
26,72
86,10
77,40
31,96
58,74
30,37
02,54
39,07
53,32
33,46
52,60
20,06
64,76
04,09
71,85
47,99
52,06
26,30
17,22
34,31
40,81
78,64
05,66
44,62
85,73
59,79
51,32
43,22
82,82
82,74
45,66
91,04
24,67
19,68
64,74
90,77
33,41
65,06
53,05
56,09
07,05
41,67
94,75
56,16
85,69
44,88
18,59
84,02
37,82
92,85
92,00
59,64
63,53
40,07
72,11
94,53
84,92
50,25
15,17
23,62
36,03
75,61
31,97
03,71
76,03
91,16
89,11
90,96
98,02
98,95
44,87
04,13
15,87
46,96
17,36
63,24
43,87
49,96
30,19
69,33
72,80
59,38
23,49
06,35
82,84
61,16
23,57
50,35
13,44
52,54
86,39
37,63
06,91
95,66
74,50
73,98
61,39
13,30
95,64
06,59
87,74
37,85
60,11
86,07
34,20
28,57
14,59
03,73
74,12
88,86
00,40
80,86
72,41
42,73
54,66
83,17
12,17
56,24
98,68
08,25
62,14
16,30
97,11
84,01
02,16
13,47
52,93
58,65
25,54
03,47
98,24
64,57
89,63
77,23
79,22
69,48
16,16
87,14
70,71
07,09
28,16
45,50
74,60
89,72
61,00
35,63
40,56
49,49
62,16
59,91
04,06
05,07
22,87
55,20
08,06
50,15
41,27
15,99
67,27
12,47
73,17
76,91
64,46
88,88
44,41
23,22
17,44
94,16
15,41
90,64
49,27
66,72
72,58
83,91
98,48
32,49
79,94
04,26
38,63
56,90
57,77
55,51
52,14
46,21
93,72
06,13
10,00
15,35
73,85
94,68
96,93
74,85
91,26
57,56
23,09
57,57
66,05
24,36
83,02
19,54
12,75
37,94
04,78
58,59
24,54
49,66
81,36
06,23
21,38
10,54
32,61
30,53
67,24
26,19
46,72
59,33
26,08
03,26
55,87
83,87
20,72
53,28
80,46
83,17
90,29
09,81
97,50
90,41
92,94
41,17
71,15
83,64
65,55
51,16
24,33
81,69
98,24
84,09
90,36
92,18
80,87
62,17
77,29
65,21
65,69
30,88
74,29
70,81
78,31
86,72
11,71
44,71
37,76
35,45
20,03
02,93
75,19
01,90
68,78
65,45
59,02
33,36
68,65
02,98
85,81
95,83
93,84
31,17
92,13
75,24
70,29
06,31
46,62
86,45
72,01
54,25
19,52
07,86
33,12
10,93
14,27
34,14
30,33
46,14
12,50
87,07
11,75
85,64
39,99
92,07
52,57
52,17
89,48
72,90
94,44
77,08
39,07
22,72
88,13
87,23
85,87
24,58
84,29
61,59
98,58
27,82
53,86
36,05
94,61
98,19
78,07
38,79
07,58
08,83
58,75
07,99
75,42
40,30
03,60
61,43
86,25
42,52
12,66
76,50
28,35
85,75
61,72
40,81
68,99
30,43
82,67
40,82
73,09
42,47
84,17
75,92
48,25
69,15
20,67
70,48
97,19
03,88
01,18
01,04
85,56
44,79
63,31
48,66
47,10
16,47
73,29
39,45
71,28
48,07
91,37
09,51
79,70
14,41
61,92
20,44
52,78
63,80
96,18
30,02
14,76
71,31
02,62
86,94
88,21
85,81
75,77
40,95
28,48
53,72
22,96
04,29
93,05
51,47
81,65
45,94
98,03
62,61
37,69
46,96
73,03
04,59
73,61
74,91
87,76
05,14
79,43
29,47
72,26
29,02
55,87
14,22
16,50
29,60
68,02
02,54
81,46
15,45
03,39
75,26
70,10
16,98
24,50
22,30
76,84
41,24
02,33
14,54
47,17
10,79
77,13
88,26
87,81
89,15
63,80
94,24
29,61
26,04
27,98
83,18
18,75
33,44
84,52
64,98
35,49
79,53
55,14
68,06
63,47
54,57
57,00
01,19
00,25
20,77
91,26
22,94
01,95
84,60
62,28
13,33
71,33
55,22
97,38
30,26
49,69
77,98
98,40
43,86
37,75
04,79
09,93
40,95
14,73
56,22
20,23
87,76
08,18
28,52
45,47
71,35
75,97
87,80
89,18
14,87
20,56
07,19
91,69
20,87
86,61
92,24
81,93
77,43
53,25
67,09
07,45
07,92
72,71
75,15
80,32
42,69
51,39
90,15
06,11
67,32
68,13
39,72
50,02
63,29
02,81
42,40
24,40
57,48
25,53
32,96
92,43
86,85
23,80
07,25
72,50
55,99
73,04
17,68
12,17
75,96
43,44
23,08
22,09
62,32
24,80
77,93
35,01
67,63
86,42
47,24
85,64
28,83
48,53
05,54
81,06
16,72
00,55
96,33
97,10
78,27
61,85
12,87
71,61
85,95
74,21
43,46
84,76
97,60
07,87
84,83
11,00
89,59
53,74
62,80
98,02
01,57
17,44
62,04
94,31
89,83
35,26
63,61
46,26
04,54
83,98
96,46
27,75
11,56
97,50
44,59
36,11
65,54
89,83
56,87
40,17
26,90
21,73
57,29
34,72
72,38
57,48
50,22
49,92
20,82
73,70
75,78
87,97
78,44
29,14
91,55
10,03
37,64
85,32
94,90
69,62
29,41
91,65
48,98
24,52
69,29
38,42
11,95
41,78
26,09
98,37
25,15
41,16
45,61
31,84
59,25
54,40
16,05
50,90
73,96
40,14
21,01
12,64
06,33
18,45
09,72
48,60
57,53
78,37
81,35
73,32
27,48
15,18
60,30
26,16
76,75
69,33
14,85
62,17
17,91
42,40
63,49
18,94
52,78
93,92
03,34
51,24
06,83
05,86
51,82
37,65
31,47
82,48
51,16
62,51
84,14
95,23
00,35
44,62
35,50
09,94
51,62
52,29
63,62
25,90
65,83
53,74
95,62
88,00
39,71
88,93
21,67
09,03
28,54
04,86
28,52
66,58
06,49
90,25
04,12
00,36
96,61
78,15
38,03
49,01
61,47
95,46
89,60
40,61
10,33
59,82
73,60
02,70
70,76
91,37
42,58
69,75
41,91
58,10
62,56
23,24
02,83
21,15
90,83
97,23
85,56
42,39
88,39
68,30
60,23
34,95
31,20
51,09
86,92
59,01
07,93
80,52
96,58
76,19
29,87
39,45
36,31
32,05
05,51
57,48
20,65
01,32
73,31
00,82
52,10
62,02
42,23
47,44
43,32
69,30
00,82
21,35
16,38
81,52
44,90
74,21
43,86
78,09
94,32
47,82
31,60
28,04
30,54
19,63
29,66
04,03
47,72
26,91
21,96
36,57
80,15
11,43
25,49
74,80
04,04
41,34
94,63
79,74
01,35
08,20
29,83
13,30
47,14
37,73
34,07
92,53
29,20
70,18
07,85
85,75
04,74
53,15
89,25
58,95
77,99
56,77
14,14
77,80
58,11
89,96
90,16
58,01
32,05
91,02
68,27
69,38
05,50
01,36
93,24
93,07
23,84
86,67
24,73
72,73
01,29
71,56
37,50
48,30
68,78
24,30
00,74
77,71
73,41
29,66
76,39
41,86
34,67
14,78
69,27
93,36
03,52
02,68
07,80
84,02
57,58
04,97
27,98
96,36
89,97
08,17
11,75
52,27
55,64
94,51
79,97
19,85
71,51
56,51
78,53
30,37
86,10
81,08
19,72
39,65
48,36
86,68
89,44
92,59
48,49
44,38
86,41
53,99
35,03
73,19
61,47
25,71
33,84
41,84
38,58
49,26
50,99
72,53
92,36
00,68
70,36
82,77
57,81
00,23
07,18
02,14
62,04
62,73
20,84
87,44
84,97
56,99
56,82
58,88
62,41
95,58
15,84
57,30
58,06
13,46
25,15
35,50
76,80
58,87
49,37
14,35
80,74
47,09
21,97
75,60
29,72
26,06
61,62
84,36
70,19
91,28
10,09
86,02
64,70
69,41
75,98
34,45
41,77
77,61
87,16
00,59
42,30
63,68
81,35
75,23
34,63
42,87
95,43
44,97
46,60
98,83
68,52
10,54
93,31
11,42
69,39
77,67
50,75
38,74
60,16
79,40
51,89
83,44
86,35
77,60
84,45
54,76
97,56
28,80
80,32
95,20
89,47
11,89
93,34
27,67
73,35
09,47
07,00
24,24
79,72
15,57
90,75
92,22
16,69
80,57
10,51
60,10
08,81
57,54
39,20
69,45
76,72
84,21
51,43
78,13
17,11
73,89
12,74
11,51
68,29
91,04
92,38
60,42
02,01
89,40
27,89
49,42
53,13
59,32
11,76
62,83
02,33
70,91
44,80
36,34
88,20
47,36
21,95
34,84
37,72
72,80
70,98
97,01
69,65
67,15
51,76
21,51
47,03
71,79
27,58
51,59
31,79
77,55
42,56
14,82
00,33
01,89
53,15
61,99
96,93
46,30
63,30
33,27
85,83
30,00
63,38
23,38
88,99
34,92
65,30
43,45
06,96
48,72
83,20
98,63
36,25
87,13
13,65
54,88
13,47
60,29
21,25
66,70
41,67
23,26
67,49
51,48
78,16
81,57
56,61
31,30
03,66
60,04
11,56
41,37
90,60
06,75
60,31
12,35
91,04
31,49
36,82
36,86
04,05
86,99
63,00
26,05
29,90
60,89
42,83
97,94
84,45
38,29
42,81
07,56
36,35
14,16
05,58
03,41
49,07
60,19
05,20
43,64
17,39
39,95
18,58
19,70
65,21
44,22
64,46
21,74
22,57
71,36
26,51
04,95
70,19
07,12
63,13
04,44
03,94
50,10
86,96
50,74
36,34
57,27
72,39
89,04
35,54
84,50
40,70
47,70
67,82
08,85
72,30
21,93
89,60
74,62
69,75
40,97
32,48
70,66
06,43
49,99
74,91
45,48
83,16
98,02
41,03
01,68
44,22
60,99
76,23
78,09
53,21
20,39
41,36
90,68
18,12
29,93
64,63
39,77
83,46
47,43
87,58
15,57
96,34
60,73
57,15
33,01
04,89
62,07
96,30
78,26
24,87
20,61
45,23
31,83
04,00
80,08
06,20
29,23
38,91
76,27
26,56
70,43
49,72
77,53
93,73
27,07
34,96
00,49
04,66
96,46
68,36
07,32
34,74
85,62
54,34
92,93
43,04
12,36
69,01
88,93
78,24
29,64
05,66
49,20
89,92
56,52
40,24
93,89
01,54
24,03
43,60
57,39
06,77
18,20
57,76
37,55
54,68
83,96
76,16
10,78
61,18
61,52
77,58
59,12
08,63
66,60
65,01
76,30
89,88
18,86
02,85
69,13
69,84
86,14
36,73
42,05
17,79
77,63
43,22
64,74
23,18
31,46
34,07
39,84
87,54
67,04
24,61
58,53
19,11
58,51
63,52
16,70
69,75
21,56
93,65
75,77
10,84
93,24
20,75
06,72
16,13
69,06
39,16
07,20
19,74
68,81
95,74
12,62
93,02
92,82
21,44
19,95
66,25
71,26
05,77
14,12
28,10
36,95
80,24
75,98
14,08
87,86
82,41
50,82
14,30
66,88
73,72
03,30
95,42
67,01
36,32
55,14
89,07
19,04
42,74
05,74
38,46
33,20
59,44
26,71
80,76
73,71
29,26
37,17
89,42
25,44
38,86
75,11
60,51
55,82
85,72
54,30
19,00
48,31
07,47
80,91
75,11
40,19
48,71
19,48
48,77
51,40
31,27
36,40
39,60
12,33
61,21
34,24
35,03
76,81
34,80
73,39
00,63
23,95
80,37
19,40
04,20
45,99
91,08
02,18
15,82
29,74
97,38
64,97
10,58
68,17
44,19
91,26
08,65
03,05
49,13
24,23
84,22
98,03
30,15
90,63
81,65
61,57
09,58
19,68
71,29
72,43
21,85
59,70
13,86
62,08
86,00
88,76
84,91
96,37
13,29
52,07
58,92
29,01
63,70
92,55
32,54
75,43
08,11
89,74
37,13
34,14
55,69
45,76
76,52
97,45
91,44
03,57
75,44
50,92
72,47
60,85
47,97
20,08
96,39
28,05
38,21
34,17
15,91
15,02
17,46
12,62
84,76
93,51
62,15
05,95
41,98
63,35
92,11
63,11
14,84
40,61
79,81
52,22
73,64
77,47
08,91
50,72
63,24
36,55
02,52
60,27
42,21
73,48
09,54
27,83
23,28
02,43
80,67
42,11
84,12
54,88
51,89
84,40
88,28
53,60
92,65
32,47
43,77
96,94
81,14
82,43
06,80
20,07
98,00
59,88
33,87
38,62
49,03
68,74
56,72
98,21
69,44
21,09
67,60
54,03
77,77
20,27
82,63
57,32
00,85
06,78
68,36
34,01
01,63
76,61
92,94
91,91
33,51
67,30
03,99
89,34
19,14
62,67
96,74
00,58
68,91
15,99
15,75
56,71
55,59
00,31
53,30
30,01
44,25
90,16
41,43
71,30
14,09
65,76
39,65
15,41
91,20
47,87
40,29
37,77
49,51
57,92
73,72
07,35
21,57
45,10
71,87
13,98
23,98
51,80
44,99
55,89
83,19
29,95
98,75
81,64
00,73
74,98
31,59
15,48
03,78
57,95
02,78
84,79
93,64
35,51
20,28
61,00
97,88
96,48
31,50
37,83
93,53
65,89
50,79
55,81
19,12
89,19
35,60
49,43
10,29
85,92
48,45
95,88
71,21
85,67
40,74
19,61
21,20
85,58
20,09
24,21
16,57
68,78
69,05
84,75
24,10
79,26
25,58
91,17
48,48
27,50
21,20
38,34
08,38
93,95
55,58
10,52
04,17
56,14
58,74
38,84
06,71
83,32
69,36
22,10
49,13
87,28
70,13
89,78
98,21
80,58
75,61
72,59
48,65
78,77
95,74
59,04
67,33
36,84
64,83
81,76
15,43
14,69
47,71
49,05
30,72
04,13
22,61
29,16
86,62
95,03
55,38
63,19
02,85
60,41
79,79
07,08
92,68
28,63
19,71
17,65
59,10
91,15
88,49
14,31
92,01
31,49
54,00
83,73
07,60
62,40
16,45
82,02
03,18
19,54
47,68
83,03
80,17
58,46
03,01
60,75
55,12
43,52
80,03
49,20
18,98
75,36
33,89
06,40
38,74
88,52
69,23
35,24
98,73
80,98
08,53
48,62
20,84
58,38
36,89
42,41
25,77
85,47
08,60
36,04
58,09
96,89
17,03
80,20
95,12
89,18
06,89
69,25
37,63
36,61
49,31
95,10
02,46
97,47
62,91
87,47
03,62
57,66
27,76
24,97
38,64
19,87
95,66
65,30
66,52
10,90
92,43
63,30
14,06
88,65
32,54
24,95
07,16
32,28
97,75
53,65
96,21
79,71
68,39
83,94
97,87
51,21
82,34
29,07
46,02
00,29
01,94
90,11
35,09
77,42
26,77
74,32
95,89
81,02
07,40
04,41
30,33
07,47
81,39
90,08
04,65
14,18
75,82
38,85
13,41
93,02
95,29
62,60
76,62
77,33
38,47
76,55
54,35
69,42
73,92
81,44
36,64
74,56
30,43
04,86
86,22
17,29
50,00
65,23
92,78
71,15
89,06
42,81
05,99
15,13
54,80
71,48
29,02
91,18
82,09
70,47
67,10
22,09
10,81
12,24
16,08
31,61
95,50
61,12
17,29
68,58
84,39
96,69
22,30
80,78
50,41
79,02
13,92
65,14
82,04
80,23
77,18
73,26
15,65
13,36
37,86
49,95
62,26
76,64
02,01
98,65
34,76
35,63
95,59
36,73
04,16
72,20
18,65
53,67
92,56
20,60
59,17
36,02
61,36
57,12
09,41
09,64
79,51
56,48
97,21
55,17
83,69
41,40
76,69
25,28
32,59
36,96
01,93
06,21
83,96
39,15
26,66
39,25
65,39
15,42
98,09
69,78
84,61
30,88
79,21
07,05
18,53
56,26
09,18
08,69
81,05
37,33
82,05
75,15
74,73
26,24
95,29
08,64
91,04
66,97
75,57
16,32
43,17
90,27
06,56
05,29
86,47
20,95
30,81
45,79
91,79
28,11
08,01
25,80
24,30
60,44
72,77
14,47
87,88
66,79
64,24
38,36
20,50
84,47
50,89
39,49
77,92
08,76
13,37
06,36
42,32
60,70
16,32
13,81
07,68
93,22
25,99
76,38
04,26
05,85
22,40
15,52
74,91
23,85
75,20
61,93
88,46
21,58
65,46
98,25
63,24
46,15
38,94
82,71
46,46
24,15
17,92
47,71
89,05
62,01
02,16
85,95
25,53
19,12
24,14
11,25
70,41
21,24
53,54
59,87
43,01
14,95
72,57
61,10
03,47
03,12
84,83
02,46
08,40
80,08
56,30
43,50
87,73
10,23
26,10
20,11
40,03
83,17
74,89
02,05
63,19
16,25
84,21
64,74
55,73
66,35
62,01
02,87
18,34
42,26
81,61
30,50
17,64
48,64
26,48
95,40
02,35
60,86
86,10
65,24
58,23
61,08
40,74
78,11
57,01
47,20
92,14
85,19
36,13
52,01
26,52
50,12
31,28
25,61
03,95
80,58
75,17
18,78
06,63
81,86
51,52
84,45
07,44
52,32
02,05
53,52
30,92
35,00
69,69
59,45
56,62
28,73
77,32
16,07
98,89
92,37
06,10
95,62
96,21
42,07
93,56
56,03
29,48
08,78
47,64
55,39
92,50
68,27
77,14
63,46
46,05
68,52
93,32
22,73
58,56
57,31
13,71
12,93
96,60
28,42
36,77
19,40
86,63
07,89
02,51
22,71
13,57
71,53
25,96
44,33
29,07
65,45
91,02
64,39
68,05
00,74
63,20
87,12
78,20
52,84
56,56
75,28
13,07
54,04
16,36
88,02
55,08
45,85
19,94
62,33
81,25
16,18
47,68
39,72
92,91
66,76
29,13
09,34
02,07
57,88
06,77
55,05
79,64
62,41
42,68
17,85
48,62
26,99
21,52
51,39
00,91
71,44
84,32
47,86
30,36
78,10
91,16
14,21
82,60
14,83
67,89
35,36
93,45
08,52
73,66
45,17
52,44
53,85
04,66
00,25
86,69
38,79
00,03
18,78
33,41
08,92
42,65
80,15
17,86
58,92
78,55
82,35
62,09
21,17
10,38
54,16
91,36
29,16
73,66
90,90
02,02
09,62
43,38
24,68
30,23
90,95
46,22
53,16
62,83
56,19
35,26
88,72
83,95
57,36
11,37
26,87
81,55
14,14
36,09
23,28
09,72
56,20
55,10
05,08
04,56
26,51
82,63
33,95
61,96
64,57
00,31
62,94
73,00
02,70
48,43
76,59
30,36
58,46
15,04
69,44
31,51
86,24
27,94
38,76
14,67
50,87
16,10
74,97
70,76
13,46
11,17
23,42
16,09
09,42
03,12
35,61
02,09
39,53
06,46
01,92
03,85
65,36
18,09
34,64
18,18
94,07
11,50
09,33
61,46
64,58
33,61
08,52
82,64
90,46
49,56
00,70
43,71
11,01
98,52
88,54
64,89
80,33
17,68
95,65
81,28
07,48
04,72
20,74
88,65
58,91
09,13
82,56
27,68
06,84
41,17
12,76
92,20
43,48
15,56
48,19
26,84
08,10
69,57
34,88
97,81
81,69
17,56
63,40
48,48
69,79
22,02
72,34
40,28
69,73
12,47
48,43
25,21
32,70
94,87
88,60
08,53
76,67
47,87
74,88
71,95
56,91
26,36
68,28
96,40
15,27
56,90
00,36
95,05
33,63
38,86
37,88
73,40
98,22
09,41
29,34
04,24
16,27
11,88
86,45
01,91
78,53
26,61
56,81
82,41
77,76
10,95
36,95
81,05
49,59
32,69
31,75
03,68
06,14
75,27
27,89
02,35
61,07
26,58
38,48
64,22
66,81
62,60
22,45
07,85
88,66
02,82
06,33
97,08
25,97
77,79
49,20
25,24
39,50
60,28
72,37
80,67
89,28
55,98
33,24
11,19
93,53
74,03
72,08
40,74
09,57
66,30
81,21
06,05
23,23
13,81
24,01
38,18
67,33
55,73
29,50
11,50
19,58
36,78
34,08
69,73
29,11
54,26
59,76
25,82
33,11
02,44
49,98
30,51
35,23
06,62
52,42
01,85
09,34
62,06
19,70
11,06
66,33
04,28
26,81
12,94
56,96
39,92
43,32
38,24
09,73
33,33
81,16
45,32
07,80
01,19
32,48
77,04
93,55
61,59
52,55
48,65
30,05
70,24
01,21
46,43
96,07
25,97
32,50
09,91
21,59
62,80
57,04
22,51
18,92
97,97
27,95
38,63
88,29
15,16
77,51
35,77
86,87
45,84
51,66
80,29
81,54
45,39
71,60
81,28
40,45
01,74
70,29
87,32
54,57
85,18
72,60
94,80
88,63
16,98
54,86
17,02
57,12
45,97
17,52
68,49
72,30
70,17
07,08
40,39
88,68
17,26
93,03
09,59
47,20
39,85
58,03
83,63
65,27
21,36
72,48
64,12
74,77
68,88
66,96
26,84
75,46
61,02
54,56
63,61
03,76
89,80
54,28
28,17
38,17
33,56
88,68
54,40
50,70
76,74
55,06
70,36
77,47
00,67
57,96
27,99
41,79
40,77
83,51
29,66
83,29
40,72
27,65
65,45
54,44
96,72
32,32
07,26
20,89
24,42
04,16
54,93
73,66
63,72
48,78
94,96
02,44
75,23
55,11
46,74
65,23
66,24
73,19
57,61
50,04
25,63
82,18
58,59
11,06
63,23
21,80
34,53
98,12
66,41
48,42
48,85
71,29
19,54
42,38
20,05
15,96
58,39
01,51
09,07
72,10
82,95
97,19
66,68
49,79
50,33
51,10
52,01
18,16
55,40
33,94
10,78
29,74
16,94
87,14
00,90
86,31
46,15
42,91
20,63
67,56
24,19
40,90
88,90
66,80
61,04
37,44
24,19
50,92
73,41
30,05
46,59
25,23
69,11
83,41
59,09
16,70
88,82
51,01
18,34
23,01
33,28
68,43
47,65
45,54
42,49
94,47
40,70
25,98
10,67
92,90
98,73
27,60
37,84
00,76
88,15
66,52
56,89
21,01
87,03
70,31
98,35
79,46
42,98
56,29
89,51
20,48
56,99
66,54
26,83
77,46
59,92
57,40
88,25
83,70
53,32
35,45
22,54
44,34
39,05
62,65
44,74
12,28
83,95
01,96
95,17
35,78
13,95
43,24
89,07
85,40
54,94
86,66
02,14
75,41
20,10
56,90
57,11
82,44
36,49
17,51
74,99
38,22
13,11
36,56
64,62
97,68
56,24
71,70
57,80
34,53
35,17
91,83
15,53
75,21
26,43
35,52
35,70
17,12
60,90
02,99
55,87
66,12
40,62
22,11
32,17
31,99
67,43
76,30
49,30
66,81
13,08
81,40
26,59
82,83
07,36
10,72
36,16
04,98
34,91
16,63
89,14
89,26
81,03
73,42
98,54
68,43
73,72
54,35
58,15
47,34
46,19
95,71
58,80
12,96
44,27
69,64
90,46
30,96
89,98
42,16
57,41
69,96
15,44
43,04
74,35
93,07
70,81
90,14
12,22
60,32
46,41
94,38
77,18
51,80
01,62
62,03
44,48
77,93
60,98
47,61
64,66
62,18
17,56
57,69
22,06
91,91
94,38
89,16
24,53
27,69
76,03
01,25
57,93
98,13
83,94
48,57
68,07
89,02
57,75
97,97
64,72
00,82
82,59
02,32
08,55
95,80
71,11
63,93
54,89
13,42
16,92
76,13
19,77
51,08
94,08
64,80
29,93
16,74
17,42
18,26
42,14
77,87
92,57
87,80
09,56
00,25
96,03
32,37
83,95
66,05
95,70
39,76
83,80
73,99
50,09
27,17
25,94
73,37
30,61
17,86
98,54
48,44
01,43
08,81
37,13
05,46
34,71
26,41
94,80
89,37
24,14
10,80
61,60
94,00
08,50
21,67
72,91
19,51
12,18
59,85
28,70
54,40
67,35
03,86
53,30
11,48
72,07
07,96
87,86
75,94
11,81
97,53
44,53
95,38
67,06
75,65
94,96
89,77
19,53
92,08
48,99
87,03
33,71
06,13
77,00
22,56
34,61
17,23
63,06
82,64
47,78
01,85
60,38
05,65
08,15
86,45
53,90
07,54
22,69
06,68
49,19
29,82
00,27
48,85
18,21
97,10
47,15
59,68
73,32
45,23
69,74
94,06
55,31
55,07
12,60
16,23
53,11
46,04
01,25
33,97
15,75
05,00
77,62
25,96
44,01
00,80
33,78
44,35
93,14
39,31
76,35
13,70
63,49
09,56
16,51
36,98
88,74
46,40
61,77
97,51
14,02
04,36
86,48
04,42
53,39
35,66
41,15
41,41
43,00
17,59
46,83
41,88
85,45
17,35
55,21
23,41
21,89
87,23
94,22
61,65
59,00
03,78
93,69
73,93
19,97
81,03
24,86
33,07
80,55
30,16
58,39
19,70
09,38
43,29
13,33
21,06
22,73
19,06
08,97
10,91
33,48
09,51
44,00
14,64
72,05
30,44
60,85
50,88
15,73
41,30
49,68
55,97
94,46
77,56
22,31
41,74
94,33
70,28
65,01
17,77
03,40
01,31
70,34
02,90
16,69
55,75
23,55
84,36
72,54
18,84
28,02
45,16
13,29
94,47
40,58
46,47
61,40
13,32
77,42
04,93
51,46
46,81
68,25
98,56
06,59
12,36
25,25
53,65
37,28
50,09
12,39
11,50
12,28
70,52
04,93
58,63
93,43
47,86
39,13
12,66
61,27
72,69
78,50
49,85
65,91
52,46
32,33
97,73
01,56
00,35
87,90
14,22
10,86
12,10
58,27
67,15
86,55
39,25
40,28
35,70
71,81
59,34
56,18
30,48
95,08
30,59
50,39
41,97
63,27
61,67
66,56
58,43
32,95
70,03
75,46
27,68
91,35
92,52
57,36
62,40
95,80
24,08
98,72
64,56
02,89
00,97
16,49
16,46
73,26
15,63
56,80
27,67
33,24
45,09
14,21
67,42
81,88
93,66
18,60
80,85
97,73
24,42
62,32
04,25
84,25
00,43
59,13
18,96
47,44
15,18
18,34
58,10
32,35
72,75
88,76
44,54
66,77
94,35
04,96
78,59
22,85
82,01
21,67
36,95
18,99
27,41
58,49
97,11
75,16
69,15
98,42
40,18
35,72
18,54
21,18
65,50
58,31
28,70
14,07
66,86
18,08
82,71
24,46
48,09
20,89
72,60
82,19
14,09
97,89
78,68
53,66
91,04
14,84
56,46
66,62
16,23
73,13
90,98
79,58
07,64
13,65
51,43
49,94
00,69
14,71
81,51
89,20
35,78
55,26
00,77
10,03
09,45
09,08
33,04
65,17
81,80
71,82
92,98
48,00
02,68
95,31
50,04
87,91
41,58
81,08
41,91
67,53
63,93
93,65
05,43
65,65
51,44
52,93
43,24
07,38
69,59
37,72
30,28
08,50
41,15
76,59
63,29
70,53
88,51
65,87
98,52
05,57
65,30
92,28
81,09
22,30
30,29
38,20
53,10
78,53
42,79
60,44
68,10
20,43
55,34
61,51
58,43
11,30
33,98
79,85
98,89
19,76
17,82
60,08
03,63
71,79
32,03
90,18
21,02
66,24
98,07
19,88
69,32
02,66
51,40
06,86
17,59
57,39
54,15
83,87
41,76
18,68
34,39
72,27
55,33
46,19
90,55
96,41
32,49
49,17
12,36
43,63
96,21
12,33
31,26
01,82
39,16
22,63
91,97
21,12
05,95
29,12
42,72
51,70
64,74
55,30
59,52
02,13
96,88
96,50
39,22
97,66
62,50
24,56
05,31
24,56
00,98
24,03
76,12
42,33
87,63
12,27
28,50
14,76
28,19
69,74
01,53
81,95
71,07
59,44
78,00
64,31
82,16
95,24
28,58
91,03
42,06
73,90
19,36
03,89
41,16
71,43
53,43
98,51
66,61
64,77
42,54
37,92
91,75
41,78
24,48
67,80
84,64
11,01
65,21
70,61
22,45
50,98
29,59
88,45
51,67
82,28
77,94
31,72
73,45
76,41
80,19
33,27
23,36
73,86
36,26
70,18
23,25
24,78
90,63
36,32
44,03
11,46
08,66
03,22
48,64
78,84
81,13
03,97
22,20
45,10
26,91
07,80
