54,81
06,34
30,34
45,49
66,27
05,12
73,83
60,38
71,56
37,33
81,02
68,85
56,22
29,37
52,71
65,23
62,27
87,74
40,38
37,39
96,54
97,88
89,27
67,64
39,94
70,16
61,45
88,17
77,06
62,31
94,53
90,99
71,23
12,02
86,80
17,14
35,17
33,95
04,40
95,86
26,61
77,81
01,53
43,43
93,91
51,36
33,32
53,65
02,80
58,37
50,30
97,97
34,60
41,12
33,40
66,81
41,06
35,39
98,57
43,80
10,93
10,51
16,84
84,47
66,77
92,96
06,31
92,11
75,31
39,16
63,14
73,82
10,52
41,91
40,94
09,80
74,19
57,82
35,14
47,58
95,56
48,16
83,08
95,24
08,34
20,90
48,17
65,29
14,36
12,39
66,67
92,42
88,45
15,45
86,74
54,37
97,58
27,80
60,21
59,66
37,60
71,65
59,49
14,22
79,73
10,64
05,37
06,70
88,29
58,98
23,44
03,63
00,38
87,91
44,25
88,65
08,29
76,70
36,71
29,44
82,60
84,34
15,85
02,31
38,26
89,30
14,24
78,14
19,08
39,56
92,78
16,65
26,11
57,04
85,18
61,88
02,01
48,04
00,03
55,61
96,45
54,69
93,99
69,06
16,74
16,26
24,50
07,54
80,59
94,17
80,43
47,48
81,82
55,26
19,58
05,68
06,02
84,63
34,02
52,70
83,91
73,32
58,87
42,80
09,18
91,23
15,50
41,16
58,58
29,57
81,93
89,80
40,16
88,65
79,55
93,11
11,13
56,83
57,71
31,77
49,47
14,05
51,69
94,45
78,91
82,82
37,88
46,97
85,05
58,01
29,17
10,08
79,67
88,66
91,33
98,70
49,20
67,70
25,21
25,22
89,04
89,25
36,57
06,90
78,17
30,39
71,97
53,96
52,13
33,99
02,69
07,08
56,39
65,84
43,13
19,94
22,84
48,86
03,24
45,92
69,70
64,36
65,81
61,83
75,37
79,90
98,08
47,56
62,19
22,58
40,34
39,17
46,00
02,57
70,16
43,44
55,23
75,00
78,18
15,57
80,23
98,49
43,74
73,26
34,98
36,21
29,77
55,53
14,71
43,66
30,39
86,37
25,49
75,09
61,30
71,21
04,63
22,04
77,06
97,69
97,08
09,39
06,62
84,90
79,49
79,09
41,78
84,99
84,56
79,64
96,76
10,22
97,43
91,75
27,82
29,99
02,73
47,21
50,86
60,08
08,53
82,95
56,70
35,84
91,94
19,93
71,33
43,07
65,68
39,46
59,83
81,80
45,76
97,68
83,72
91,69
52,12
00,87
07,12
90,09
66,15
13,79
21,44
44,73
84,60
23,97
14,68
14,48
80,43
72,16
20,49
76,61
31,72
47,65
02,36
80,85
13,22
51,55
07,72
43,49
57,03
05,37
79,96
47,95
70,96
00,23
72,26
89,53
68,97
61,63
94,13
44,00
21,69
38,17
64,25
32,58
42,54
81,95
59,50
15,85
41,33
70,37
57,97
23,11
34,43
44,46
54,37
98,98
79,51
42,95
73,92
45,24
24,99
57,06
67,15
83,35
68,71
12,19
53,49
11,24
42,24
54,59
07,30
36,07
58,38
14,55
15,40
47,61
57,83
67,66
20,50
08,26
73,10
47,49
50,89
01,94
60,52
98,07
84,24
45,66
14,11
00,53
37,32
94,93
44,80
46,79
63,17
63,83
46,71
93,81
63,81
14,30
72,66
66,15
41,74
64,97
60,35
30,20
12,99
08,64
96,41
49,61
84,12
09,78
79,48
41,78
35,01
40,10
47,37
66,19
80,40
68,78
63,33
07,00
11,32
09,86
26,70
07,54
66,43
22,10
32,37
67,03
90,98
35,48
63,63
07,29
43,00
66,62
98,00
56,15
50,39
81,67
19,94
48,88
28,10
67,02
95,76
35,94
04,82
52,20
46,38
74,32
11,41
53,97
32,12
89,93
74,09
89,76
41,54
49,47
00,40
45,76
05,62
34,78
95,10
63,12
53,14
60,67
74,67
65,90
69,89
26,13
03,45
17,97
22,87
46,98
93,19
66,50
35,89
91,86
45,98
26,14
72,29
84,29
10,94
85,70
27,39
16,18
11,10
71,14
77,33
83,10
03,77
02,06
54,47
33,00
54,35
38,31
75,41
63,58
21,65
56,04
62,58
39,39
78,37
01,85
05,29
18,43
97,71
65,82
58,50
15,00
96,31
35,61
76,15
81,51
92,43
42,05
38,18
01,96
72,47
86,48
18,38
62,28
52,26
79,39
60,30
04,47
35,47
77,68
47,27
04,56
10,29
01,88
42,06
93,09
96,40
38,19
59,51
87,09
61,73
55,48
66,51
33,59
28,75
79,33
42,13
88,97
86,56
06,31
35,51
61,74
71,94
64,14
45,32
53,88
01,34
66,53
01,95
94,34
90,96
28,01
75,35
49,76
61,15
65,75
65,02
37,61
90,26
57,72
90,39
14,23
64,18
42,54
23,61
17,54
55,88
43,99
10,03
08,04
98,45
10,29
96,99
74,79
94,72
43,99
69,80
35,29
49,57
42,66
86,48
79,44
82,11
35,57
94,97
00,14
63,62
66,19
19,85
51,52
34,27
47,08
54,47
97,38
25,54
59,98
97,42
09,12
70,36
87,98
23,59
77,99
98,57
00,38
61,21
74,64
41,99
22,86
84,93
13,57
38,73
03,10
13,80
10,34
21,67
51,25
28,78
60,33
72,22
50,39
85,38
52,28
94,30
05,55
25,76
14,89
10,37
02,86
35,40
85,37
98,93
59,87
04,47
73,22
33,50
26,35
97,86
68,10
91,24
22,64
45,52
70,45
65,73
04,86
47,90
86,12
45,38
53,36
69,16
48,28
33,67
00,37
26,36
22,78
11,44
25,65
88,35
71,27
59,59
83,17
50,61
47,31
88,38
30,63
47,06
10,31
60,34
58,96
15,59
77,18
92,24
84,28
70,03
36,00
30,24
39,83
33,94
58,95
12,18
97,27
94,37
15,65
33,75
58,93
97,72
65,56
94,39
02,38
55,76
91,29
47,47
22,47
49,04
24,83
13,05
58,59
45,00
87,81
13,90
30,23
79,62
07,67
76,92
88,35
73,30
78,12
98,07
31,80
24,09
49,37
20,20
92,70
00,49
01,97
73,81
87,32
92,59
85,78
58,65
60,27
06,99
21,77
58,38
51,24
69,88
17,39
07,25
78,18
35,43
56,70
86,67
96,51
72,12
37,55
01,84
95,52
17,99
29,73
01,29
56,26
37,03
00,34
56,45
01,89
58,00
11,51
70,15
39,73
97,99
92,97
68,43
15,16
55,43
63,21
95,33
52,06
57,41
53,42
27,35
11,39
73,06
01,69
48,52
35,34
60,36
40,02
10,50
18,69
91,82
27,71
46,16
89,84
40,29
47,07
67,35
62,40
06,27
14,94
76,06
65,41
87,36
32,50
21,30
48,73
43,36
34,08
11,22
14,44
53,68
77,51
33,62
02,98
29,91
58,26
75,14
52,95
01,53
21,46
27,42
12,91
18,49
87,64
66,73
81,60
56,32
20,53
53,94
44,70
53,62
74,72
33,66
41,67
32,80
37,88
45,64
21,79
53,35
46,90
58,84
19,49
19,95
60,34
97,86
86,49
13,86
55,39
17,21
32,64
65,38
88,96
69,88
98,01
76,47
00,23
86,21
49,01
95,24
64,76
92,84
19,55
21,30
00,23
45,48
22,54
42,08
14,65
32,79
00,33
53,35
21,13
79,64
51,25
78,90
34,35
40,71
72,91
19,91
74,11
80,42
94,79
90,61
46,73
89,49
04,06
63,38
44,54
13,17
00,73
13,49
90,94
85,03
61,06
96,06
17,70
76,74
19,23
25,33
41,20
84,95
14,28
61,50
12,68
04,24
30,85
88,50
55,14
83,82
58,20
02,21
40,72
45,08
92,71
55,95
07,20
36,49
31,48
67,26
42,93
55,35
82,09
90,04
48,18
24,25
73,58
23,66
78,82
78,49
03,28
79,63
02,21
96,89
39,03
38,71
73,27
80,70
73,39
32,77
88,70
41,63
64,47
69,86
37,89
94,64
24,20
81,08
36,86
47,75
54,98
74,52
24,75
69,36
52,35
43,52
21,04
92,32
39,25
09,90
85,12
36,37
33,57
07,14
38,92
55,32
01,77
04,04
35,51
38,50
76,55
41,14
22,28
23,05
03,01
14,40
46,34
84,86
71,85
56,21
24,93
65,62
37,22
97,62
23,84
24,02
73,71
53,99
54,88
86,06
92,38
62,62
38,16
44,23
11,93
46,21
34,08
66,09
10,46
75,77
15,76
59,34
26,99
36,69
96,10
68,74
57,92
50,09
08,42
25,75
74,11
88,45
71,65
75,43
72,18
30,61
98,69
92,52
40,06
27,51
05,89
57,02
24,55
51,29
16,40
06,42
57,64
43,02
12,71
10,08
13,68
42,23
50,64
89,61
34,44
03,04
72,73
11,28
05,68
93,96
15,36
93,27
11,14
81,97
10,44
70,79
57,38
24,26
80,43
76,30
19,47
73,45
09,85
85,00
02,40
88,45
77,84
57,90
15,61
34,16
72,61
15,89
79,09
46,38
55,44
68,71
93,62
78,05
15,35
52,98
44,30
60,60
24,28
71,81
20,32
35,83
43,76
43,64
83,73
94,07
38,49
41,67
28,46
16,52
84,76
76,24
23,32
44,82
88,41
19,01
78,28
61,82
42,55
66,26
03,79
08,21
05,15
82,99
68,86
78,28
01,57
81,50
63,33
82,62
94,96
09,33
40,60
69,60
17,71
98,05
58,24
50,00
78,13
90,23
28,99
22,64
55,06
81,41
88,71
79,26
70,13
63,09
46,38
13,82
56,27
25,21
38,28
61,73
41,30
49,56
00,45
38,12
60,18
00,23
27,58
63,00
57,37
06,38
75,56
77,77
08,37
93,73
44,39
44,86
63,58
54,98
49,22
61,44
94,73
44,36
06,13
05,36
78,98
22,78
00,30
82,33
62,25
85,98
51,31
26,89
09,55
18,77
39,79
80,75
33,56
83,33
88,56
44,05
94,94
29,73
85,23
02,83
41,96
07,36
33,31
58,62
59,01
13,21
32,02
86,56
08,08
70,57
08,12
68,88
08,59
08,13
06,32
59,38
51,16
55,69
06,37
94,15
12,04
06,51
13,26
16,83
58,82
68,65
27,75
07,26
65,56
47,85
01,63
34,16
37,68
21,61
36,68
01,30
02,25
32,13
05,20
42,78
20,28
27,39
09,82
66,88
12,56
59,35
45,56
43,10
11,13
50,75
67,00
48,79
93,42
49,18
00,88
56,92
83,77
57,31
11,51
93,77
35,36
92,13
66,12
39,62
72,30
44,93
06,39
38,73
96,27
38,28
78,55
95,76
08,67
60,03
79,27
75,64
60,67
22,45
66,63
79,71
06,68
29,04
33,81
05,02
50,73
85,47
48,63
63,68
01,57
52,03
83,87
57,65
45,23
45,78
03,44
11,99
75,58
48,10
75,98
51,97
37,31
08,63
69,54
94,60
45,84
43,27
41,58
15,30
14,74
43,54
63,10
28,27
84,54
39,83
93,26
75,82
59,95
60,87
04,62
16,76
08,16
15,27
79,95
30,95
01,08
51,57
02,54
45,00
45,31
29,53
34,73
12,56
49,93
87,50
44,88
49,20
76,39
47,97
97,71
31,28
26,30
97,91
76,69
44,19
06,06
03,42
07,22
67,55
40,35
56,93
72,94
07,53
93,43
51,09
59,22
26,47
83,89
53,26
39,14
37,27
89,22
05,28
14,64
85,49
65,62
35,17
94,73
38,27
14,47
40,27
82,10
09,38
67,93
38,82
27,20
97,44
93,51
10,58
10,22
90,23
33,55
49,27
06,34
60,50
52,16
17,70
70,42
59,29
95,41
54,78
15,04
14,90
95,60
23,88
14,04
63,87
15,36
87,29
32,73
43,14
64,15
01,57
32,01
06,75
83,47
67,12
62,21
10,59
22,01
52,72
48,50
04,69
13,39
86,33
06,54
78,48
14,67
55,89
40,35
95,01
16,77
08,21
21,21
82,84
22,60
07,83
40,04
16,43
47,72
56,99
11,74
04,35
74,38
73,27
88,62
14,49
63,87
37,57
40,51
16,51
12,30
73,80
33,82
82,37
17,46
96,91
65,41
10,55
12,27
53,06
83,29
22,84
96,67
23,48
31,57
05,02
14,43
15,96
77,66
68,72
78,91
45,78
75,34
01,92
07,86
33,28
26,86
42,07
48,84
76,85
30,29
53,89
68,25
46,97
22,93
06,92
06,47
19,39
23,80
44,70
62,43
23,12
43,22
49,31
73,43
08,79
17,56
96,20
47,16
35,39
83,73
11,09
60,41
90,18
31,09
64,45
38,55
84,18
97,03
28,50
54,28
38,48
40,10
77,49
31,04
76,04
25,92
78,54
45,32
54,79
51,23
33,30
80,68
16,11
50,83
27,85
05,77
28,81
87,49
59,63
94,33
95,38
05,59
20,38
73,49
31,13
41,53
02,86
79,99
82,25
10,13
75,19
24,35
71,30
71,51
96,13
54,19
26,62
37,23
67,10
13,92
53,47
61,21
32,27
15,31
52,50
16,22
01,04
39,32
93,68
56,58
27,38
20,37
09,86
22,46
20,40
52,35
02,07
51,94
61,03
31,33
78,19
26,97
10,63
06,44
24,87
97,59
37,41
14,27
73,01
91,42
69,91
35,79
15,71
42,41
72,99
06,81
82,32
37,37
74,63
98,86
71,62
31,77
41,48
92,64
35,71
19,63
57,14
27,14
50,88
34,83
07,05
48,16
90,61
92,01
68,79
53,76
67,48
66,04
33,25
35,42
81,93
46,70
08,36
40,37
22,90
18,50
58,03
76,99
68,04
41,35
19,34
01,39
22,46
31,30
54,78
33,34
70,79
77,34
05,72
94,64
83,51
61,20
31,29
46,02
03,21
80,94
08,27
53,78
42,03
26,21
37,09
48,57
10,88
86,27
40,25
43,11
94,60
32,80
77,52
40,96
92,13
44,32
85,36
88,86
60,81
25,01
55,58
76,13
64,80
93,47
94,14
17,69
30,33
00,55
85,23
20,75
80,84
73,05
38,17
76,31
34,56
82,72
59,93
68,41
34,32
56,28
06,88
54,33
70,31
58,67
57,42
37,78
93,47
40,25
59,65
04,70
45,97
98,42
18,99
67,42
58,71
24,90
65,70
37,44
37,30
37,62
36,99
96,48
25,15
54,34
85,81
53,46
76,59
76,94
35,04
00,15
01,62
16,67
92,87
12,75
10,91
33,62
26,34
95,87
24,37
13,34
30,96
69,10
88,69
47,55
81,06
77,60
51,17
54,74
49,25
27,28
87,83
25,90
49,64
04,48
35,12
41,31
79,06
78,25
70,20
85,17
04,46
65,01
08,67
24,65
25,77
40,83
31,02
17,18
11,32
20,23
32,52
74,33
90,58
05,99
92,58
87,47
44,66
46,77
87,46
91,18
68,14
57,54
45,45
53,88
93,28
71,70
11,28
31,63
55,53
34,99
34,84
50,56
33,26
62,43
04,36
42,07
82,41
31,91
56,91
76,55
57,23
96,32
73,54
27,37
57,93
70,88
13,33
01,60
98,06
49,46
76,33
83,17
68,91
93,98
18,17
46,06
75,82
56,03
71,66
78,42
98,47
46,48
81,90
33,85
49,54
43,10
15,69
65,35
40,93
53,97
05,33
97,97
72,92
36,76
43,33
50,83
22,74
25,29
43,63
97,82
73,34
88,95
27,53
63,83
73,80
17,97
54,59
81,68
97,58
85,41
03,57
92,39
00,42
54,82
18,05
92,77
06,13
16,66
01,73
82,34
38,71
85,23
86,02
18,81
98,21
31,74
34,20
16,73
21,18
17,10
30,90
11,27
16,49
15,36
17,11
20,62
60,93
67,42
62,87
45,27
37,52
37,59
27,05
64,66
40,58
21,13
62,32
87,22
67,16
80,19
29,26
53,82
68,85
71,51
39,92
84,55
01,53
42,19
21,71
22,97
33,56
00,50
08,71
06,87
89,31
62,54
78,45
87,22
67,28
15,57
51,27
93,84
55,38
33,69
98,07
17,40
05,01
50,89
03,88
04,26
27,22
76,47
77,21
18,81
95,62
08,27
85,22
41,27
93,35
08,76
71,28
59,27
06,89
71,81
59,99
29,71
00,97
23,70
19,05
67,22
19,39
57,33
96,60
59,94
29,46
65,50
28,58
78,11
13,49
49,14
67,67
10,75
42,44
68,95
63,79
26,56
95,47
47,50
07,12
36,14
81,42
85,40
74,54
93,96
01,17
37,98
07,00
67,06
48,43
35,73
54,07
71,51
83,83
37,61
40,31
67,38
09,15
43,53
27,18
83,78
84,23
93,31
22,68
35,83
00,14
49,50
96,45
93,38
23,91
35,21
54,34
57,51
30,62
06,86
05,45
86,40
63,36
98,86
16,99
40,20
03,57
02,34
78,67
91,44
52,43
90,17
01,44
82,74
98,26
67,81
76,64
01,68
20,17
38,89
97,02
71,08
02,44
66,88
53,53
85,15
05,05
63,85
78,34
92,76
60,70
64,85
03,13
24,19
27,23
69,18
44,66
18,01
05,01
31,89
53,96
91,75
39,23
14,38
23,17
85,64
66,09
30,45
29,08
78,02
13,25
40,85
36,81
00,48
82,39
82,99
81,66
20,63
51,02
59,35
83,40
13,97
68,71
29,94
83,47
84,20
30,82
11,41
91,40
59,24
88,76
09,07
21,89
29,19
14,17
62,68
41,29
65,71
72,22
34,89
23,01
21,24
85,22
10,74
70,66
49,08
44,05
51,86
28,95
03,43
03,98
85,94
09,34
82,28
70,15
78,26
73,50
26,24
68,77
02,19
93,15
79,61
40,59
82,19
45,71
93,98
54,59
69,76
75,27
44,36
30,07
48,05
34,00
91,14
48,34
88,62
18,05
68,48
20,19
23,38
90,89
79,89
97,00
81,77
34,01
91,00
69,93
59,90
65,48
96,55
64,31
22,64
31,20
40,62
65,16
86,32
76,33
84,92
27,44
91,54
48,18
22,31
84,20
72,02
44,22
34,71
84,75
50,68
06,41
34,96
64,81
73,76
95,04
22,52
54,63
15,19
09,61
18,53
57,05
79,12
04,77
75,03
65,05
71,36
67,56
64,09
93,86
80,17
41,30
96,32
88,23
78,85
27,33
50,77
23,39
43,69
38,62
26,74
63,67
28,63
24,90
77,47
67,36
62,85
97,43
29,35
00,27
65,88
12,64
12,96
24,01
10,24
94,41
30,18
67,50
05,22
12,19
76,53
08,46
16,67
57,66
41,69
16,75
70,92
93,63
30,54
05,43
55,98
25,92
51,15
71,23
65,87
97,02
35,33
87,75
10,02
13,71
61,94
02,22
38,66
27,71
05,44
11,02
28,34
36,49
09,87
64,36
97,87
02,95
72,15
87,45
32,36
75,43
93,08
62,53
17,54
37,74
30,68
19,69
09,98
84,36
00,10
74,20
94,36
81,91
30,61
23,10
98,98
67,11
00,15
40,53
89,05
52,02
41,32
75,92
75,67
80,28
53,77
17,54
38,99
22,31
04,70
91,20
68,47
40,95
56,30
33,04
22,06
70,96
38,06
67,40
83,66
36,16
94,83
04,32
35,28
94,46
75,36
91,24
14,24
73,09
19,71
97,62
87,66
26,63
42,06
90,88
45,83
16,01
32,60
53,93
37,35
32,75
01,02
54,79
11,84
84,87
57,81
89,71
15,08
75,87
28,58
69,76
37,46
37,77
44,28
65,51
23,41
59,08
00,57
51,92
84,34
35,71
04,46
75,57
98,19
89,46
86,78
58,80
91,70
74,56
07,08
91,92
67,53
38,02
05,39
16,65
58,46
42,01
68,37
83,56
46,91
69,69
63,22
97,67
29,61
06,82
10,39
75,72
62,26
80,30
03,81
36,84
73,82
75,87
72,44
35,24
88,33
61,07
25,71
58,52
67,08
69,77
17,65
86,71
32,47
70,03
42,56
68,95
12,88
84,82
45,45
04,75
10,75
98,45
12,75
32,38
70,14
63,86
14,24
21,62
01,02
46,13
33,71
18,38
79,02
87,20
37,60
64,10
61,32
44,18
09,30
16,72
82,19
50,53
96,98
03,29
49,74
02,60
10,58
36,67
97,31
94,74
01,41
60,72
83,69
56,83
00,23
42,71
93,71
08,87
59,86
43,99
31,14
48,05
90,15
95,13
62,49
10,70
84,42
69,84
14,25
57,88
52,06
98,66
93,77
86,69
10,15
12,26
69,52
82,89
92,38
72,51
03,49
48,21
96,37
86,20
04,37
27,87
76,32
97,19
57,12
10,44
84,86
51,87
19,76
33,91
54,15
10,05
06,29
35,19
81,11
93,65
20,20
92,69
17,25
34,56
15,03
79,59
09,63
17,32
12,44
02,56
04,04
88,49
48,28
31,46
62,93
66,92
58,49
53,27
18,19
94,78
61,67
32,78
34,78
54,45
55,82
79,46
37,65
79,56
89,93
30,46
06,72
54,38
38,01
91,31
22,20
54,80
48,35
92,49
31,01
98,57
31,01
72,78
49,91
04,35
77,04
82,09
41,51
94,03
09,95
27,58
44,38
20,50
05,17
79,45
61,13
22,74
31,01
90,71
64,85
68,24
02,16
94,20
06,86
12,34
43,90
53,12
76,48
67,85
52,65
12,61
02,47
89,53
03,98
47,89
24,38
20,64
74,74
55,28
54,56
46,39
36,87
13,07
69,21
26,71
50,72
65,82
51,31
72,96
37,36
25,94
75,48
68,31
59,39
34,66
78,27
61,89
88,80
64,43
41,77
50,96
24,64
30,04
80,01
69,91
45,26
52,86
19,48
25,57
09,83
09,94
00,44
89,46
09,24
84,37
71,10
44,17
31,33
13,33
74,17
80,69
96,65
43,61
51,70
17,92
72,00
66,05
75,12
50,78
83,41
56,53
12,44
69,60
10,66
52,30
16,41
91,14
47,80
50,50
69,18
16,70
98,84
25,41
68,10
11,05
78,44
98,85
89,51
11,83
67,13
70,43
58,33
12,80
13,58
80,84
70,81
36,11
17,25
43,74
36,98
17,27
04,05
83,42
28,01
24,62
43,43
34,72
39,94
25,67
44,01
26,36
16,46
52,24
06,72
43,05
87,48
66,81
04,38
85,77
48,77
32,43
19,50
63,34
89,34
86,04
45,62
50,82
85,65
89,55
44,10
11,17
46,69
57,90
24,23
30,31
08,22
18,19
04,43
38,54
74,87
34,93
96,08
00,49
98,11
29,23
52,03
29,52
92,65
68,36
91,48
66,13
02,51
57,74
58,82
61,53
38,48
59,52
13,67
64,81
26,86
80,08
07,62
78,47
13,81
22,16
76,97
39,93
09,91
51,49
06,07
16,74
75,63
72,20
12,98
63,86
69,31
80,34
60,69
65,82
18,76
80,35
70,42
95,36
06,95
93,71
69,05
76,93
08,36
36,77
21,47
85,03
28,76
55,90
18,28
28,95
76,96
23,77
35,93
72,48
13,69
44,14
06,67
20,70
88,87
04,06
82,26
43,55
35,96
05,55
26,71
65,09
17,67
53,11
83,52
33,65
18,89
34,19
66,99
84,91
11,30
05,74
11,74
97,17
86,07
51,61
25,93
39,22
40,85
85,80
20,18
84,45
32,26
76,38
44,07
35,49
43,09
53,69
44,51
83,71
24,70
15,51
05,45
10,14
06,36
74,15
12,00
34,12
16,50
14,53
52,38
70,05
68,39
96,38
40,05
10,76
32,32
51,91
22,50
38,12
26,04
08,48
30,81
34,06
45,59
62,02
98,07
38,02
58,16
80,91
72,70
63,25
72,77
14,63
31,81
17,75
32,11
50,35
15,91
65,71
45,76
96,89
80,66
96,55
36,34
71,06
78,47
79,21
38,11
79,15
71,55
80,38
54,47
53,82
08,27
10,60
59,75
40,07
76,65
79,88
86,56
74,95
93,12
28,32
45,57
96,98
63,02
31,71
68,36
08,92
09,86
54,79
93,75
79,30
63,55
07,53
53,10
27,74
42,00
57,68
44,95
08,53
65,43
52,04
55,80
70,95
13,43
91,39
91,60
95,25
24,84
97,94
74,30
77,96
22,23
55,44
72,94
76,90
45,35
35,62
33,46
27,15
54,45
51,56
85,67
22,42
89,32
39,96
18,19
38,85
37,65
68,58
16,03
02,12
02,35
93,64
96,36
32,16
37,43
25,55
79,08
06,11
61,42
46,71
47,66
34,31
28,10
40,53
20,28
34,36
05,36
92,40
31,96
87,83
79,49
25,19
05,54
09,18
74,86
78,40
87,79
12,93
44,41
06,98
13,65
76,58
90,05
58,08
39,02
98,80
34,25
31,50
14,45
06,99
43,33
55,45
26,71
60,59
24,76
07,54
73,30
93,11
67,08
12,64
26,89
58,49
27,96
79,69
41,76
28,01
36,48
22,52
06,62
76,09
13,82
59,59
04,35
91,69
82,33
82,37
19,65
18,84
77,04
35,26
03,05
89,68
46,88
15,99
62,45
47,42
82,14
45,94
60,64
25,50
97,89
37,59
31,56
91,38
24,71
01,57
64,31
78,94
88,43
80,24
48,50
87,09
94,40
60,69
84,95
60,57
26,25
94,96
57,45
34,19
44,19
22,43
50,01
22,91
81,62
86,39
01,84
77,96
68,89
74,92
88,18
70,16
72,07
61,96
29,32
58,12
74,90
20,21
17,82
07,39
70,26
95,83
01,69
68,27
88,81
60,60
40,13
88,67
44,16
40,96
85,97
30,83
23,21
18,94
69,62
89,45
27,08
31,26
69,50
79,15
12,88
28,28
10,07
91,33
63,19
69,49
16,87
98,23
84,25
08,98
42,24
55,76
89,81
90,53
60,04
67,23
24,71
28,06
13,97
40,54
41,41
33,06
08,91
00,64
46,25
96,59
18,40
66,12
89,13
71,87
88,20
91,82
90,47
64,23
13,57
49,98
63,24
98,22
72,51
04,33
02,93
97,16
24,41
53,69
02,04
36,08
55,79
43,18
57,40
72,30
18,07
23,31
32,84
32,17
77,61
32,94
48,46
07,30
53,06
10,41
93,19
78,00
11,05
70,37
46,54
07,72
40,63
04,70
24,49
32,54
52,98
18,08
93,35
19,56
65,29
19,13
01,57
48,96
04,17
75,14
01,27
95,85
58,52
03,93
98,02
47,83
06,39
33,89
49,07
30,10
20,06
81,95
89,16
71,55
82,49
04,39
25,22
05,75
26,16
38,32
25,05
13,95
08,16
66,89
34,53
74,90
80,95
91,20
51,99
15,34
78,77
00,78
73,87
66,13
89,61
45,19
64,24
66,42
92,54
64,57
60,23
60,94
59,01
91,69
90,08
61,91
34,03
64,84
39,47
19,22
62,14
11,25
63,32
84,68
26,47
15,44
31,37
29,95
22,34
91,65
32,89
32,84
17,61
70,15
80,84
14,74
91,21
71,42
06,25
04,05
84,14
10,78
20,57
14,13
42,83
65,82
33,56
05,03
86,69
82,17
59,31
32,72
91,43
32,63
75,03
53,88
06,01
40,82
67,58
28,41
20,78
02,28
10,69
84,96
39,02
40,03
11,58
61,57
72,03
55,03
77,72
80,23
52,57
69,65
50,55
50,68
32,58
42,46
64,95
84,29
97,22
39,02
25,82
90,90
22,30
65,20
74,12
81,76
44,51
42,54
74,37
39,57
63,24
70,89
39,16
37,37
00,20
75,07
65,58
67,60
97,51
29,75
70,54
28,26
02,78
73,01
39,52
39,24
64,11
91,09
53,27
26,13
16,12
92,80
87,96
62,71
65,80
49,91
21,37
01,29
61,93
67,25
24,95
24,66
88,31
51,18
83,74
54,86
65,58
89,73
10,62
05,49
45,54
29,57
87,72
13,46
03,37
23,42
49,57
31,92
58,43
59,73
22,89
24,37
73,30
28,95
72,04
24,34
08,75
55,27
14,76
50,84
41,94
65,16
53,69
29,02
07,96
51,24
69,58
53,06
13,94
05,93
50,63
57,90
79,88
52,58
53,21
91,03
44,35
61,06
51,11
71,74
53,87
39,88
15,93
06,32
97,59
25,93
65,03
72,93
95,65
55,51
09,56
47,37
01,00
67,30
06,12
01,95
51,05
20,89
53,33
65,92
55,23
35,40
35,35
47,53
59,36
49,36
38,34
84,74
18,64
59,29
79,18
24,96
66,90
64,19
78,47
12,66
48,94
59,05
32,55
65,99
54,16
30,44
58,21
69,56
81,36
90,45
03,58
37,38
42,61
55,73
23,72
43,98
88,15
95,91
80,72
80,00
60,83
35,33
19,07
84,35
25,44
37,00
18,58
32,02
76,80
26,93
73,46
07,99
80,43
21,99
55,63
78,61
26,48
90,04
79,94
76,54
74,62
66,88
42,73
45,24
93,78
32,96
23,83
73,30
71,54
44,08
26,02
23,39
35,83
29,65
53,97
76,77
05,16
01,69
07,62
92,36
35,05
25,10
13,39
13,27
30,94
71,03
97,27
93,43
40,36
29,87
51,11
46,47
59,24
95,80
15,74
41,58
29,61
63,91
01,16
25,21
24,47
32,13
04,77
02,55
86,04
19,04
90,96
96,97
92,29
15,34
74,80
69,89
97,40
31,45
21,69
64,84
31,66
04,11
90,67
12,31
98,96
00,15
22,32
40,81
72,61
26,56
52,22
67,49
29,56
80,37
78,41
22,78
51,05
97,19
50,36
27,21
70,49
45,22
95,82
07,65
02,88
86,93
97,05
20,27
88,81
87,08
21,99
00,31
48,28
50,64
52,28
88,78
97,39
11,68
61,32
95,37
06,01
56,65
93,97
33,72
05,72
39,65
57,06
41,08
93,06
72,52
23,47
40,78
29,45
20,19
07,40
95,70
30,85
89,87
79,87
47,93
82,04
23,94
45,92
61,18
41,99
02,94
21,52
98,27
61,04
60,40
22,56
37,11
19,27
67,38
88,40
85,05
94,88
55,38
34,62
27,12
04,29
18,38
59,18
92,91
39,19
61,20
14,60
10,28
89,03
01,01
66,14
88,80
11,05
03,98
70,91
35,17
56,21
55,60
25,36
18,02
12,63
78,83
34,60
18,67
89,14
73,38
08,75
98,45
86,19
58,04
56,73
44,61
45,61
83,67
48,88
41,87
91,34
58,54
66,14
02,81
61,92
65,52
69,71
14,85
02,09
93,07
80,52
07,33
31,02
85,46
67,54
38,79
62,04
11,12
22,18
87,66
77,51
03,76
97,05
96,95
61,75
74,34
90,95
47,40
18,88
95,36
37,93
73,53
96,17
59,96
98,03
13,63
84,23
95,47
33,69
60,33
36,64
57,72
50,66
46,90
38,40
45,41
43,61
07,33
25,87
11,97
45,12
77,72
22,25
03,12
42,80
94,28
71,80
36,18
25,29
73,77
09,47
63,63
54,02
57,29
09,44
86,01
87,80
70,36
52,18
80,17
11,62
84,80
34,99
77,48
59,52
17,92
47,22
85,88
76,71
81,53
61,75
76,23
67,91
19,29
56,93
64,26
67,48
63,26
32,76
10,56
87,50
69,35
64,67
18,77
59,35
15,56
83,16
68,93
34,49
18,14
50,53
29,26
76,21
48,88
63,62
96,14
26,21
08,55
09,96
08,17
86,05
24,43
40,41
89,26
51,10
80,16
58,19
81,62
53,70
27,93
45,98
58,04
02,18
31,88
94,74
70,81
26,47
24,15
52,00
14,48
62,40
66,51
12,34
38,54
54,96
19,75
72,35
88,66
68,23
92,24
73,14
29,43
73,22
07,86
31,51
01,08
67,35
35,78
10,92
28,50
85,19
81,44
48,22
17,15
53,51
81,70
95,80
97,98
39,00
38,30
27,48
89,41
54,57
74,07
96,56
83,56
82,49
03,44
52,21
55,84
91,59
14,50
20,59
87,47
37,18
54,95
22,17
25,22
46,39
51,26
02,15
60,04
21,49
32,69
80,93
06,33
93,84
61,94
01,37
53,80
20,96
40,53
30,92
40,68
04,02
45,91
01,23
35,98
88,63
98,80
20,06
43,77
98,80
92,60
28,40
61,25
13,04
02,24
56,33
70,32
39,52
03,22
41,73
46,94
87,42
67,70
89,22
59,86
61,97
54,54
53,79
01,99
84,93
15,21
46,11
25,48
92,73
61,78
83,60
01,63
04,24
82,31
27,97
89,01
26,49
60,82
58,64
16,19
36,60
80,74
02,77
87,57
14,07
14,27
06,74
24,87
02,26
49,75
42,65
85,31
31,23
29,95
12,24
77,18
13,96
46,85
96,80
79,97
03,37
31,00
29,85
89,36
90,78
07,54
98,36
89,51
03,85
19,66
69,85
78,20
34,57
36,52
40,95
46,74
68,45
22,36
06,60
74,76
14,74
32,29
80,72
43,92
84,23
16,63
68,65
74,23
55,19
47,22
51,83
08,79
37,81
66,13
24,67
06,65
07,66
37,46
84,86
96,30
41,82
23,60
54,23
35,40
36,62
58,23
82,59
36,10
78,04
67,76
80,08
29,71
81,71
04,55
89,11
56,63
14,46
97,29
06,25
52,43
55,27
02,16
49,09
91,27
82,35
89,38
64,50
65,90
82,30
04,41
52,94
35,93
44,01
89,78
00,65
53,71
16,15
46,29
09,96
90,07
58,80
10,92
15,83
97,73
61,65
57,93
92,68
39,89
42,56
33,80
65,96
73,40
06,49
45,13
53,24
30,45
82,69
57,81
87,62
37,57
31,01
83,87
91,32
51,64
40,36
33,31
80,32
31,12
52,80
94,80
37,95
41,50
60,61
66,95
88,91
24,16
31,81
82,12
79,26
59,23
72,38
06,03
55,45
62,73
23,65
60,56
32,12
05,81
48,68
15,18
29,88
07,99
80,49
08,00
49,05
77,30
49,58
20,37
65,33
65,66
24,73
08,26
11,88
91,87
85,43
77,96
39,87
60,96
36,21
80,04
46,11
14,52
60,78
88,23
66,99
92,36
48,75
04,90
58,94
67,81
83,84
69,68
04,25
73,96
35,25
85,86
89,42
30,09
65,31
57,12
58,82
57,25
18,61
31,05
17,10
20,16
30,11
97,08
58,68
79,62
56,33
12,42
71,20
43,10
16,18
47,31
32,07
93,79
75,35
54,47
43,23
52,06
43,52
00,33
10,14
62,07
52,61
70,45
80,58
27,94
67,07
97,22
61,95
27,16
71,42
17,57
23,26
00,39
50,02
07,24
11,42
94,87
06,58
63,21
13,19
56,54
21,84
56,81
92,75
90,93
01,73
85,01
80,55
13,37
09,95
76,12
63,38
64,83
56,60
30,44
00,90
37,70
55,89
75,27
60,66
66,35
35,97
13,22
48,40
58,08
56,44
55,74
77,64
21,17
51,47
38,70
28,23
94,21
85,96
49,64
07,69
61,75
03,77
67,02
34,88
90,49
98,98
18,97
54,04
11,46
67,49
58,74
72,13
43,08
15,81
63,84
38,12
11,45
65,12
68,12
50,77
46,34
30,64
27,52
26,55
47,91
56,62
78,43
22,38
08,57
16,41
85,54
68,11
22,74
41,59
89,83
36,86
98,58
93,51
70,36
24,95
55,51
61,15
05,68
26,27
39,33
97,96
59,40
11,94
36,54
31,86
75,51
43,37
42,70
65,74
27,21
02,92
49,39
54,43
04,81
19,96
66,27
13,35
50,30
58,28
90,13
83,99
14,39
16,70
37,49
91,79
03,76
78,98
96,18
51,13
29,07
80,16
52,67
37,56
89,83
96,15
81,70
63,05
30,98
35,29
77,80
37,34
97,93
50,75
09,51
41,54
83,51
61,47
88,92
98,47
72,78
22,92
61,10
60,52
41,91
53,88
30,71
91,37
42,82
14,10
17,45
96,46
79,98
53,93
85,49
80,57
49,89
92,94
98,28
08,94
19,41
96,78
86,70
90,89
62,81
57,65
75,23
98,04
26,60
27,39
04,65
64,09
75,61
69,29
83,92
36,42
20,12
58,61
91,17
92,87
22,25
72,12
50,84
37,27
07,20
98,05
86,27
54,10
56,20
00,10
21,90
26,42
28,66
53,03
83,04
64,78
84,32
21,04
40,83
36,43
00,40
80,69
28,44
40,92
43,68
95,03
32,83
16,28
61,38
71,97
10,68
30,40
58,50
29,29
74,09
47,12
82,53
59,25
43,24
45,60
35,21
48,29
67,26
98,10
85,03
93,78
60,88
27,20
60,25
42,03
44,83
65,32
74,19
45,03
75,17
01,63
20,35
35,78
70,95
69,38
96,50
95,91
66,21
23,90
57,20
93,50
23,44
22,02
65,77
59,17
03,85
17,78
28,71
69,93
57,66
70,98
17,47
21,58
20,36
45,78
34,58
47,09
04,70
91,88
89,51
94,83
88,40
81,16
29,46
38,48
40,06
83,86
47,28
46,90
67,89
62,04
37,27
44,38
33,73
83,37
76,53
08,67
19,95
42,31
29,26
81,02
66,24
17,08
38,50
09,94
18,01
80,92
38,95
29,45
66,35
39,07
49,38
83,96
96,97
30,72
22,05
65,51
15,22
40,64
23,88
31,38
15,72
06,97
83,91
81,07
09,24
16,42
05,67
38,02
18,68
63,19
38,25
95,53
92,08
24,62
62,92
00,04
43,95
02,94
58,01
18,27
88,36
88,57
37,10
87,30
98,27
82,67
45,81
18,51
92,17
15,03
51,86
51,96
88,11
19,87
29,22
11,73
11,30
20,70
40,62
60,76
94,21
80,99
49,74
63,67
57,88
14,07
41,26
13,39
22,66
29,89
19,41
72,55
41,88
57,49
60,96
75,95
65,33
58,00
43,36
84,99
01,50
05,11
22,02
35,36
61,07
21,11
48,63
51,85
76,59
00,04
27,36
55,31
32,12
64,70
59,12
32,85
30,59
73,95
20,99
93,09
36,71
02,22
06,64
02,77
39,39
86,86
22,59
13,25
77,61
82,66
71,18
20,69
34,53
81,93
60,97
83,07
39,26
66,28
94,04
63,28
60,27
65,43
45,19
74,37
46,63
86,48
96,43
36,38
70,58
29,29
34,43
71,91
80,03
68,10
01,54
08,34
91,19
67,78
07,07
74,53
80,56
41,59
48,39
40,63
14,00
69,34
35,46
53,85
23,71
53,91
44,81
05,99
97,79
72,60
16,23
81,04
57,50
85,04
86,46
06,99
06,78
24,94
11,51
58,11
34,11
07,56
47,60
52,71
84,53
82,42
03,90
00,63
65,92
47,58
25,16
52,02
71,42
40,69
71,41
61,85
98,32
51,98
81,34
18,65
02,49
75,32
32,72
07,68
80,72
49,82
30,61
11,99
28,34
44,57
14,14
54,99
64,82
66,31
42,01
55,30
84,65
77,69
48,52
60,12
78,80
43,72
80,03
00,79
63,26
48,18
08,82
09,61
47,08
55,14
93,54
28,87
73,92
11,52
15,97
37,59
49,96
31,95
15,51
18,30
14,26
48,46
00,50
01,24
54,04
32,43
47,43
09,17
66,48
58,75
91,82
56,33
51,45
24,79
43,80
45,00
01,84
75,03
69,24
36,71
85,11
63,67
04,98
81,25
49,97
08,12
93,16
20,32
58,71
80,85
48,35
78,12
75,59
36,98
09,89
33,96
46,06
20,63
34,58
24,43
67,05
10,15
92,16
42,09
57,86
85,26
40,33
59,90
15,96
12,34
63,18
03,25
30,38
88,29
22,81
96,18
63,68
17,57
08,84
00,84
33,28
07,74
16,00
44,45
33,50
39,91
75,52
83,50
25,64
93,46
45,47
00,37
65,79
39,84
33,34
69,23
98,04
96,11
61,98
58,76
39,33
56,80
08,13
86,98
84,20
80,57
21,43
49,34
40,81
73,22
46,21
80,42
24,41
64,74
64,87
04,27
11,04
31,40
62,87
87,04
17,95
06,10
84,48
15,39
87,43
52,85
66,20
61,85
06,10
00,37
64,84
44,53
18,74
44,00
78,40
19,31
52,47
86,22
39,90
77,03
13,24
74,40
92,09
05,24
28,75
64,87
15,49
43,54
59,67
67,79
27,99
28,88
15,13
65,03
34,14
48,68
32,72
43,75
81,00
11,31
76,03
34,43
88,73
84,12
47,90
93,63
84,71
28,96
76,68
27,05
12,12
12,17
60,99
91,22
13,73
66,77
33,02
11,65
88,90
36,92
08,53
54,10
06,34
05,51
26,72
31,32
90,70
23,59
28,92
17,84
96,58
96,99
29,26
83,08
05,91
11,53
31,12
91,37
67,49
28,39
03,67
02,71
16,74
34,07
81,09
01,18
60,26
46,92
82,97
60,59
73,70
56,21
31,49
30,32
24,57
18,42
55,70
28,84
36,36
73,80
13,01
36,16
80,22
39,77
86,01
49,30
86,58
46,69
64,75
86,51
23,95
13,02
67,08
23,20
56,79
56,01
76,21
41,50
02,03
68,88
80,03
10,30
02,98
11,61
50,87
86,39
37,93
88,71
00,45
91,01
21,37
42,25
32,63
87,13
89,29
64,32
81,29
50,85
05,09
53,06
51,27
21,35
55,92
89,18
09,64
63,08
62,18
28,51
71,89
00,18
76,53
86,77
97,75
06,48
63,86
10,69
57,04
05,01
90,47
00,33
76,31
29,52
83,81
93,77
76,81
82,03
41,64
05,07
90,75
47,52
48,93
07,97
31,23
79,35
47,43
31,75
12,14
41,47
15,79
69,32
58,77
15,86
78,25
93,04
30,00
82,54
36,87
49,06
56,66
18,13
05,01
58,21
73,95
20,62
90,11
65,51
30,43
73,24
05,72
21,00
91,20
87,21
75,44
02,73
44,88
68,05
60,00
54,63
63,20
24,78
05,43
24,28
58,29
16,36
57,09
53,55
55,89
22,08
47,06
22,93
45,68
04,25
87,81
89,04
28,54
28,24
96,36
30,11
49,46
02,15
20,49
48,08
41,97
81,74
77,33
69,46
18,61
14,64
59,74
21,96
46,73
58,20
03,47
42,78
15,39
73,07
51,69
65,48
40,46
37,99
52,84
63,24
07,17
96,40
76,04
50,86
22,56
43,90
41,35
91,56
69,85
65,88
39,03
68,60
89,91
03,34
79,88
32,69
72,03
93,43
65,18
70,00
52,19
21,95
67,32
89,11
12,77
86,98
45,43
44,95
49,08
90,46
52,59
03,70
32,81
27,94
89,96
73,34
13,46
54,28
58,35
07,91
34,35
19,75
94,93
09,12
07,24
07,04
62,91
78,72
57,95
82,96
22,81
65,87
16,61
07,26
69,51
72,43
15,05
93,51
46,16
33,41
94,71
21,60
19,01
61,46
73,17
87,06
25,90
27,90
82,01
33,56
19,67
26,66
44,88
88,46
97,44
59,24
40,09
82,65
06,54
62,69
17,98
35,90
04,44
80,95
84,30
24,08
46,70
01,60
33,54
97,15
91,75
33,74
08,73
11,86
56,26
57,63
09,76
17,05
62,90
13,46
12,45
59,61
95,95
61,93
44,80
21,07
47,35
25,11
98,81
28,57
60,64
28,47
68,94
82,66
33,25
97,11
01,35
30,62
78,26
65,70
18,86
29,72
82,31
69,16
29,70
71,24
86,75
48,48
48,77
20,33
06,22
75,05
85,30
58,78
53,17
84,32
20,85
51,71
79,62
93,65
62,01
44,37
46,10
60,22
17,05
61,86
33,61
34,64
19,91
86,54
90,75
46,33
75,29
30,48
33,25
68,81
30,77
50,21
57,80
90,39
50,62
05,21
41,51
46,13
14,05
70,53
59,51
40,65
31,85
04,00
35,78
37,61
06,41
61,06
69,74
59,74
85,77
66,38
03,69
02,91
45,14
35,97
83,07
41,60
06,86
58,00
55,99
75,21
58,85
71,34
73,97
29,61
72,25
45,42
28,77
09,62
84,48
41,84
31,82
95,31
64,22
04,30
51,03
29,26
65,36
86,16
75,12
43,57
84,48
24,35
14,71
80,84
93,97
07,21
79,35
26,97
76,14
21,65
66,51
80,29
07,56
94,78
59,16
09,69
43,11
72,34
09,01
90,73
41,80
42,24
95,93
05,44
11,14
31,62
77,18
92,95
15,17
78,49
11,98
68,86
86,90
96,70
37,12
23,11
85,61
46,28
07,66
34,73
05,91
37,03
13,58
84,35
07,90
03,42
37,47
13,76
59,96
87,09
42,74
76,56
81,54
08,74
81,74
05,82
72,51
86,39
24,23
77,31
74,13
45,72
30,44
84,94
45,21
10,62
88,30
80,02
52,79
72,07
98,40
61,33
84,40
12,98
32,80
80,64
51,69
09,77
42,84
25,44
13,38
01,21
73,18
50,35
83,11
10,40
32,94
35,57
90,73
86,85
25,81
48,31
43,39
67,67
07,03
07,65
22,99
01,68
09,26
60,30
80,73
54,41
20,46
98,40
18,49
55,46
31,34
64,75
35,75
97,72
53,32
16,61
31,07
96,26
12,16
60,60
56,23
42,74
48,62
78,51
00,07
87,29
36,26
13,95
56,44
47,35
85,42
16,51
56,81
97,73
57,84
02,42
72,91
18,76
22,17
89,51
88,46
05,07
89,46
68,74
28,84
82,88
49,28
58,83
54,87
23,03
48,83
12,87
18,04
44,80
50,51
33,37
03,96
25,99
46,57
69,82
66,45
80,78
53,84
84,47
42,70
21,52
41,87
78,90
36,59
75,71
17,94
10,74
50,60
88,46
94,76
22,02
68,32
93,80
96,16
63,62
36,51
03,60
92,16
81,33
92,94
40,02
70,03
04,64
83,93
91,95
27,97
74,31
51,34
59,54
34,39
27,59
43,24
09,13
60,98
30,17
95,98
79,23
85,67
74,94
44,59
10,35
94,21
32,99
80,62
87,90
56,17
42,39
59,17
78,09
30,05
56,09
43,22
04,87
65,13
24,28
28,30
27,34
98,34
41,65
45,59
90,04
08,95
74,31
25,52
69,09
85,13
09,28
35,31
02,62
97,95
69,77
40,54
50,38
76,89
02,37
24,37
85,12
17,58
94,18
87,74
69,15
13,38
02,28
12,48
59,19
58,76
95,11
79,69
38,67
20,35
64,62
97,75
46,60
62,94
73,64
19,75
58,27
52,99
65,36
54,52
42,29
70,94
07,50
03,85
06,70
78,52
53,39
58,40
30,35
55,83
22,12
40,86
66,29
71,60
52,82
06,66
87,33
05,22
60,97
23,17
49,80
11,33
64,09
54,80
40,24
59,81
14,90
05,67
79,55
93,95
47,79
64,82
53,23
43,08
07,52
84,80
45,29
13,70
95,63
41,36
76,62
19,42
63,68
85,66
43,85
50,27
28,03
92,98
76,97
77,17
95,63
81,31
68,61
92,91
58,27
64,20
21,23
33,25
77,41
21,71
13,19
82,01
30,15
97,85
98,23
77,46
05,64
40,88
89,04
27,94
07,66
46,19
02,02
33,48
61,60
66,33
97,79
68,22
69,92
29,56
86,77
86,43
28,44
51,81
83,46
59,41
60,68
11,65
00,39
10,19
11,79
01,87
62,97
06,32
65,92
46,76
31,90
91,01
82,10
69,88
23,59
82,41
42,41
08,28
37,36
38,16
45,63
46,37
14,21
09,49
14,29
08,73
40,72
18,53
80,75
54,01
83,41
64,97
02,94
72,73
97,13
56,50
31,05
33,42
40,10
69,48
67,89
25,88
00,39
05,42
22,40
83,75
26,92
58,45
69,31
91,44
35,60
44,68
47,02
83,64
50,58
30,03
74,48
39,21
42,24
96,99
43,07
13,09
04,16
47,46
78,26
02,13
18,26
50,48
43,45
45,24
57,87
18,67
09,37
62,27
74,87
21,82
90,79
96,15
32,64
84,83
29,15
88,53
52,04
20,25
36,70
30,11
58,83
00,18
65,01
45,98
20,06
80,37
60,97
60,05
94,79
68,07
20,68
31,75
46,55
75,12
98,13
16,02
63,01
85,41
51,13
09,96
08,78
29,15
46,59
40,82
10,11
97,79
17,73
34,92
58,24
94,60
86,32
49,39
19,05
60,81
35,84
93,83
91,84
69,06
59,76
65,40
22,16
81,73
92,09
11,49
74,01
43,03
63,39
09,13
84,86
69,20
00,12
82,89
09,80
27,37
66,17
10,66
71,27
19,74
97,23
54,70
76,68
98,43
58,88
70,03
04,05
16,34
40,46
41,82
61,48
49,82
84,86
88,63
79,16
29,25
14,98
59,82
45,94
39,22
22,82
34,28
14,26
29,78
79,83
26,75
51,63
80,37
06,82
26,58
08,20
61,83
33,32
33,55
43,19
17,40
17,29
55,51
69,63
39,39
27,71
14,35
30,31
59,08
73,00
60,45
41,65
53,17
08,95
51,09
33,76
94,52
03,18
32,94
01,20
14,24
42,56
97,36
02,42
95,62
81,18
29,06
43,46
61,17
47,07
09,48
90,14
75,10
63,53
02,06
70,54
14,21
55,33
06,03
42,89
73,96
44,11
83,70
30,16
45,44
69,92
18,57
35,52
82,88
23,94
86,45
85,19
06,84
88,34
84,03
75,05
24,61
71,62
92,50
21,19
30,88
07,54
93,23
62,35
48,56
04,64
60,14
95,34
92,95
33,28
06,33
54,65
27,10
20,98
66,13
10,38
11,76
66,21
87,26
98,22
39,28
72,64
54,99
48,42
02,57
26,58
40,48
15,09
88,00
54,21
70,33
08,91
41,81
35,20
17,46
47,76
93,65
33,46
86,75
34,85
88,54
85,82
49,90
23,26
44,15
72,67
70,80
11,32
64,77
57,20
35,46
68,86
07,52
06,03
33,14
85,67
06,49
46,57
50,59
95,57
35,52
58,54
56,84
33,10
30,07
41,02
96,70
41,89
11,21
48,09
14,46
66,44
80,43
47,29
93,76
24,69
13,13
85,66
97,36
71,28
45,89
42,93
69,10
63,24
11,65
69,86
38,37
13,91
57,78
27,63
18,94
57,42
14,70
49,22
81,74
37,57
25,30
82,38
33,99
32,94
22,83
85,10
47,15
74,05
55,00
71,74
18,08
97,17
69,39
54,79
85,95
10,58
62,95
35,28
36,72
68,51
52,23
57,50
21,11
90,74
80,59
62,07
80,01
54,74
78,21
31,22
27,54
64,52
07,67
50,67
29,38
12,82
86,53
84,51
88,55
82,95
65,80
79,15
47,91
10,69
16,49
02,89
44,95
21,00
62,65
54,99
55,36
65,44
28,30
77,31
97,74
75,50
56,61
12,85
42,20
40,81
13,08
80,83
66,61
64,35
86,63
76,68
32,03
12,73
29,05
75,50
86,56
26,28
22,47
18,59
11,44
51,44
58,65
24,18
05,43
91,97
21,58
54,44
72,09
76,53
80,12
57,70
16,17
97,18
24,35
86,08
44,57
69,77
85,60
05,51
34,03
27,26
11,43
69,75
07,22
64,63
00,01
89,93
06,22
31,30
98,46
56,99
09,19
48,91
73,14
55,48
00,38
55,55
63,23
63,12
44,30
40,76
65,61
68,98
32,25
62,05
04,29
42,15
50,30
29,13
28,98
18,39
13,19
40,60
92,41
73,59
29,97
88,41
59,74
01,48
25,50
37,41
74,43
00,69
18,88
11,72
95,22
68,05
68,67
52,13
05,51
60,91
45,77
10,16
51,66
75,99
28,96
76,08
47,62
15,69
58,02
90,04
35,78
51,55
55,10
73,91
67,95
52,98
07,53
01,82
88,88
82,72
62,85
32,91
92,53
28,79
19,99
95,26
36,03
86,32
85,74
30,87
22,23
74,04
01,47
74,10
38,00
12,40
46,28
01,07
12,89
73,29
40,71
93,23
92,06
84,09
21,51
85,78
75,28
02,08
20,50
53,12
19,74
02,73
22,44
19,55
49,27
65,21
44,21
00,05
19,06
33,22
15,08
66,94
42,18
97,92
41,16
11,36
03,03
77,86
43,86
25,51
60,27
92,89
08,51
48,78
29,33
98,86
46,71
56,43
61,98
77,62
94,83
89,54
92,39
27,64
64,24
01,78
03,27
66,48
52,49
77,85
48,46
95,43
85,46
10,43
64,03
44,55
85,62
55,91
73,23
69,79
84,39
72,28
81,66
64,01
96,18
66,59
96,16
64,05
34,19
45,03
14,23
63,72
97,45
38,43
46,55
67,84
07,72
00,73
13,66
37,33
34,97
86,50
98,12
24,22
02,88
51,10
00,96
11,84
51,79
04,44
24,45
27,03
46,79
23,02
46,51
16,66
81,36
14,62
69,66
38,44
68,87
73,77
11,83
49,58
52,71
17,18
21,17
36,93
47,46
93,06
03,34
71,00
36,56
48,58
27,40
45,13
68,27
20,81
45,08
82,59
82,50
31,73
94,83
07,13
57,09
66,26
75,38
74,08
16,58
92,87
74,61
04,44
62,32
36,73
10,94
42,78
87,60
71,92
92,77
37,48
08,35
78,41
42,87
18,30
09,31
45,73
16,72
10,38
42,98
07,74
66,51
49,25
09,11
45,62
40,56
86,51
53,07
80,31
43,26
35,11
93,96
46,16
41,39
22,87
16,46
29,43
47,64
03,50
05,64
39,93
36,59
76,44
11,68
62,70
65,20
72,42
85,55
37,77
37,83
61,04
18,96
05,33
27,32
54,39
26,73
56,86
97,37
88,25
66,71
30,95
98,68
70,43
39,75
84,56
79,64
16,51
15,28
10,16
70,12
02,31
73,58
30,81
03,39
03,42
76,87
76,13
01,11
91,52
83,75
03,58
41,87
26,92
26,77
81,00
24,11
68,02
08,36
78,63
85,72
27,73
36,26
96,77
19,49
57,50
18,55
46,64
84,67
73,38
43,08
80,08
92,77
06,85
50,84
41,42
33,09
67,66
45,03
12,98
38,43
35,01
29,16
07,71
73,12
39,25
64,25
74,60
58,45
82,51
31,63
50,89
25,82
87,95
39,24
27,35
78,44
29,23
77,33
72,50
61,64
81,76
25,61
95,05
77,86
89,21
25,67
90,54
88,13
14,69
22,21
91,10
14,93
28,67
06,14
93,72
11,60
79,05
51,02
14,62
29,99
35,43
39,40
86,34
84,35
25,62
55,01
11,12
52,52
53,42
10,13
14,46
78,50
82,98
93,90
94,16
40,13
64,02
88,11
81,28
12,54
88,89
55,44
49,17
24,08
58,38
35,31
04,30
33,33
45,36
05,65
64,14
51,34
53,96
20,05
48,33
50,93
87,05
49,20
83,03
39,05
37,97
39,62
60,55
45,58
54,98
80,83
60,16
76,98
42,37
27,66
84,32
10,82
80,62
31,50
51,77
55,48
84,79
74,40
15,16
06,36
46,06
49,67
95,55
94,72
31,25
14,55
44,31
27,33
67,69
82,87
51,95
09,43
55,81
38,27
95,79
15,11
17,53
32,49
01,45
27,54
20,42
45,70
51,76
62,55
81,26
95,46
35,07
56,03
83,52
43,92
11,60
00,58
20,62
40,27
81,98
59,32
19,30
49,26
53,20
52,52
79,53
50,42
46,78
80,82
01,57
61,41
78,13
10,30
63,35
51,26
58,93
47,37
86,76
07,69
50,81
54,71
74,93
04,93
67,42
15,92
11,35
75,44
74,91
30,28
80,42
19,74
18,53
61,49
52,83
93,47
72,40
49,30
56,16
36,21
97,37
20,37
65,08
13,95
43,21
77,31
17,83
64,67
43,65
20,04
60,57
07,10
27,27
37,84
49,90
93,13
41,60
79,29
93,92
91,80
04,45
19,40
81,98
95,70
66,21
56,55
96,71
41,75
91,60
92,87
74,61
02,96
37,16
61,32
41,49
34,85
34,83
64,88
14,58
14,95
88,03
82,32
45,48
63,10
88,64
11,84
35,88
78,61
84,81
85,72
49,38
05,94
52,54
88,60
16,85
49,09
27,68
79,51
18,23
17,95
91,36
11,00
08,99
98,96
24,57
60,87
52,24
15,41
60,23
22,78
06,72
73,38
35,02
85,26
18,20
40,96
20,06
33,60
66,96
77,82
03,46
27,40
19,67
43,50
01,06
75,04
30,24
55,84
35,65
15,37
79,10
11,08
66,35
98,04
00,81
98,90
00,13
68,68
03,76
33,24
70,01
30,97
94,93
87,41
39,93
69,89
35,89
92,26
13,03
52,35
70,33
58,38
39,69
36,05
41,56
01,24
44,79
66,94
68,46
47,35
78,12
87,32
66,24
30,79
73,45
71,63
63,05
57,56
59,41
29,26
60,92
19,01
61,94
53,49
88,19
42,47
08,96
74,76
72,31
30,85
32,75
66,78
76,75
10,08
68,65
97,71
37,52
15,12
16,59
71,85
46,07
85,72
43,36
82,60
31,21
89,75
07,52
34,21
06,08
97,20
58,62
03,98
56,17
41,93
11,39
15,15
79,36
53,55
52,58
67,21
76,69
20,45
02,38
09,87
59,81
41,69
08,47
89,08
29,26
66,18
23,16
06,71
37,79
70,69
86,54
88,15
64,55
12,64
94,98
73,20
81,17
21,72
37,05
21,95
12,54
26,04
24,60
01,96
55,44
84,59
72,58
97,37
57,33
00,16
11,92
54,49
96,83
07,45
57,09
36,79
79,03
06,17
16,76
09,61
00,15
65,37
31,29
62,96
94,69
62,01
26,08
84,04
64,90
44,56
70,14
54,56
97,28
85,14
21,65
90,27
27,62
88,48
66,92
80,90
91,02
25,63
56,89
52,80
59,65
49,40
62,75
05,33
57,71
03,91
84,49
83,39
12,94
52,71
82,80
29,26
08,80
04,82
91,97
13,86
51,23
56,32
48,48
14,81
06,34
90,60
38,20
02,69
87,02
73,01
63,30
02,53
60,15
40,95
98,75
89,31
23,07
75,35
08,25
09,73
31,61
26,41
69,45
60,86
50,29
13,68
80,85
90,35
95,20
84,74
69,47
31,00
80,35
06,21
75,36
78,39
56,54
55,81
56,99
75,78
89,29
92,35
77,50
45,32
08,57
71,37
51,10
68,73
05,07
53,69
24,97
52,04
80,04
37,76
08,57
89,92
73,65
30,27
64,50
77,28
25,68
39,21
11,68
26,24
89,27
11,20
97,20
39,49
25,52
50,43
62,07
74,43
56,86
65,47
96,46
51,64
27,24
44,74
87,58
21,63
28,79
35,89
35,67
83,49
38,64
24,72
01,26
54,27
50,44
17,20
69,53
12,21
40,48
22,25
73,19
29,73
85,19
93,85
53,71
77,39
95,42
40,41
18,78
11,07
11,96
15,20
86,11
97,98
65,62
33,65
83,54
38,73
11,25
05,82
15,96
90,49
59,41
47,10
03,74
09,03
96,42
72,34
49,64
02,55
79,04
67,03
63,24
58,80
46,58
44,05
52,73
62,77
39,32
49,72
76,50
98,56
32,43
35,04
23,92
05,41
64,76
27,40
72,50
32,04
72,83
50,72
82,62
07,27
07,57
15,90
44,15
46,96
48,87
60,01
20,44
60,87
24,51
68,15
13,41
89,36
47,02
97,38
74,96
76,80
16,44
49,85
04,11
34,85
35,25
82,81
55,30
62,88
16,20
25,68
34,28
15,71
79,46
62,04
12,57
49,37
71,08
90,15
66,45
90,58
54,54
10,83
30,13
48,48
71,98
85,74
77,25
52,19
07,80
54,26
00,26
63,93
06,08
72,03
36,29
94,43
79,80
95,93
80,61
92,19
45,61
57,98
04,97
15,61
01,63
54,90
73,67
81,81
08,99
09,54
95,98
05,87
93,22
51,55
55,97
39,89
32,52
80,21
58,54
51,88
69,28
07,85
54,86
04,50
58,31
47,26
61,41
66,45
02,93
32,55
60,05
22,80
26,14
29,80
13,55
03,75
01,10
17,41
98,22
02,08
08,49
35,82
33,89
37,89
21,25
62,44
24,46
18,88
47,91
67,86
53,36
16,57
95,98
07,71
95,21
13,04
74,40
67,04
22,36
98,70
68,73
36,37
46,19
95,31
08,57
88,56
43,39
55,29
47,36
81,69
66,26
48,78
81,74
37,87
70,17
83,05
35,59
52,51
54,33
94,42
43,14
04,17
27,85
65,45
97,43
45,20
05,66
65,37
08,01
74,87
45,01
81,21
59,03
32,21
43,32
00,71
82,18
24,29
18,33
35,48
53,87
26,64
20,55
46,11
81,40
86,60
32,58
75,13
73,81
64,50
31,22
48,30
94,69
87,83
14,83
09,95
79,74
63,65
21,84
47,37
91,17
77,48
96,39
44,70
71,76
39,40
89,56
24,44
62,37
81,08
11,71
04,20
38,99
92,46
06,35
59,07
38,00
84,58
47,22
00,09
30,66
05,58
98,17
95,51
31,48
00,59
38,04
67,78
20,99
92,21
88,78
26,61
94,90
83,85
63,76
88,77
56,91
14,83
66,65
37,08
94,05
11,22
83,94
51,38
14,77
37,93
35,96
83,38
26,95
14,36
35,93
34,61
98,58
96,83
81,77
85,39
50,70
52,81
61,21
17,58
69,29
08,55
35,85
53,66
00,70
68,92
56,31
37,75
70,35
17,79
29,54
93,93
91,78
35,18
46,01
58,03
98,37
04,47
77,95
57,20
60,40
13,67
30,36
16,39
43,76
60,41
32,18
14,49
71,22
76,73
60,86
61,46
72,66
19,25
73,36
87,13
03,76
61,13
38,65
12,44
57,35
03,59
65,75
69,23
95,60
44,27
39,62
76,16
54,29
18,85
71,22
95,57
03,76
79,21
15,87
28,16
91,13
14,57
94,78
69,23
02,94
27,57
24,84
29,22
24,58
75,94
26,96
42,54
45,82
56,63
83,02
36,49
56,90
37,83
80,42
08,16
57,72
16,08
53,10
40,33
49,35
15,78
62,75
56,61
12,06
92,33
97,13
16,52
51,97
07,34
10,66
00,28
40,70
15,33
74,67
92,30
39,38
09,20
81,83
63,85
65,95
57,29
52,32
63,57
34,69
40,60
02,13
08,65
49,85
58,63
56,14
98,07
46,42
