69,97
06,73
90,12
66,83
79,91
77,57
88,69
21,89
82,28
94,49
18,22
51,32
66,32
79,99
56,48
55,33
40,99
09,78
68,58
75,82
79,94
16,21
60,47
95,73
95,92
75,13
04,21
69,17
35,88
16,25
89,76
76,05
90,14
79,71
98,66
64,07
81,87
42,56
06,62
45,24
21,79
69,13
34,02
01,25
75,78
88,73
48,82
63,02
77,28
36,67
37,07
22,93
83,99
19,05
48,12
39,70
72,04
50,58
86,64
24,60
66,36
02,31
41,26
84,37
41,12
01,27
79,14
30,87
07,44
42,67
24,82
68,66
83,52
57,66
02,72
16,19
95,10
06,53
94,86
09,12
63,96
75,84
86,56
92,49
77,72
83,77
59,10
24,74
97,41
89,04
25,24
30,99
24,69
62,74
10,02
37,24
93,62
72,36
66,25
80,02
86,69
79,93
06,30
00,24
29,64
71,85
41,05
16,24
45,27
85,16
04,40
82,23
68,78
29,83
68,11
24,84
59,44
39,63
19,15
55,12
65,68
49,65
48,08
98,54
82,41
18,40
21,64
35,80
01,50
85,25
45,90
16,44
98,72
06,95
97,93
00,81
47,14
46,01
16,44
08,11
90,27
97,87
30,27
73,24
66,32
45,09
28,03
55,38
50,21
36,03
61,74
41,40
77,68
49,04
84,08
65,80
91,44
55,57
75,71
58,82
52,35
92,39
53,48
08,70
28,35
26,67
89,38
44,70
21,72
67,56
47,51
20,31
13,02
92,88
35,44
80,82
10,05
06,25
21,58
14,37
70,00
64,57
97,40
66,59
24,58
11,24
77,91
42,19
61,36
06,68
18,28
86,66
62,97
12,09
98,97
97,14
54,66
28,81
83,77
00,31
24,30
38,34
39,36
62,99
02,04
82,48
70,86
53,63
28,11
45,16
50,40
35,48
39,55
00,93
01,70
83,04
86,92
34,44
32,58
83,24
67,49
41,89
33,12
51,76
82,44
50,91
17,74
23,86
69,21
40,18
05,08
32,36
30,44
53,73
35,57
13,58
76,88
54,03
87,08
50,27
49,80
84,61
24,75
02,14
04,00
67,50
26,08
30,09
70,27
89,40
76,91
88,64
84,67
98,40
68,64
12,07
31,09
61,79
39,16
77,37
11,05
06,59
21,34
38,93
60,36
14,46
00,94
22,17
33,33
05,59
66,59
29,02
50,87
00,91
47,43
08,58
84,23
33,73
45,38
75,52
52,73
39,71
62,58
21,92
43,85
27,48
81,68
52,10
57,12
15,94
92,87
81,07
28,45
94,65
02,54
04,27
46,83
55,18
25,03
50,65
07,33
06,34
81,94
58,33
26,55
09,10
29,45
53,66
57,02
25,23
18,14
89,66
67,14
82,67
77,09
56,01
12,38
63,30
08,96
10,76
27,00
04,50
30,91
89,42
71,39
28,20
92,26
79,29
24,72
07,80
55,41
30,54
73,65
83,80
81,57
57,02
88,36
83,01
23,56
56,42
48,89
70,65
75,63
35,35
05,99
27,08
90,32
50,47
03,08
29,44
60,32
26,01
30,63
66,94
72,49
19,88
03,85
33,59
17,16
92,90
48,38
77,59
51,64
45,70
67,35
36,71
96,45
54,23
90,56
93,01
87,37
94,39
66,74
69,29
41,65
85,56
46,24
80,64
21,99
43,52
06,02
55,20
46,68
15,15
20,25
44,16
85,62
02,58
37,74
27,66
05,09
77,99
34,69
58,99
65,11
44,61
23,92
64,70
75,40
78,21
73,50
67,54
72,32
72,71
48,21
80,45
66,09
72,79
09,67
78,16
31,74
75,73
45,12
29,68
19,79
70,94
68,06
50,43
81,37
61,83
03,70
18,46
45,01
30,24
26,91
61,19
46,46
72,59
50,25
36,77
42,22
69,70
38,60
83,35
31,41
11,87
35,80
43,56
95,16
52,30
35,17
21,54
42,05
38,58
61,40
70,56
45,70
90,46
54,65
79,02
40,00
20,22
32,56
35,76
62,68
87,66
87,30
70,47
73,89
33,61
22,29
71,41
79,54
18,24
45,16
81,57
57,60
63,31
78,74
18,02
59,52
97,93
87,67
50,47
77,85
42,72
19,11
27,62
03,01
22,67
75,15
28,59
58,75
21,63
73,60
86,25
22,08
41,86
16,40
32,28
12,17
70,95
00,52
52,54
40,39
24,08
34,86
05,43
48,05
54,76
60,60
51,85
17,25
23,81
85,88
41,87
36,92
18,91
36,46
01,10
98,81
41,79
78,11
51,32
29,41
88,88
31,55
34,58
51,55
62,10
87,17
57,07
87,39
81,57
76,06
61,21
76,60
87,93
77,05
61,79
87,04
50,26
46,70
74,99
47,18
21,76
54,71
26,12
79,04
36,83
46,26
92,69
23,44
52,40
24,17
34,83
33,68
03,19
27,33
04,05
00,72
58,06
21,81
56,87
01,47
47,25
43,68
39,98
03,91
24,43
44,75
17,42
61,68
43,99
62,19
15,47
11,67
36,46
05,53
33,97
49,85
54,58
75,15
82,38
10,96
11,25
69,46
98,81
70,21
00,37
89,52
10,14
12,18
57,37
72,35
00,61
51,43
93,45
89,43
76,14
77,76
93,36
08,48
05,04
94,35
74,88
92,91
39,27
46,13
56,32
39,13
67,31
18,49
88,89
52,70
20,98
43,38
75,89
80,75
27,41
04,40
06,75
68,66
14,70
28,89
13,91
46,97
95,24
95,38
77,94
18,11
16,58
11,96
71,62
60,75
67,03
09,92
68,84
12,07
22,88
27,13
33,19
77,37
94,60
48,00
14,16
41,21
55,42
69,65
85,01
66,35
13,38
38,06
87,88
71,19
04,99
19,37
36,84
44,14
01,51
28,32
95,20
89,42
97,55
02,02
32,94
66,32
20,99
15,67
02,90
26,55
40,73
77,60
24,74
15,74
71,03
89,44
79,22
94,29
80,82
51,36
53,51
37,76
41,00
15,64
30,96
27,24
97,35
29,58
50,37
23,39
54,58
84,60
15,50
96,92
14,98
90,26
63,39
31,26
43,01
20,01
93,99
59,07
85,24
37,21
64,61
98,51
82,55
98,78
62,79
41,10
11,26
33,24
98,39
94,05
85,67
42,36
41,04
75,08
71,76
61,61
72,32
93,97
34,35
76,23
38,85
55,67
98,75
50,64
01,55
01,73
87,66
64,91
22,52
46,04
09,72
46,33
57,36
31,70
19,54
79,56
37,78
87,50
75,36
40,42
92,33
36,08
41,33
37,99
75,95
79,41
20,03
76,11
22,38
36,12
39,53
41,85
85,55
23,74
36,55
90,41
94,51
86,46
25,79
90,12
61,68
62,19
89,99
65,89
94,07
01,83
67,25
51,23
71,26
55,77
47,57
00,34
35,02
94,30
68,62
08,48
97,03
65,31
28,80
19,41
50,16
35,21
00,48
29,51
03,64
47,30
97,57
91,41
94,58
09,09
05,03
19,08
53,52
73,91
26,70
15,90
00,82
36,32
33,05
42,32
48,24
35,23
88,19
85,54
53,27
97,51
76,73
45,23
47,49
83,04
85,29
73,49
95,96
54,57
08,79
03,20
97,96
31,63
04,96
64,23
63,79
71,13
43,07
67,69
92,75
14,41
51,49
37,70
00,78
81,78
84,34
09,31
15,15
67,51
24,24
91,11
29,85
52,16
22,08
52,19
53,69
97,49
07,76
39,61
70,31
25,04
77,62
71,07
01,08
32,74
10,96
33,02
15,08
60,79
41,67
87,66
47,34
81,58
77,83
88,09
15,17
07,91
26,28
77,29
53,09
54,65
40,92
24,91
49,11
53,59
33,72
91,68
57,01
01,42
93,77
33,76
58,28
59,38
25,75
45,45
43,91
78,87
16,84
44,13
73,26
67,49
23,43
23,79
93,78
70,59
64,61
53,02
77,88
32,25
89,26
13,31
76,85
87,86
11,98
29,60
75,30
23,86
68,44
61,97
64,58
49,50
11,16
18,78
53,46
97,28
79,46
17,66
77,07
16,61
04,58
01,43
66,80
34,11
96,30
98,90
89,19
18,27
08,54
84,22
81,92
80,64
58,06
11,54
54,67
09,09
42,75
32,32
51,67
68,44
85,67
92,56
28,73
30,03
89,80
54,33
13,78
70,26
14,04
66,45
00,02
74,86
97,30
21,44
35,21
27,06
46,87
33,49
57,13
80,25
60,26
69,44
45,55
63,42
09,86
18,14
54,73
86,37
47,92
13,16
24,32
65,61
49,16
73,34
48,13
45,42
64,04
76,51
41,07
91,23
03,22
90,30
17,95
67,51
50,40
21,16
68,32
36,03
47,37
72,22
05,15
36,79
71,17
18,50
07,18
77,40
86,90
70,91
19,38
30,81
47,12
01,45
92,83
72,61
52,32
00,31
98,77
30,46
17,98
98,33
90,27
74,83
08,14
60,43
32,41
06,88
54,55
23,72
71,27
95,52
01,46
55,13
64,09
11,46
56,07
78,10
44,08
38,57
95,99
69,68
59,18
18,49
89,18
96,69
88,53
63,51
72,41
49,23
86,64
87,29
68,47
38,81
00,53
75,53
82,28
01,55
46,66
48,90
78,30
92,69
49,15
35,10
03,71
97,52
58,21
26,43
86,51
76,35
18,73
32,58
23,64
66,42
78,64
53,91
03,24
19,28
69,67
87,91
46,41
79,92
24,19
53,19
72,80
71,96
45,97
56,45
07,97
96,38
01,83
67,03
27,53
93,18
20,56
46,50
31,91
07,73
89,93
77,66
10,92
82,05
43,01
95,94
81,08
85,15
20,73
51,41
65,48
72,05
49,24
58,32
70,66
56,32
33,48
83,01
54,23
10,41
26,22
78,98
46,77
22,89
33,77
42,95
28,64
71,75
54,77
87,28
60,06
16,52
60,44
36,75
90,44
97,76
76,11
21,99
80,97
65,57
37,11
40,13
07,73
47,41
44,56
57,29
31,27
95,32
77,16
68,48
58,21
00,83
64,68
22,09
31,50
98,34
61,71
86,00
43,45
66,94
36,74
02,47
97,16
46,31
07,01
72,54
75,57
74,57
42,17
82,60
26,78
29,44
89,15
96,89
30,73
40,39
52,62
75,36
51,25
45,36
11,11
72,15
33,36
56,10
45,60
19,42
67,12
72,04
94,61
81,35
03,88
43,70
50,79
66,76
52,72
94,11
69,03
08,49
89,49
50,65
71,72
91,66
34,08
73,71
68,68
06,71
60,20
98,36
50,22
70,64
71,41
79,70
57,96
93,19
34,22
08,26
65,82
30,15
68,30
21,82
67,30
55,95
70,41
50,44
96,12
66,58
23,00
45,23
82,88
90,82
51,22
17,54
74,82
77,26
78,47
91,44
42,50
37,13
17,63
93,49
18,76
53,31
50,01
27,54
18,21
55,82
52,74
80,12
20,32
28,54
14,73
87,34
97,35
74,18
24,18
04,89
25,00
89,84
08,08
06,72
92,42
98,35
14,45
09,19
31,94
87,68
65,25
12,39
26,63
54,25
16,83
15,99
92,87
95,66
88,12
16,84
90,18
20,62
72,50
95,72
04,53
20,31
33,21
30,07
73,72
59,34
69,99
98,73
00,76
53,48
49,61
71,55
92,37
61,15
36,16
17,76
12,70
22,10
22,93
68,42
82,29
49,58
90,25
94,08
40,74
70,09
84,83
52,84
31,73
24,49
48,72
02,46
48,31
83,71
09,49
06,06
62,11
35,76
79,93
38,93
89,49
47,75
96,30
08,61
93,35
13,88
69,98
33,14
21,18
80,06
24,41
93,66
40,69
97,53
38,99
47,76
56,25
05,69
11,06
17,46
29,70
44,39
11,97
22,06
72,78
39,38
16,85
76,46
42,10
98,79
49,84
95,85
74,53
12,20
92,21
66,35
13,68
70,94
82,30
08,29
64,17
47,67
33,92
37,33
44,51
40,79
00,64
50,23
90,77
73,69
10,27
89,33
10,07
84,85
97,68
34,21
69,85
35,90
76,42
39,76
65,03
13,45
85,44
97,11
87,71
30,49
89,80
19,26
90,99
31,30
94,15
47,22
46,00
93,59
75,75
06,45
25,16
91,34
51,81
31,16
01,79
03,57
28,83
00,60
61,90
92,23
06,39
73,97
09,47
71,16
41,27
80,83
40,62
25,90
17,30
30,18
77,26
55,93
90,63
21,08
31,48
97,18
49,79
23,83
84,26
05,70
31,72
36,17
95,77
70,29
33,42
93,66
23,26
09,00
65,16
01,56
94,06
91,66
72,67
61,94
68,71
33,44
00,24
58,64
43,37
16,56
30,47
75,73
92,61
57,70
09,95
96,71
65,02
33,35
07,09
17,42
58,18
36,63
57,34
82,92
77,98
58,39
93,78
64,99
72,66
55,47
47,63
67,91
11,64
51,86
81,95
54,20
93,49
64,24
13,51
06,81
49,66
64,11
31,94
71,74
98,78
92,94
61,90
54,93
44,98
34,32
55,64
80,02
72,79
90,92
32,80
42,32
43,38
81,38
68,36
62,08
72,90
43,68
34,18
23,88
16,16
71,56
91,94
21,98
75,19
54,89
70,97
64,85
95,63
44,13
32,81
91,39
13,69
07,47
80,59
19,87
57,74
32,14
61,58
28,38
56,85
26,02
28,68
88,78
87,82
18,06
72,36
91,73
01,86
17,72
40,76
86,02
39,46
95,82
90,89
52,03
57,85
58,87
75,24
38,18
63,84
44,54
60,20
55,59
67,04
52,38
53,84
96,15
67,06
19,07
31,26
52,81
78,47
76,96
04,37
49,91
31,41
28,03
28,99
71,57
65,78
01,97
92,44
45,79
93,48
52,95
76,59
76,83
70,27
35,91
47,54
71,87
88,61
13,81
93,94
63,40
95,12
40,22
87,69
58,89
78,13
97,96
04,58
63,70
91,56
18,87
26,32
92,65
34,22
14,33
14,54
73,86
06,33
60,71
02,30
60,88
50,60
16,33
61,07
25,50
82,75
16,81
61,29
62,20
95,17
27,84
27,98
54,12
48,21
11,13
98,69
58,38
29,35
62,31
72,10
52,82
03,97
37,14
15,97
48,13
48,85
01,67
34,18
98,90
16,48
85,58
66,10
85,28
42,90
93,83
01,13
98,46
87,65
95,07
02,37
82,86
56,53
86,70
52,58
88,10
27,84
32,51
25,89
62,52
05,97
90,18
20,92
83,32
67,38
38,43
17,46
48,37
89,62
44,56
20,48
71,26
97,06
03,67
98,65
17,12
94,10
45,11
50,56
76,84
06,67
47,18
47,29
43,99
77,09
35,02
71,21
58,42
51,74
23,64
67,64
17,03
82,31
76,84
94,24
07,62
05,02
75,35
94,08
98,60
31,63
61,07
54,74
58,84
32,14
10,48
78,96
69,19
73,19
12,60
45,10
42,67
18,88
66,73
76,94
68,95
06,07
02,20
33,26
21,18
41,61
00,90
52,09
30,40
89,93
81,07
92,80
01,83
44,99
03,94
51,51
70,42
28,49
87,39
19,05
21,49
82,13
35,54
28,15
75,36
68,94
89,25
02,23
34,77
22,50
38,26
06,25
04,82
65,59
75,31
93,44
55,64
33,51
50,80
20,48
88,59
04,35
04,33
84,93
36,14
97,51
56,87
76,72
16,69
63,80
62,16
65,04
79,58
18,60
24,80
11,05
09,53
96,04
09,98
51,63
26,43
12,45
23,83
39,44
46,65
18,56
95,81
03,97
50,05
17,16
30,79
43,12
91,46
59,67
86,61
52,46
62,82
45,77
55,44
15,73
16,17
22,43
31,52
18,48
15,16
64,87
49,81
63,66
34,58
24,09
56,01
93,39
26,83
86,60
81,38
59,16
00,48
44,32
74,97
16,48
07,30
96,86
86,75
60,18
12,99
95,87
41,06
56,27
31,00
61,61
32,24
62,02
42,89
83,53
81,91
95,54
85,00
79,42
45,61
46,22
80,84
26,22
03,78
75,06
09,22
80,85
08,79
30,30
56,13
54,99
40,04
26,73
78,20
83,25
07,28
44,23
86,23
19,90
94,37
30,73
25,24
54,91
86,66
83,77
58,29
49,24
00,62
59,90
76,28
50,90
68,38
16,16
43,47
62,62
78,73
95,33
61,79
20,89
03,75
32,57
00,66
26,63
04,19
30,96
25,65
00,74
87,73
88,46
22,97
93,44
71,86
97,73
32,81
38,79
67,07
64,82
29,13
84,26
50,12
87,46
70,08
24,06
82,84
31,72
04,52
81,64
52,79
37,54
68,39
04,72
61,32
20,83
40,64
58,12
60,20
13,16
00,48
25,77
38,98
24,75
40,21
57,53
91,37
14,62
32,74
24,48
69,82
75,33
69,07
94,03
84,11
71,97
41,60
50,26
71,39
79,35
83,74
47,80
49,62
19,92
07,91
10,97
89,29
06,19
65,20
58,74
03,89
54,91
55,03
53,76
98,95
56,41
30,36
63,82
93,88
32,78
10,58
40,00
71,92
69,29
11,13
18,80
74,31
44,30
79,17
63,90
69,04
25,84
17,18
93,43
87,60
78,58
80,48
28,90
48,27
63,81
22,77
54,61
71,28
74,11
77,53
82,83
89,89
29,70
43,18
46,70
91,88
97,97
96,99
74,55
83,51
03,69
93,77
53,31
68,05
22,48
33,95
80,47
25,04
90,22
47,49
02,17
43,60
73,24
66,35
15,20
17,50
68,50
25,55
24,77
17,57
83,37
48,19
28,30
84,40
17,08
00,47
11,08
46,47
65,47
38,01
47,70
28,10
81,49
87,77
00,38
71,55
84,50
85,41
23,39
85,29
53,43
57,00
04,09
37,46
13,71
95,59
73,53
87,47
49,05
82,85
59,08
02,76
77,23
23,05
56,88
07,21
34,29
29,56
47,94
66,27
38,95
76,07
01,27
43,51
29,33
31,94
35,08
56,98
69,89
44,57
70,65
08,49
76,68
12,56
11,67
49,21
15,15
56,48
64,80
79,26
72,32
57,02
45,85
17,16
43,02
43,62
54,63
53,71
79,06
29,44
77,69
37,01
41,04
73,85
18,99
15,58
82,99
03,40
08,79
93,29
97,99
68,00
36,11
92,03
59,59
39,06
68,50
56,11
80,02
18,70
34,17
80,61
53,03
40,27
77,21
24,49
95,59
71,18
10,75
44,21
95,64
53,77
14,20
67,90
05,74
48,76
71,95
27,64
17,55
11,80
64,93
06,74
22,00
10,50
62,62
43,66
13,11
22,84
30,69
95,37
03,86
87,23
68,91
16,74
83,40
63,17
87,23
30,88
42,70
44,93
29,96
90,00
63,08
25,55
52,63
71,76
92,49
39,26
86,69
42,74
83,43
17,18
91,45
56,23
95,79
89,62
52,87
55,87
61,16
31,67
65,09
54,64
97,76
83,03
81,85
38,01
94,44
25,86
09,84
79,50
64,23
63,84
72,80
96,08
09,25
70,56
91,00
62,90
35,08
94,92
38,18
06,60
86,02
71,57
89,12
49,33
81,47
89,86
15,97
24,06
71,00
66,65
83,21
81,28
54,59
40,43
15,74
41,18
37,05
50,14
60,38
72,04
30,06
98,20
17,55
80,72
49,61
83,59
67,47
83,72
00,21
93,15
67,42
74,32
74,16
89,45
69,50
67,12
64,63
76,70
42,81
76,46
01,40
36,73
90,91
26,31
17,97
36,36
72,22
07,55
87,83
64,16
52,05
10,87
30,79
23,06
43,98
24,73
54,71
12,34
25,46
57,07
84,88
75,82
29,91
69,83
63,38
38,81
76,71
25,74
07,46
46,25
09,16
39,71
77,52
55,07
67,85
02,23
92,07
44,18
74,63
68,77
87,69
06,00
24,02
67,95
42,13
72,27
51,82
42,48
35,46
67,18
05,44
59,43
36,52
16,49
58,74
59,17
80,80
58,08
35,91
54,67
19,51
94,81
95,49
18,34
00,54
67,08
69,69
74,42
74,03
10,41
43,57
03,44
94,16
51,85
03,29
84,55
10,10
30,35
93,96
82,68
58,18
64,54
60,48
24,69
86,81
08,49
63,55
57,35
36,88
03,75
22,59
08,82
59,23
19,05
44,61
08,89
63,09
97,27
58,00
76,48
03,23
55,14
05,15
45,47
67,49
77,10
88,32
85,68
59,93
33,12
42,43
49,90
85,35
82,15
98,58
66,85
28,32
81,69
46,18
57,15
17,83
12,78
61,54
94,33
56,31
30,01
27,98
33,78
12,36
25,82
51,99
44,14
42,28
04,16
22,01
34,12
76,43
33,03
62,43
27,24
36,76
07,02
71,15
49,87
39,09
49,96
46,74
35,35
97,86
44,06
45,06
82,56
08,90
00,67
49,64
34,10
58,69
06,80
51,83
03,03
17,03
82,89
07,90
80,07
85,74
34,93
51,17
73,89
33,90
51,38
21,90
62,98
61,05
24,23
74,36
65,47
87,51
58,85
39,78
85,21
03,63
40,95
05,39
68,97
38,22
75,44
00,30
40,16
08,39
62,14
80,97
95,61
74,84
80,68
20,24
45,33
86,61
60,20
24,50
31,06
51,24
78,58
38,87
44,18
19,75
88,53
00,88
53,54
64,66
01,09
39,87
83,86
56,02
50,12
70,03
65,16
48,61
85,20
15,79
28,64
37,03
43,53
88,45
76,59
39,10
56,32
52,71
67,67
11,59
27,46
53,02
45,09
25,33
29,76
46,95
34,09
72,24
44,89
15,04
66,38
04,31
27,52
74,90
32,81
46,25
94,55
04,19
64,00
90,98
81,55
86,17
47,68
93,17
49,24
30,84
25,07
65,70
48,36
89,88
84,46
19,04
45,07
61,95
74,63
42,41
66,53
48,63
55,06
92,00
08,83
88,44
02,05
05,50
39,49
06,50
19,00
30,76
84,01
30,80
55,93
47,54
15,71
12,11
36,88
89,31
78,08
46,38
96,81
95,13
96,14
16,65
04,46
67,74
38,23
44,50
62,45
14,65
08,46
50,37
58,56
24,02
28,55
12,40
72,36
23,80
96,59
15,87
91,91
51,29
77,27
07,70
08,15
72,77
53,43
45,34
07,71
73,73
00,82
83,77
14,66
52,01
65,84
17,42
92,35
45,34
23,61
43,36
25,94
34,54
56,37
22,48
18,79
69,00
68,72
29,19
08,70
83,27
57,08
25,36
66,46
77,73
74,23
15,53
66,61
69,15
23,60
68,92
50,48
31,03
51,47
50,84
68,65
69,59
95,35
10,06
90,91
20,65
12,75
58,03
73,52
60,86
55,33
81,79
51,15
01,26
19,18
03,01
74,53
18,33
35,08
35,76
43,57
74,78
30,66
79,41
89,69
78,53
79,66
89,27
69,20
04,41
56,25
86,83
61,97
45,80
73,77
94,56
51,09
25,59
39,28
75,84
49,67
25,64
69,42
05,97
60,41
95,41
25,19
01,67
23,64
32,18
90,54
92,39
64,60
93,28
95,76
14,32
97,72
05,45
98,70
59,89
36,14
44,76
73,27
67,52
63,57
16,21
36,81
36,50
97,68
59,93
12,80
28,73
95,83
64,64
90,23
59,72
07,64
97,79
50,61
12,12
63,23
92,15
42,91
77,89
87,43
89,30
82,44
87,28
54,12
58,01
95,39
26,84
73,10
85,40
67,09
26,07
96,56
56,63
91,79
62,25
21,87
21,80
92,55
71,78
47,94
79,73
67,15
63,58
03,90
04,62
59,72
76,64
59,64
42,66
02,62
24,82
86,35
65,08
51,38
21,27
67,42
25,61
66,58
02,08
62,50
39,69
03,88
04,62
49,40
12,53
70,53
94,86
86,44
58,89
95,84
94,51
46,79
18,96
61,34
71,61
32,66
72,96
25,86
57,81
55,91
40,00
36,25
56,93
77,66
36,54
28,81
03,85
23,97
66,41
58,70
59,38
75,18
22,30
70,43
29,62
07,76
45,19
97,88
04,81
73,79
53,49
20,21
48,90
84,12
82,38
28,54
83,76
93,01
64,36
63,71
22,25
22,00
21,89
54,50
58,27
71,04
25,73
46,06
37,61
37,36
34,51
61,90
59,13
30,94
01,27
26,90
12,96
17,18
14,56
96,04
83,42
41,69
23,18
95,33
05,17
68,46
61,66
22,52
79,98
70,56
97,28
91,49
55,05
25,90
92,69
21,87
59,97
45,70
77,88
05,82
08,30
31,69
19,94
27,91
90,80
76,88
68,79
69,26
73,79
68,51
74,92
06,68
56,04
14,75
51,31
67,71
34,34
14,70
90,36
27,41
79,10
29,15
39,29
12,74
00,06
33,34
42,46
92,12
57,84
50,23
06,32
68,24
74,76
42,50
22,36
11,74
49,24
00,42
43,77
33,52
93,10
09,00
08,30
37,71
00,98
96,67
44,31
94,06
16,48
60,45
33,07
12,65
24,47
32,25
12,97
21,95
16,79
29,33
78,71
75,47
52,64
30,19
53,04
71,67
93,57
47,48
45,47
40,98
27,66
53,15
89,14
10,75
85,12
72,26
67,57
43,88
06,25
13,26
08,59
75,52
67,78
12,13
87,19
12,79
90,33
88,19
35,61
43,95
73,19
65,46
97,92
19,53
16,20
76,54
89,06
67,24
58,45
19,96
18,29
09,99
42,37
17,35
66,89
95,78
98,38
46,86
62,38
21,10
48,94
66,14
55,33
06,52
02,29
04,77
23,58
33,97
22,96
21,03
79,60
88,93
57,08
34,90
70,81
23,04
80,18
05,74
27,59
86,12
69,44
07,11
38,05
93,77
79,30
79,31
06,87
61,67
42,55
53,77
53,79
31,53
97,44
32,29
33,96
51,48
06,50
97,65
35,79
84,22
90,51
59,32
58,64
38,39
11,39
66,21
56,37
74,25
56,69
53,57
63,84
30,57
29,80
34,88
43,95
97,63
66,25
44,41
06,35
48,98
35,07
61,48
83,65
54,35
40,38
68,24
81,38
52,22
51,61
92,61
30,24
30,44
77,66
63,46
36,63
49,68
97,14
50,81
42,61
13,19
72,55
09,82
48,64
84,76
60,65
37,78
10,56
19,49
67,90
61,89
55,31
91,70
79,46
19,94
27,76
59,38
36,32
55,12
07,95
50,13
23,53
70,15
30,00
74,16
87,02
64,91
65,40
94,36
86,13
86,30
10,08
13,57
40,42
60,63
74,84
61,27
49,42
11,26
67,08
43,12
10,54
87,43
84,49
64,01
65,43
19,18
67,76
06,42
96,18
57,36
94,25
41,06
75,71
59,25
09,38
64,07
78,21
38,16
47,05
16,36
66,45
53,50
20,17
00,50
45,53
71,61
98,36
59,41
14,95
89,99
47,27
60,95
25,59
63,45
38,19
47,75
90,75
76,71
98,76
67,27
86,44
14,20
31,56
52,03
16,66
29,00
50,24
21,26
25,77
93,33
17,22
10,75
83,69
10,17
31,08
82,94
64,34
83,69
79,12
59,26
02,48
56,78
54,15
13,74
25,86
25,18
70,83
31,66
15,81
48,70
52,75
80,56
54,08
49,95
65,06
44,63
09,23
03,88
28,13
95,25
02,76
00,69
56,95
38,41
04,89
15,59
35,62
20,88
04,79
41,79
47,60
35,45
03,24
64,34
59,47
56,96
98,54
33,45
75,24
31,34
33,00
60,84
48,76
21,39
81,28
16,96
82,88
41,16
07,63
05,91
16,06
49,74
91,18
26,78
31,36
57,36
01,28
78,81
25,73
04,29
68,38
43,15
97,24
95,70
96,87
94,68
22,90
58,91
31,95
33,26
27,72
36,00
72,76
73,05
72,69
00,56
65,82
53,39
16,77
77,60
11,24
21,43
20,11
60,12
20,07
13,39
46,11
80,86
65,76
32,67
80,72
70,86
48,00
16,46
05,50
50,14
24,61
37,39
36,01
14,64
55,05
34,08
60,81
78,93
26,48
62,81
78,02
90,72
21,33
76,68
69,66
82,23
46,13
91,75
36,75
50,75
16,37
65,20
37,54
62,29
50,10
26,61
84,33
43,39
36,48
19,72
67,79
94,32
74,20
89,56
94,96
88,55
17,70
17,92
65,88
35,72
93,08
35,36
12,19
78,13
06,18
93,81
76,83
76,05
72,35
32,43
35,95
46,92
96,59
74,22
80,61
02,70
23,94
54,15
60,47
86,02
70,92
67,90
75,04
32,00
09,50
91,52
95,96
87,80
80,65
70,11
13,42
41,26
61,32
58,60
65,70
31,29
77,20
41,30
79,94
02,00
14,97
68,42
67,95
56,67
76,17
61,02
28,58
83,25
64,48
00,21
38,73
97,18
98,74
84,26
98,06
07,73
04,96
75,28
53,46
49,43
44,30
39,91
01,05
40,46
02,97
25,73
55,07
03,23
70,12
45,95
34,74
73,81
17,83
08,86
97,92
76,28
98,60
45,59
68,43
30,21
70,95
10,11
43,68
18,25
67,50
74,49
09,68
76,11
20,74
45,77
46,14
60,24
88,20
17,74
29,38
56,72
00,57
36,62
18,43
55,59
97,73
17,32
38,59
60,70
29,13
30,68
63,22
21,51
01,29
42,09
14,00
88,91
98,90
91,36
09,88
68,09
39,47
28,60
21,58
92,84
93,61
83,76
88,58
02,47
50,29
45,33
00,52
89,16
98,09
12,03
43,92
10,44
82,84
57,00
87,66
81,78
05,65
01,95
54,52
79,64
92,24
78,23
10,00
42,30
26,06
37,16
18,62
12,14
33,96
45,50
57,93
26,51
58,66
77,63
27,75
17,14
17,94
48,43
38,39
34,63
78,26
25,46
23,89
18,86
09,01
01,59
56,95
39,27
42,86
17,98
26,62
96,20
70,36
41,47
72,58
36,28
35,16
67,73
64,47
40,45
92,33
86,42
44,73
97,14
87,64
73,81
58,20
02,18
52,67
91,46
41,77
30,40
56,67
65,82
27,70
65,27
96,91
79,45
01,99
66,33
34,63
71,11
29,05
75,52
49,65
44,99
50,85
43,85
32,34
11,26
44,55
86,31
70,89
49,98
25,95
48,49
64,19
57,98
73,98
26,35
38,67
62,74
54,11
29,67
11,58
22,81
06,46
90,48
15,58
08,18
89,39
09,79
50,80
42,35
65,36
12,96
24,04
26,30
08,97
46,97
80,43
93,76
69,51
60,76
52,39
70,08
07,35
29,07
72,70
58,04
35,43
74,88
51,02
77,61
64,05
94,76
31,57
93,12
17,33
40,54
98,32
96,91
56,99
26,57
46,48
14,68
76,24
48,93
50,05
63,74
39,16
45,10
64,84
70,55
07,34
12,75
89,37
46,54
23,14
12,96
20,97
73,85
63,55
17,80
55,74
15,20
28,76
22,14
92,87
23,26
76,75
39,29
09,43
96,23
84,94
16,80
91,03
17,17
46,33
53,64
58,13
24,62
00,30
88,62
77,36
65,53
41,89
17,10
71,22
91,44
29,30
37,34
79,66
31,65
64,26
98,14
30,54
69,99
20,97
81,13
59,43
60,28
38,28
90,69
09,60
52,99
08,35
71,78
27,93
90,82
36,81
28,65
84,82
30,17
73,39
39,91
32,58
49,24
68,09
87,19
12,00
10,26
19,72
68,79
57,39
60,31
70,34
58,78
11,25
41,12
04,74
94,38
04,80
46,15
89,26
03,91
68,15
01,76
39,86
55,62
50,21
82,11
44,74
38,07
34,63
54,24
54,74
52,20
02,16
34,59
03,03
13,42
66,00
94,73
68,08
92,32
87,72
00,27
14,13
76,09
64,18
32,48
32,09
28,10
63,70
21,86
84,19
36,13
88,92
77,11
31,79
03,67
13,82
55,36
85,11
65,63
60,63
41,68
59,85
83,18
78,75
00,42
22,67
18,41
73,06
59,49
97,38
27,17
53,74
26,28
19,99
35,33
85,04
88,47
68,19
13,05
11,41
64,42
90,90
75,13
62,01
56,56
50,22
50,70
62,63
36,86
00,69
94,39
78,87
51,57
64,12
27,36
66,72
37,78
31,42
50,92
19,62
82,41
70,41
63,34
27,53
07,84
28,52
18,76
18,74
52,58
39,53
93,26
55,81
49,42
70,41
34,61
42,17
17,36
82,65
86,79
90,20
80,64
88,63
13,30
00,49
29,14
62,27
71,16
88,69
25,93
47,36
94,59
29,57
87,73
06,79
32,92
41,28
82,43
39,48
26,55
04,87
44,69
05,60
98,51
70,25
32,47
76,63
76,25
53,04
27,99
67,54
32,00
18,33
62,09
68,77
43,41
87,58
97,46
54,52
82,79
28,68
26,12
18,27
06,35
82,77
43,95
24,85
93,06
81,23
65,44
82,54
19,41
52,95
72,15
58,55
36,56
39,16
61,37
84,67
64,54
16,05
62,36
47,50
36,82
01,37
90,31
56,70
00,92
46,86
81,84
57,47
16,81
89,10
07,15
58,42
72,67
55,39
88,43
12,26
47,84
07,32
72,94
14,71
84,96
39,45
61,55
49,40
15,15
33,41
12,98
42,06
36,37
01,13
37,86
50,33
14,29
61,21
54,20
76,65
69,93
28,99
49,05
40,85
46,53
85,51
90,61
17,05
06,43
82,00
82,75
14,36
80,78
91,59
80,11
35,54
34,91
26,54
14,32
32,15
89,68
12,34
48,86
43,60
02,33
07,17
76,06
93,71
87,96
44,07
84,25
94,01
15,94
68,76
79,24
86,87
28,09
53,04
28,92
61,69
47,69
51,32
83,87
53,31
27,11
96,34
98,44
39,11
16,87
11,57
88,00
39,56
36,75
46,68
06,74
36,01
69,80
64,15
95,24
16,72
74,51
97,06
49,21
72,69
08,12
44,93
62,62
79,46
78,34
85,64
94,10
98,11
10,10
17,86
47,94
70,90
56,84
60,07
80,72
79,70
62,06
97,38
09,31
81,67
43,34
71,10
04,59
42,36
95,76
63,15
21,62
29,06
80,23
80,47
67,35
57,20
80,32
60,86
15,89
12,14
88,41
02,07
11,31
07,18
35,12
44,18
53,98
94,24
95,54
19,08
48,75
70,26
53,66
93,21
95,99
70,17
34,80
57,59
79,55
15,14
57,36
07,00
25,34
97,05
33,13
93,75
52,61
81,50
12,82
57,90
27,43
23,74
54,06
26,56
95,11
05,28
83,94
67,98
57,21
30,05
61,90
50,95
47,81
00,62
16,94
31,54
26,30
64,36
17,62
15,54
49,62
11,23
51,27
87,72
88,24
47,34
31,87
36,34
77,39
03,53
30,88
47,54
29,22
62,77
34,84
09,34
34,51
39,67
48,21
90,91
63,20
77,80
30,99
45,62
26,83
81,44
38,17
16,56
09,35
47,04
50,86
16,56
93,01
94,51
20,74
95,73
91,33
91,44
26,46
84,21
67,17
57,58
42,93
71,21
88,54
71,66
38,90
57,84
78,72
00,44
83,47
95,14
29,70
78,56
26,33
95,38
40,43
21,90
10,25
97,41
00,20
21,99
44,40
46,14
65,30
65,22
02,39
41,77
26,02
87,92
18,63
03,12
14,85
45,37
91,65
86,02
31,40
96,65
31,59
04,67
69,68
56,31
76,35
83,67
90,32
76,67
34,67
18,47
79,54
15,22
96,06
67,21
28,61
37,32
76,90
77,94
29,37
06,19
01,84
11,63
32,17
17,42
89,02
70,64
21,82
36,86
37,71
73,03
80,70
26,46
67,83
88,33
83,35
25,13
27,52
46,40
10,82
15,00
45,54
95,51
25,97
65,77
28,65
78,77
57,60
35,46
45,58
73,90
18,03
61,63
92,00
45,52
64,78
86,36
53,12
42,99
66,81
06,87
60,24
71,45
34,19
48,71
53,23
74,68
06,74
56,18
63,39
49,94
56,32
49,15
16,52
48,68
27,53
34,10
20,09
97,16
64,82
25,04
33,64
09,12
19,41
42,86
41,14
42,32
80,50
63,48
32,88
27,51
96,46
90,36
93,15
39,50
51,14
42,14
24,91
86,16
30,67
50,16
76,56
55,17
02,09
94,29
61,32
25,58
07,05
03,62
12,12
69,89
49,53
79,36
09,53
20,40
86,14
48,66
54,72
84,52
50,91
27,00
63,19
92,99
41,71
70,54
78,10
37,00
77,78
82,47
61,13
69,80
78,28
93,95
84,00
56,58
50,22
89,73
68,52
23,94
87,06
78,07
40,53
22,97
64,46
62,75
45,91
84,64
73,25
21,40
56,98
94,87
00,45
47,70
20,00
03,70
56,83
79,70
44,30
36,81
89,47
82,12
17,62
81,90
50,38
29,16
16,03
48,31
87,97
90,35
38,18
33,99
49,29
05,69
30,30
82,62
74,34
74,58
68,37
18,90
93,76
20,99
86,23
12,84
69,23
94,57
68,26
67,14
90,29
37,81
14,98
57,92
60,64
48,64
80,74
03,48
95,36
35,39
24,99
14,97
59,90
85,65
47,06
07,64
06,85
16,21
11,47
26,82
37,21
27,10
24,95
00,27
09,19
28,48
21,96
94,83
06,47
64,35
45,57
26,60
74,35
06,79
37,66
26,34
58,48
70,83
58,25
72,59
13,10
50,22
26,71
46,22
67,74
41,66
40,71
50,41
12,22
98,56
62,80
49,51
10,52
39,92
80,32
21,46
33,61
71,43
29,64
51,09
74,80
33,74
58,62
57,45
40,36
74,66
41,17
56,71
64,35
32,74
80,98
55,19
69,37
06,03
58,69
80,06
98,99
66,52
46,24
44,01
85,94
95,30
82,15
64,64
83,86
67,41
42,81
64,12
75,60
77,13
40,29
88,39
98,22
41,43
15,35
06,16
60,93
66,33
14,42
65,69
18,00
45,27
42,17
24,91
53,20
91,45
69,06
66,93
77,32
06,86
13,89
85,86
72,09
19,82
76,60
24,88
39,59
45,66
04,09
98,99
94,87
47,43
46,82
96,53
19,82
92,77
72,85
40,09
18,68
71,20
11,90
04,11
84,45
11,67
51,55
78,55
41,85
47,71
27,27
59,50
36,67
58,92
79,29
62,17
13,51
02,36
81,35
67,16
28,10
64,32
13,67
11,70
87,69
60,40
29,08
47,45
88,36
90,33
21,04
35,04
92,88
05,47
84,93
14,82
54,74
09,64
23,23
76,22
02,63
73,60
59,55
30,23
23,12
18,37
58,50
37,86
56,74
62,63
04,34
88,90
79,90
68,15
75,15
48,39
97,03
98,74
02,72
23,22
79,42
86,06
77,09
76,48
82,78
90,25
39,68
21,31
58,29
05,30
80,28
00,42
13,39
72,23
15,09
10,70
21,53
39,98
56,83
77,24
84,75
06,33
89,68
42,02
38,39
78,31
68,17
98,04
49,44
01,88
92,72
70,70
26,45
63,36
21,58
94,66
42,69
67,38
11,94
34,12
13,15
86,89
93,10
42,66
12,80
11,61
47,01
57,70
05,88
35,93
13,37
89,42
67,40
39,32
19,72
53,71
12,47
42,43
91,14
88,60
12,72
36,95
37,76
81,01
85,51
40,76
42,43
19,33
50,82
23,98
76,63
85,95
90,87
30,10
34,50
22,00
70,40
12,87
30,03
45,97
14,42
88,97
62,28
94,45
40,66
20,59
21,97
76,90
61,80
06,36
36,76
11,79
82,35
09,34
06,24
89,72
28,75
02,42
19,54
58,31
02,90
53,84
80,02
92,53
18,23
76,36
62,58
16,25
87,37
67,28
91,97
79,86
51,51
98,24
27,82
19,24
11,58
26,97
20,77
60,52
05,88
13,80
83,19
71,74
94,58
81,15
51,14
07,74
49,66
51,38
22,25
10,77
24,45
42,44
90,81
35,25
86,67
52,68
34,34
27,93
17,03
75,03
80,87
38,57
14,28
43,92
33,16
13,22
85,96
51,58
01,60
45,54
49,86
30,51
22,08
66,29
57,37
30,31
84,60
70,09
09,08
92,52
39,44
90,26
16,95
70,83
83,84
69,58
08,43
01,37
33,99
71,01
11,14
07,77
47,01
37,24
39,95
78,55
44,92
95,74
26,87
24,03
04,27
87,67
49,08
91,44
96,25
80,15
12,05
19,47
75,20
22,27
91,91
35,34
31,53
89,47
20,62
52,20
44,61
64,12
74,52
42,43
35,11
84,36
95,93
95,83
56,58
21,80
86,00
49,18
36,46
26,24
25,85
53,40
41,81
06,91
85,39
76,45
80,23
14,68
18,69
03,65
72,09
14,48
03,66
21,40
07,08
54,81
08,03
86,16
98,55
55,56
60,41
62,76
82,46
67,99
70,87
50,28
30,12
81,48
30,01
34,21
76,90
90,16
13,84
02,91
44,06
52,76
78,21
05,96
68,44
33,53
67,28
53,67
55,75
35,57
72,63
82,61
25,24
94,67
98,43
45,92
71,04
35,23
37,42
24,08
03,62
46,04
26,19
91,68
01,72
93,15
91,26
14,03
48,96
28,59
85,94
79,40
24,10
10,25
14,35
64,14
01,19
42,98
13,61
11,21
11,63
64,72
00,96
22,15
24,91
14,44
04,87
81,02
62,14
57,54
20,96
97,56
36,33
54,44
93,15
23,59
06,99
83,39
89,18
61,34
84,46
71,69
59,83
61,54
71,36
13,71
04,52
53,04
07,41
88,02
34,93
59,78
28,43
49,86
16,35
13,28
74,66
65,33
90,00
55,97
56,13
76,08
39,41
31,31
94,56
54,45
21,08
13,87
94,74
21,32
13,36
61,29
34,61
16,82
49,02
37,77
72,52
98,20
67,69
59,36
79,12
80,21
21,35
33,34
25,17
09,91
68,54
34,77
53,38
34,86
70,67
03,57
50,75
02,52
29,82
27,52
49,44
68,84
66,19
14,67
66,43
32,12
24,52
50,34
54,10
14,50
70,81
80,01
51,15
72,87
39,12
57,00
67,66
45,28
81,01
36,67
97,03
62,67
40,61
24,16
48,71
45,18
24,28
08,99
13,21
87,18
55,37
60,37
34,79
45,87
24,00
98,19
32,36
41,39
84,07
84,87
21,83
92,03
74,98
41,12
37,07
12,87
97,18
29,37
01,71
98,46
79,95
01,55
93,95
81,54
83,90
55,76
87,23
89,11
33,86
19,59
59,00
37,49
52,51
10,73
84,53
45,04
68,72
25,26
02,64
38,18
04,49
35,55
75,50
97,92
96,25
70,12
59,50
83,14
27,90
17,40
33,93
48,59
97,77
59,62
15,88
69,94
86,81
48,37
87,33
85,87
55,92
75,51
61,31
42,04
97,92
23,60
91,73
51,49
33,22
26,52
96,87
65,83
19,48
00,42
81,89
67,01
35,55
63,12
65,97
89,92
98,28
93,42
16,53
16,98
17,05
49,06
36,92
65,52
59,29
91,76
34,91
60,67
11,01
70,01
77,39
37,53
07,18
98,24
89,53
13,31
00,81
24,50
85,59
39,55
91,78
49,80
22,86
16,44
59,93
30,03
63,92
47,00
73,34
62,63
91,45
90,96
28,48
35,95
59,12
69,10
47,07
05,94
84,78
51,99
97,10
29,53
07,48
89,34
47,21
00,12
61,68
02,46
30,80
68,38
45,51
83,68
37,84
94,87
10,22
63,27
37,27
90,04
89,10
73,71
39,94
80,43
18,38
02,30
71,78
68,43
83,04
97,34
70,63
14,10
92,85
43,56
38,64
22,54
70,61
04,92
89,46
88,60
74,94
04,49
07,73
01,49
49,40
02,82
73,15
78,04
28,20
71,89
84,79
95,79
00,70
20,67
67,34
07,50
12,41
18,21
93,34
54,59
09,11
62,20
89,01
54,39
64,02
20,23
43,39
93,12
18,11
60,97
74,82
90,34
40,17
30,04
10,42
44,59
78,82
64,58
95,40
89,06
96,80
19,18
53,22
74,36
93,24
11,33
90,49
76,53
22,61
75,29
31,61
61,12
57,66
71,13
87,26
07,39
30,87
48,41
02,04
21,27
54,86
72,23
08,30
75,48
92,16
53,02
12,74
17,89
60,58
25,21
81,32
10,90
63,76
87,45
25,78
98,97
50,23
18,18
16,11
98,84
25,19
27,05
25,26
42,69
25,77
58,98
89,68
47,34
56,05
84,43
98,54
98,01
03,32
69,17
77,53
72,59
04,29
72,65
05,17
72,81
26,93
60,88
13,28
81,32
15,45
89,06
49,92
86,40
01,50
57,75
51,46
81,64
44,50
15,30
52,12
91,11
53,82
38,74
98,84
28,15
61,48
05,55
59,18
44,22
76,26
10,36
03,83
05,29
13,83
02,09
42,02
62,52
03,50
40,74
28,74
93,30
19,31
04,84
91,73
15,25
21,40
14,42
67,96
78,10
00,77
74,21
87,76
16,21
30,86
79,94
59,33
82,10
78,22
61,71
10,42
33,19
90,29
14,59
02,23
49,72
88,07
77,00
16,48
26,17
20,98
12,75
00,27
06,07
89,21
52,25
15,19
69,86
47,61
82,86
78,42
62,12
77,56
56,20
90,94
40,48
14,63
14,87
44,21
55,38
26,22
65,13
74,50
54,98
90,12
23,74
83,15
26,71
07,18
01,70
54,43
04,95
52,62
21,25
31,50
86,04
76,49
85,30
81,13
17,02
22,87
47,32
46,17
25,93
25,05
77,49
13,76
33,49
82,40
60,50
70,30
57,26
13,62
89,53
88,77
97,50
07,57
84,42
71,76
06,70
65,80
01,16
41,90
80,84
75,39
48,27
86,69
82,39
80,69
09,22
84,95
92,44
61,29
70,60
15,83
03,33
71,92
97,50
34,54
58,01
08,58
79,16
37,17
44,15
67,04
06,20
42,78
55,30
38,33
60,33
48,25
48,37
17,39
16,75
68,41
44,11
56,93
78,57
41,14
11,42
93,18
21,80
04,04
30,94
45,50
22,86
70,86
18,79
80,20
17,90
23,49
49,89
55,98
52,02
86,85
22,28
84,39
34,79
45,10
59,20
53,47
62,42
20,69
61,16
23,35
15,65
03,95
75,63
66,26
90,49
53,26
74,67
61,38
87,66
76,07
02,43
40,57
23,05
18,89
61,22
11,64
04,46
23,08
17,76
09,93
82,23
97,37
77,22
10,62
31,81
17,95
38,63
25,69
12,74
18,79
88,36
42,88
28,16
90,79
67,85
13,22
71,52
70,49
07,78
76,83
31,05
10,89
87,59
39,61
15,22
91,77
82,53
23,01
41,70
60,24
69,34
19,08
26,93
91,98
32,09
38,08
90,95
10,50
01,63
84,37
25,08
14,25
21,06
39,56
11,56
74,99
59,59
06,67
58,58
52,90
38,13
93,00
49,58
09,27
75,32
31,17
62,50
86,38
20,92
91,05
07,16
82,24
66,68
75,00
44,86
79,16
21,59
39,71
79,09
41,98
42,78
01,27
18,34
63,99
29,86
14,73
35,95
45,67
02,56
44,45
05,11
23,55
85,14
63,80
64,62
24,35
77,00
91,37
71,86
15,17
46,97
58,22
67,56
16,32
97,96
11,47
79,85
16,33
01,69
16,98
88,10
68,51
78,72
87,09
47,68
82,09
31,23
65,56
98,62
12,06
47,60
25,07
68,88
44,62
74,46
07,89
86,41
37,87
76,37
05,81
38,58
88,50
42,38
00,13
10,60
52,12
83,20
23,57
62,00
95,39
76,14
77,50
20,36
73,70
04,50
33,71
66,37
32,44
69,75
71,95
62,33
00,23
63,76
81,13
33,56
20,29
78,77
97,70
10,04
64,13
98,30
05,15
18,58
28,66
93,55
23,86
86,59
57,81
97,64
23,50
34,62
62,96
55,72
41,49
90,05
84,96
72,65
58,20
09,41
47,20
31,98
02,11
14,29
75,69
72,98
46,58
42,02
19,33
87,42
80,28
30,06
79,71
06,21
40,57
26,33
91,71
19,88
90,83
92,78
11,01
26,84
11,17
08,92
50,32
32,20
62,92
62,20
16,63
10,04
91,61
00,96
74,96
78,18
44,89
55,81
93,58
16,68
37,60
67,40
28,51
97,80
09,76
89,90
76,91
17,29
73,83
56,67
35,02
15,84
62,62
66,47
58,43
38,63
73,49
41,45
42,23
86,09
87,43
01,45
32,80
40,41
81,42
91,41
48,70
09,70
73,95
17,87
67,78
42,02
68,35
02,97
27,68
33,41
14,70
49,04
42,98
54,44
95,23
32,28
89,59
30,72
68,40
12,84
06,28
89,74
12,46
39,29
63,39
19,13
28,01
55,58
43,87
50,76
21,85
19,31
78,44
47,17
27,53
92,26
69,62
20,88
87,41
73,61
89,69
82,79
90,12
72,91
63,09
14,00
67,17
72,96
76,08
64,22
06,17
53,54
23,40
51,17
87,01
84,98
92,66
02,53
64,41
65,84
19,94
69,39
08,88
86,93
74,70
49,44
16,14
02,60
52,44
83,67
38,93
84,20
09,95
73,06
13,29
57,56
52,03
58,21
90,61
96,59
30,66
90,73
58,76
06,08
82,21
56,35
96,56
93,25
02,10
61,94
76,29
92,92
31,87
75,75
22,96
80,72
89,67
44,21
58,85
81,04
96,86
88,82
47,66
78,65
49,84
56,35
76,25
69,05
05,68
41,37
02,15
38,94
63,54
08,41
46,52
76,88
18,30
82,03
73,32
86,39
15,71
82,22
91,16
76,80
20,12
33,01
33,56
97,38
89,16
90,51
42,42
92,74
86,81
08,07
34,57
33,73
21,82
29,86
61,14
15,62
79,24
49,84
84,93
98,11
44,26
08,93
91,83
94,13
10,85
48,93
09,39
98,53
04,89
34,89
64,05
16,21
83,35
44,39
29,42
08,74
46,24
66,83
02,17
65,08
04,30
39,46
50,35
72,61
82,31
76,73
22,22
37,60
96,15
75,74
22,29
13,83
04,80
81,08
21,34
52,41
97,83
46,14
04,60
05,50
95,70
32,38
77,89
74,00
98,74
39,26
73,56
40,43
59,71
78,09
31,54
52,65
50,93
52,15
39,59
10,22
64,29
36,70
03,67
31,08
71,86
12,39
54,13
54,45
72,34
34,06
79,89
88,00
12,84
85,23
43,04
72,56
13,89
11,04
73,72
14,08
60,10
77,95
86,03
88,20
02,29
95,24
18,49
25,96
02,22
45,86
25,71
12,27
22,69
92,40
79,10
87,28
69,26
70,53
79,05
48,69
30,84
40,49
85,32
83,01
36,78
77,18
91,40
41,83
38,60
32,84
01,60
49,30
44,69
87,35
47,46
49,12
84,51
15,79
00,58
81,92
71,56
41,22
23,70
91,10
12,49
93,51
19,90
65,77
78,87
31,26
68,23
26,14
95,35
16,24
92,88
86,18
92,26
32,00
24,06
26,50
00,87
17,89
95,24
30,91
06,83
17,21
29,26
78,37
57,44
45,88
49,84
85,03
17,07
93,75
76,54
22,21
89,59
93,63
77,25
83,33
22,88
08,78
09,10
90,52
28,06
14,99
94,52
65,55
50,74
85,15
67,90
43,74
88,90
95,65
82,46
48,87
91,21
21,26
50,69
78,94
24,08
18,27
83,35
26,42
55,05
35,62
19,39
77,61
39,48
20,84
06,90
37,62
80,78
49,80
71,67
20,68
61,08
53,50
39,81
81,74
64,47
53,64
83,86
67,41
94,01
89,95
04,34
66,90
80,01
69,02
59,59
07,98
87,59
22,02
94,62
11,49
16,31
34,18
60,57
01,88
21,54
66,13
98,72
46,59
49,88
54,77
07,72
84,34
62,07
60,70
79,72
90,06
32,06
06,99
61,30
06,49
67,43
18,68
69,14
77,25
52,73
77,37
36,87
09,93
24,16
66,85
13,69
74,44
12,17
86,23
01,23
91,96
50,19
07,45
53,02
21,67
17,51
20,86
59,65
94,62
11,48
49,44
43,05
64,41
78,98
70,80
43,04
05,28
11,77
24,34
35,95
82,22
80,76
66,90
26,83
79,39
69,76
69,38
86,95
17,47
36,23
32,04
63,81
24,73
94,78
43,61
59,56
57,62
67,96
12,61
13,13
75,28
09,62
16,08
26,72
46,78
72,62
57,19
75,18
75,34
92,25
32,21
09,14
01,47
45,73
46,00
93,11
45,76
48,53
62,03
93,81
66,75
85,93
89,12
62,23
85,35
06,18
68,88
20,34
55,24
14,24
58,43
56,48
59,70
11,51
62,76
20,69
23,69
53,26
10,92
82,70
49,17
80,72
27,38
69,50
00,04
76,60
18,65
02,49
77,63
10,98
30,70
73,00
68,14
11,80
24,71
81,86
44,28
62,16
61,37
84,16
61,76
45,48
71,81
80,81
13,68
81,37
49,49
52,73
25,24
95,69
87,31
66,76
53,66
12,42
59,49
29,17
49,13
21,53
17,06
22,39
23,86
05,89
74,18
83,68
93,70
84,49
36,11
95,18
39,14
52,52
01,11
17,92
42,00
13,21
94,23
93,91
79,91
77,99
62,89
60,88
50,95
96,62
58,86
29,81
18,28
75,43
74,20
03,29
06,65
33,40
59,95
60,13
66,52
75,05
93,34
90,33
82,83
02,53
71,64
97,28
95,22
71,94
10,93
87,62
70,27
29,29
67,91
64,87
55,21
57,76
18,82
87,69
20,39
81,81
34,66
24,36
00,00
29,94
66,41
16,44
19,48
91,20
36,64
14,93
12,46
74,66
00,06
70,32
03,33
03,91
67,41
68,00
66,87
50,63
27,08
83,21
52,05
98,62
29,26
90,50
80,58
09,46
81,59
04,20
45,50
43,00
16,51
28,58
38,04
38,24
60,30
29,80
59,55
41,13
11,90
55,68
94,75
16,49
49,89
47,28
37,06
22,30
10,91
57,94
98,49
02,66
88,58
51,07
64,38
73,62
30,06
91,40
68,90
09,87
19,08
50,65
34,70
96,56
73,85
44,64
33,22
34,49
15,01
92,06
78,57
58,38
60,54
32,46
16,74
37,86
11,46
50,18
97,45
56,09
29,17
02,08
21,41
02,12
57,32
61,36
28,02
29,43
83,45
27,94
48,50
08,00
67,50
15,97
14,70
72,87
48,35
23,75
48,22
10,17
52,17
20,09
88,58
44,77
27,70
01,78
00,99
00,29
43,71
97,23
64,69
67,20
06,88
53,33
62,41
84,96
55,98
00,02
97,39
69,88
35,60
41,79
36,32
30,23
38,98
26,04
81,18
21,48
75,38
14,01
38,52
27,36
15,11
94,35
69,26
41,08
06,96
83,63
80,87
03,94
13,76
06,46
45,73
03,55
21,08
49,63
92,04
76,63
39,56
78,58
85,19
59,22
56,21
28,39
34,99
14,06
37,80
69,61
77,05
48,04
41,06
35,97
04,03
58,71
42,88
96,08
97,93
70,13
51,16
46,17
10,95
35,80
27,61
23,05
64,98
44,39
08,74
94,95
85,72
38,44
84,80
81,71
00,81
71,54
64,68
26,06
54,57
62,70
13,52
44,09
87,58
76,89
54,24
81,95
66,60
50,23
79,94
52,18
09,38
04,62
07,00
04,32
93,14
38,62
94,55
85,47
76,80
78,29
52,98
75,99
15,51
45,69
11,28
25,48
19,52
73,03
72,06
35,87
60,02
31,36
31,74
23,97
69,27
34,51
52,10
41,12
77,17
08,72
04,69
14,93
70,33
53,70
67,34
53,97
47,53
04,58
14,36
07,33
02,70
96,93
01,13
94,61
63,72
89,52
17,26
48,45
80,37
24,93
52,81
64,28
42,49
29,30
74,63
59,12
97,40
57,69
24,53
45,34
39,73
15,07
79,67
64,35
94,80
86,35
61,32
30,00
86,06
93,73
81,21
79,98
90,34
19,64
97,46
34,03
69,19
03,55
53,33
30,40
03,83
11,22
39,18
91,53
16,28
55,67
64,27
96,71
44,42
33,34
65,32
47,69
64,99
64,22
40,59
38,40
69,08
68,46
56,15
81,07
30,85
84,20
30,34
16,83
10,23
37,63
56,71
40,80
87,36
09,24
12,74
27,95
30,21
94,12
42,50
64,80
40,64
56,03
09,68
26,94
75,02
54,26
52,02
19,83
51,83
28,93
91,03
79,89
09,53
29,62
92,71
81,07
41,41
35,08
88,50
01,52
56,20
92,10
43,40
41,46
84,11
98,02
45,52
41,78
95,83
95,29
98,06
15,05
68,26
03,69
79,62
50,58
76,98
08,44
43,57
75,07
86,51
44,27
40,96
20,14
43,15
54,78
44,89
55,45
79,40
83,14
69,10
77,73
93,63
69,90
91,78
76,03
50,30
32,14
06,38
06,71
24,90
94,77
37,85
00,70
16,50
05,75
07,15
81,13
07,79
84,29
09,74
22,18
74,57
25,84
53,93
74,42
17,80
03,53
97,67
38,18
91,38
66,26
76,16
58,80
17,44
24,18
45,65
62,17
42,09
63,32
16,24
04,47
43,22
63,74
80,03
75,97
61,40
37,90
03,92
62,84
67,95
13,47
80,23
32,97
90,57
04,79
33,10
77,08
28,30
46,22
61,93
52,55
18,08
62,60
44,97
56,06
36,76
23,57
17,86
79,17
48,03
92,09
58,68
06,29
29,55
16,93
57,11
86,07
65,46
00,99
16,20
16,43
08,12
21,60
26,60
47,59
59,49
91,58
21,99
28,51
76,17
36,80
01,04
17,63
26,63
63,53
00,51
41,97
93,46
26,26
82,56
82,60
78,82
39,94
96,00
36,12
78,81
90,89
54,91
81,03
20,12
00,36
94,74
10,55
44,92
21,64
55,89
95,67
56,93
68,44
35,90
72,76
51,17
98,40
90,21
75,58
74,35
67,34
43,65
31,96
97,35
75,75
91,26
39,79
83,96
48,15
12,09
61,72
00,94
52,92
86,29
61,38
18,00
55,84
96,25
59,04
19,57
20,02
44,99
48,05
40,05
95,61
17,22
05,00
34,61
45,65
05,55
52,64
91,43
98,64
65,04
93,03
87,12
26,41
08,57
90,03
90,97
08,45
75,05
09,46
32,61
22,78
86,58
45,50
51,95
34,61
03,74
42,91
66,19
52,58
86,86
86,43
98,28
56,40
13,36
90,67
33,35
19,82
20,91
33,88
89,28
54,56
77,82
80,10
20,11
85,69
74,72
36,50
72,52
09,37
38,57
01,82
88,57
31,17
32,78
62,80
36,75
04,74
73,57
53,04
17,95
46,19
71,34
09,67
35,75
15,85
82,53
28,37
35,60
59,59
50,45
71,75
95,69
70,67
80,01
90,13
81,76
94,24
02,85
50,99
36,23
15,37
49,99
25,72
27,89
97,94
87,55
72,56
53,63
19,49
17,23
64,66
25,87
02,18
82,83
49,84
67,46
11,29
26,21
16,59
91,47
92,72
02,99
18,28
15,66
20,68
40,70
49,97
29,83
18,60
81,99
17,33
40,23
65,69
98,24
21,53
43,78
38,04
74,90
06,58
25,55
25,36
88,91
32,63
14,43
06,45
30,71
30,06
55,23
65,54
37,38
63,05
22,24
51,31
62,08
75,15
12,09
30,86
10,00
21,95
48,37
72,77
27,87
87,58
35,49
02,99
80,36
95,90
88,31
84,28
69,61
34,60
11,17
91,94
19,78
11,36
52,94
66,42
96,44
32,10
55,43
26,95
86,53
11,94
45,36
11,93
00,83
81,41
20,10
29,25
55,67
39,25
42,44
72,48
36,40
75,02
29,84
18,74
90,93
66,26
14,81
49,71
21,51
62,37
28,62
72,43
56,05
02,58
58,60
71,65
17,45
98,65
00,35
28,10
25,36
90,79
38,30
63,48
06,49
14,02
78,19
12,52
26,57
65,00
46,62
02,23
79,97
59,78
78,85
35,27
43,18
20,16
42,01
98,92
97,37
46,60
02,98
80,94
41,79
25,78
19,37
76,24
78,84
59,43
97,45
78,33
12,31
96,14
15,04
01,70
44,78
18,07
90,10
40,75
33,84
75,14
64,15
13,02
20,46
29,39
04,35
03,71
07,81
08,26
54,96
58,96
57,63
37,55
35,57
04,59
11,44
15,48
43,57
12,00
50,70
75,02
65,27
76,96
71,76
88,99
33,37
38,62
40,98
65,85
07,48
58,79
65,82
67,00
30,00
48,94
44,00
38,85
28,77
28,59
81,64
59,16
19,69
42,06
43,88
48,45
04,93
30,26
15,13
40,19
38,21
20,34
31,34
17,38
77,13
49,30
74,05
25,93
27,90
51,55
85,77
36,56
37,19
39,47
23,70
92,71
95,51
92,39
31,49
98,69
48,18
22,19
82,95
20,93
26,61
04,08
05,01
48,61
83,57
08,22
67,74
51,15
06,09
16,93
28,07
63,26
46,58
11,39
37,19
09,06
63,90
44,96
71,78
18,84
81,51
52,53
78,98
20,23
46,90
38,13
42,87
87,61
19,14
76,68
63,60
21,39
61,69
20,76
39,22
80,32
91,48
28,35
23,68
51,79
70,67
73,09
57,97
25,18
26,57
57,50
57,36
65,70
21,77
43,09
47,94
44,03
93,97
61,31
65,62
12,26
35,51
87,09
34,16
85,94
73,23
68,99
53,92
62,18
00,35
93,66
67,70
04,47
62,38
31,30
70,46
93,96
30,63
29,93
75,18
93,32
39,38
76,38
66,16
51,75
98,35
07,24
04,56
42,19
63,98
41,17
85,00
39,82
45,70
75,81
94,19
40,85
62,38
82,42
30,25
33,52
22,12
79,86
28,09
62,95
42,73
38,19
58,96
01,95
28,24
28,29
22,09
18,08
30,37
86,22
08,57
74,88
45,97
74,90
79,16
20,83
26,24
23,67
46,54
14,63
80,67
18,82
13,13
50,27
19,95
61,03
06,40
50,77
60,07
42,47
92,69
79,81
14,49
09,26
46,52
12,17
54,46
73,36
04,25
00,36
44,35
00,46
45,70
51,48
20,22
31,59
94,06
70,47
94,81
66,51
25,18
45,16
75,85
81,58
63,79
77,63
52,53
82,71
50,66
23,72
66,95
31,78
20,42
73,08
40,57
24,10
72,71
51,64
72,76
20,10
93,97
22,70
30,81
12,20
89,29
80,26
66,48
94,38
09,69
97,84
27,07
50,23
49,50
24,57
35,17
83,32
25,61
87,26
58,49
63,12
30,76
42,65
09,08
89,28
18,50
00,47
39,18
90,79
58,88
31,26
68,75
78,35
59,74
96,06
69,86
13,52
53,92
48,72
27,20
37,35
06,69
78,95
00,25
93,62
13,71
35,21
93,00
14,50
15,42
06,64
65,33
78,27
76,41
96,07
83,06
78,35
44,93
24,71
77,72
78,62
29,48
64,73
25,52
55,81
11,38
36,39
28,91
29,46
35,02
56,31
67,97
24,55
97,74
39,82
26,91
03,89
10,26
85,07
06,89
84,17
55,98
10,29
96,74
18,88
76,68
11,32
66,13
34,72
26,71
11,72
97,64
71,71
61,09
19,32
22,70
11,60
79,91
57,98
36,10
82,73
16,61
70,31
40,24
81,93
61,13
61,97
87,99
38,64
93,31
66,82
61,05
98,93
65,24
36,53
64,37
61,52
93,14
13,83
77,38
46,70
03,76
43,48
59,85
54,32
58,24
81,34
63,35
43,73
23,22
05,53
87,50
83,23
98,76
02,56
56,91
88,91
92,09
15,74
92,70
09,51
66,88
38,71
14,55
54,71
68,36
21,88
80,45
75,50
05,70
24,16
76,59
61,12
00,65
64,66
16,05
16,84
48,94
59,35
24,56
02,23
44,42
95,93
75,09
39,29
56,85
08,80
03,61
91,67
92,88
11,25
61,20
93,64
89,80
35,13
54,29
60,35
38,48
61,28
03,09
44,44
74,20
68,81
80,97
11,07
22,04
49,02
06,68
86,67
09,97
98,18
28,74
19,03
51,04
01,90
37,36
95,69
14,56
20,93
64,70
47,30
76,63
82,18
34,92
85,83
18,34
01,01
89,75
87,81
59,23
98,03
95,34
17,67
39,83
22,76
10,49
67,35
72,91
91,53
82,68
89,76
13,97
31,62
47,79
72,65
27,90
39,27
38,85
02,35
52,59
95,82
86,08
87,62
01,90
92,26
11,70
61,48
60,70
47,88
62,44
44,25
17,01
34,51
25,98
86,36
33,19
69,74
53,10
23,67
05,49
30,28
55,04
27,88
05,22
46,92
26,89
72,55
38,74
03,06
74,28
92,87
40,16
96,07
51,72
15,74
28,02
62,58
04,70
74,28
70,10
41,76
82,13
66,75
10,99
65,59
73,14
87,36
22,18
98,29
64,62
92,65
83,98
83,09
60,98
85,74
95,17
87,01
33,14
67,36
54,61
08,29
96,49
10,79
85,26
88,38
89,93
15,45
03,18
28,55
27,00
76,62
50,81
07,75
92,80
49,91
94,92
46,85
75,57
24,84
76,59
13,57
82,38
43,50
89,02
23,90
66,01
68,74
90,76
69,49
32,85
81,70
05,06
68,61
69,15
34,51
19,58
73,72
09,42
98,27
66,25
20,67
01,95
62,81
94,72
64,38
58,41
89,07
43,59
75,55
91,74
21,67
63,49
73,84
71,65
47,51
30,85
66,91
83,66
53,55
37,47
31,36
89,70
76,86
51,96
95,54
44,23
51,11
96,33
39,25
48,07
70,28
85,36
70,08
94,38
38,98
45,83
85,71
74,31
57,33
35,15
07,28
93,61
97,51
60,33
63,84
92,79
63,23
95,31
92,49
23,99
73,44
94,12
01,48
92,56
35,22
96,23
21,60
66,10
39,83
29,67
35,02
62,46
18,76
12,23
40,77
76,40
17,78
80,43
81,23
08,51
98,38
71,10
86,45
81,26
70,71
00,79
76,76
97,18
38,48
20,55
85,78
61,82
26,29
36,41
95,81
03,07
69,41
02,15
47,15
01,58
85,28
38,95
77,31
29,17
31,49
63,26
80,61
05,07
37,80
24,95
06,39
58,64
54,97
15,06
17,46
24,12
78,92
38,40
34,04
44,85
38,02
82,44
06,07
39,77
03,46
72,23
43,41
29,00
61,14
44,56
20,88
87,54
19,47
36,74
76,89
75,77
39,84
34,38
08,13
33,73
09,76
84,74
93,00
46,65
11,24
52,31
40,67
25,13
35,43
43,93
21,97
46,89
00,04
25,81
76,98
84,00
49,27
97,70
24,15
30,37
17,93
93,73
33,22
18,39
78,54
29,51
88,85
41,68
82,61
26,58
10,99
50,22
82,45
13,41
16,36
25,31
67,69
85,02
53,08
14,49
01,35
18,45
58,91
37,64
12,35
00,42
12,30
56,69
44,37
66,99
46,17
39,25
58,50
13,02
44,37
38,27
00,25
48,16
92,35
53,64
00,63
08,27
82,30
32,65
43,41
89,05
67,03
18,41
42,00
43,32
40,80
62,23
87,43
36,23
85,37
65,58
19,40
36,61
48,68
23,31
09,79
89,82
41,14
12,40
26,86
81,24
32,13
77,95
27,26
04,24
91,96
37,01
47,11
95,37
75,55
34,10
31,32
36,13
70,54
82,76
85,53
23,01
41,22
22,56
83,70
14,34
77,80
14,98
48,91
40,83
22,95
51,65
39,72
58,85
83,25
04,60
22,28
53,83
65,48
05,59
54,07
65,93
45,88
43,83
37,69
64,14
81,45
92,99
85,27
51,21
14,65
97,87
37,62
52,14
30,99
93,91
04,84
02,03
88,13
45,31
67,41
13,79
58,29
35,51
61,08
93,61
38,89
69,71
62,92
30,75
06,90
01,09
85,81
68,81
16,84
11,56
10,31
76,73
37,40
69,15
15,60
71,30
08,52
75,45
91,58
80,23
36,67
17,75
66,30
98,80
11,05
65,42
58,40
95,43
87,12
38,27
13,83
19,43
33,18
87,61
71,22
62,09
31,44
64,38
28,72
40,29
50,75
41,65
18,79
45,56
54,75
98,80
91,67
57,11
68,53
97,64
00,52
91,29
72,25
84,16
91,16
01,31
69,06
24,44
26,34
40,64
91,73
67,09
56,04
58,87
50,17
11,68
82,06
75,50
81,53
43,27
00,39
55,91
80,16
09,82
50,16
12,34
77,81
84,06
71,19
03,94
27,89
81,96
89,81
43,65
02,29
83,13
30,77
59,97
35,28
29,42
25,38
06,70
72,67
69,96
01,68
63,10
52,83
42,26
79,65
26,32
39,60
82,20
70,74
21,29
50,38
92,07
65,78
56,97
62,64
98,44
36,52
76,33
65,01
66,04
17,44
32,39
23,87
62,66
15,10
83,29
64,94
91,77
14,77
78,50
41,87
56,39
70,16
54,93
28,78
32,64
57,21
72,47
24,33
06,66
27,83
72,88
70,42
28,50
67,13
33,08
81,53
24,89
67,50
74,54
68,59
22,08
33,95
80,66
84,32
22,52
31,86
48,02
66,76
96,40
36,14
16,47
40,54
45,00
76,71
04,59
60,76
08,99
02,35
81,09
18,81
19,37
59,27
13,44
93,65
94,81
87,45
21,34
56,27
10,71
38,20
14,67
17,48
92,11
89,28
54,71
16,67
28,87
26,40
41,99
88,88
92,63
19,40
19,33
82,80
35,68
33,34
26,30
25,87
21,92
06,20
50,96
18,28
35,26
72,51
59,26
19,25
19,60
10,04
15,60
11,16
56,16
32,31
40,63
88,28
55,90
53,27
98,63
95,80
56,55
26,29
33,74
36,75
15,86
09,52
26,50
25,08
06,66
81,72
05,56
12,56
22,83
01,38
64,61
04,77
31,09
29,86
28,21
16,30
05,41
05,35
29,68
53,77
23,86
90,36
63,78
94,69
11,75
59,93
04,86
35,44
54,15
92,72
62,85
09,63
27,95
21,93
35,34
54,22
35,23
54,70
43,20
69,32
62,01
19,55
67,23
45,37
23,98
11,16
37,41
80,79
91,50
02,87
30,96
83,45
68,91
80,61
21,37
40,64
91,92
84,48
94,50
88,83
33,83
98,60
59,11
67,87
90,43
21,76
47,09
12,39
47,27
52,66
33,20
77,21
16,49
77,93
66,31
19,35
74,51
04,36
37,74
13,22
36,37
78,64
96,71
19,61
04,76
89,78
60,73
05,11
04,83
40,12
43,28
95,20
86,86
26,44
82,32
24,97
57,37
26,84
37,57
33,73
86,46
54,50
57,20
43,03
35,61
90,33
59,03
62,95
17,73
17,69
66,08
15,04
17,05
75,66
01,17
54,70
79,86
46,44
55,16
51,74
87,10
97,55
09,39
35,95
27,97
92,98
91,95
56,38
90,03
37,36
51,66
17,70
14,34
48,50
11,84
21,39
21,41
01,17
83,44
48,96
10,82
18,73
27,32
22,81
66,17
40,94
15,39
40,99
95,98
62,22
35,63
64,24
04,22
39,27
03,91
21,60
54,39
07,53
38,45
46,02
07,31
89,33
25,47
18,25
26,99
88,88
52,78
61,32
24,71
43,02
96,28
81,05
16,53
96,08
95,04
57,15
28,69
93,33
48,81
90,06
36,43
05,75
53,20
02,40
50,03
24,57
78,18
06,49
43,70
37,13
78,44
46,59
46,89
35,87
29,33
63,69
08,62
80,08
73,53
78,86
71,92
29,09
73,68
22,85
04,37
51,90
48,07
02,35
38,47
19,15
03,58
09,09
25,85
91,29
66,21
84,01
94,94
92,34
40,74
23,24
64,34
17,39
22,49
71,60
67,11
46,08
40,49
01,31
97,75
80,82
00,96
51,22
16,72
56,33
37,55
41,75
77,57
09,16
17,65
04,83
29,52
80,50
54,64
48,87
17,90
07,22
50,15
01,47
43,93
84,57
90,13
45,92
19,98
71,11
94,78
11,17
60,70
39,81
37,56
59,80
90,23
38,93
16,63
37,80
10,30
45,35
07,70
88,50
30,74
53,61
71,48
05,30
64,09
66,35
63,57
92,53
02,59
49,21
33,41
44,10
22,23
89,64
86,41
76,02
11,54
64,67
34,46
67,56
00,09
38,12
20,71
50,38
55,04
45,88
10,84
27,87
06,55
97,06
77,76
94,52
21,34
98,53
20,44
87,66
91,40
51,37
07,16
57,07
40,45
01,13
58,64
67,27
90,83
19,36
35,43
55,15
31,06
79,15
03,74
27,50
04,68
43,46
56,68
77,66
83,73
22,13
51,41
11,12
83,85
82,09
20,80
94,96
77,85
71,24
42,05
60,68
28,19
90,56
34,72
22,61
24,37
20,76
69,98
70,26
85,66
02,72
03,83
00,48
76,21
15,17
35,79
44,15
37,65
43,68
51,41
87,28
64,69
21,12
85,25
72,82
98,70
46,93
08,73
79,55
28,72
25,34
41,74
54,42
62,03
37,54
55,21
89,44
60,28
65,18
22,93
06,85
75,61
12,42
58,84
65,93
91,63
14,54
02,29
58,00
23,68
40,72
42,55
32,33
76,20
63,15
60,65
18,85
57,04
50,82
69,45
66,15
50,05
79,69
28,83
52,40
88,32
80,67
42,03
61,72
80,45
34,03
19,07
16,68
53,20
11,17
34,76
34,14
33,99
15,62
01,86
34,33
90,35
05,06
21,65
64,45
12,11
92,89
74,33
15,39
15,36
27,44
63,74
01,09
50,04
85,17
22,25
42,48
63,08
16,87
65,61
47,04
75,71
36,35
69,46
87,36
46,10
23,69
17,25
21,15
60,83
26,43
80,14
27,52
42,27
52,95
78,11
56,73
24,39
60,71
48,23
65,43
06,56
67,25
82,92
80,25
68,19
09,18
80,05
93,59
83,52
35,23
53,74
90,65
55,23
88,33
80,83
38,32
55,33
35,50
60,36
17,85
51,09
26,54
73,64
72,12
48,03
54,39
72,89
42,35
00,37
28,72
25,08
05,00
89,50
31,70
79,19
05,84
06,21
47,86
56,63
61,09
97,26
40,32
71,67
32,49
31,25
33,73
64,48
24,42
18,21
15,44
27,29
50,21
41,43
91,69
72,39
98,61
64,84
57,82
29,97
83,95
54,74
04,58
92,70
19,12
27,41
83,11
15,86
50,03
76,75
70,12
77,72
09,98
32,43
89,30
32,92
81,95
28,37
83,02
73,00
74,28
93,13
61,96
49,87
67,16
93,32
48,13
16,26
71,97
79,91
46,59
57,55
68,77
56,33
97,11
36,03
93,55
79,95
51,29
42,16
64,22
88,81
76,34
50,11
68,77
51,40
61,76
28,87
31,36
18,72
90,37
62,63
49,42
77,98
79,12
22,91
51,35
85,85
42,77
09,10
55,95
79,67
17,16
96,03
23,56
70,55
03,49
03,93
85,28
38,04
13,01
98,92
97,17
44,93
87,94
87,18
11,19
37,36
47,31
89,08
78,27
79,86
43,30
77,49
24,09
41,38
71,40
14,13
55,59
28,26
49,04
63,60
05,10
43,63
82,10
86,67
58,18
34,71
06,42
12,76
15,74
65,51
05,08
43,98
47,78
70,15
61,52
68,09
50,60
95,57
64,88
65,38
88,46
82,33
82,13
62,50
95,90
87,68
67,19
06,00
66,01
01,31
90,53
68,88
76,60
62,06
03,78
66,07
37,02
51,99
15,89
68,64
91,77
80,40
59,30
00,30
35,66
68,70
25,95
13,76
75,14
89,41
04,89
35,73
71,70
95,13
49,14
97,01
23,13
47,64
67,10
58,21
88,05
24,30
93,30
79,88
75,79
82,40
39,81
87,41
67,09
17,21
21,72
17,53
58,38
52,07
64,09
35,87
04,50
98,41
46,07
91,68
95,65
92,16
90,98
39,72
88,25
23,77
52,52
59,28
74,88
84,94
16,96
98,96
59,15
45,90
60,07
37,48
15,44
76,41
31,32
67,33
20,97
59,29
75,88
14,03
61,22
26,05
46,89
66,36
43,08
76,94
13,18
51,31
25,33
71,54
79,72
37,01
81,12
65,17
65,06
08,63
24,90
40,36
03,61
37,99
83,16
58,74
71,06
08,31
06,81
34,08
00,86
53,72
74,38
18,56
02,56
24,89
48,81
74,64
85,33
79,51
38,15
07,70
54,32
70,37
78,21
93,98
68,84
88,31
30,11
98,30
42,55
97,33
51,20
87,80
79,44
03,31
95,60
40,67
12,61
53,41
76,43
81,29
82,14
23,11
80,61
37,73
23,98
50,36
90,48
74,25
45,11
87,25
44,98
32,54
75,21
41,82
04,24
58,67
43,39
66,27
31,53
89,56
67,00
12,37
76,40
28,95
12,63
08,75
48,57
19,90
23,54
22,58
07,68
28,24
78,49
98,92
58,64
88,65
24,92
73,23
26,17
02,49
35,66
03,63
88,65
14,18
21,07
73,58
32,24
50,34
40,53
84,05
06,75
27,88
19,54
25,76
23,86
97,82
52,20
42,24
21,44
65,74
75,29
66,50
98,02
31,58
36,08
02,37
13,02
18,82
30,05
32,58
31,85
62,05
98,53
42,44
89,21
34,43
63,03
23,02
55,60
23,79
42,19
57,66
29,42
82,62
70,15
89,82
98,49
07,91
34,79
79,79
59,32
07,21
71,78
84,56
60,08
93,32
49,88
13,25
75,53
18,62
12,96
20,40
21,79
37,25
19,58
50,61
09,39
26,12
17,45
46,24
30,65
08,17
90,32
84,99
83,51
93,20
04,02
46,03
03,39
04,20
01,18
25,28
36,27
67,36
73,04
88,52
26,43
79,52
94,38
74,30
77,52
24,35
27,03
07,84
65,50
61,41
56,83
54,36
27,28
23,76
76,86
82,99
03,84
39,04
31,03
57,72
44,08
73,47
57,81
56,74
62,18
58,88
45,57
70,99
38,21
37,30
48,57
95,82
94,15
60,65
77,03
09,50
38,09
36,94
63,92
91,31
37,51
22,95
10,15
38,09
40,58
43,03
80,75
59,44
64,66
16,09
75,43
89,83
78,74
47,84
97,53
71,57
89,15
81,83
90,58
92,84
77,64
59,05
51,44
47,75
92,06
82,82
15,48
63,96
82,98
69,49
35,91
70,20
83,80
85,25
97,64
45,00
86,69
83,92
98,03
16,68
26,33
80,78
98,22
79,98
83,98
11,16
09,23
11,61
66,04
56,79
83,08
60,43
31,10
47,08
21,21
49,26
65,85
62,60
41,54
82,63
91,15
20,51
79,95
39,51
24,05
43,19
74,79
05,52
94,58
59,72
44,29
65,95
22,16
28,51
49,98
90,57
37,11
12,32
15,46
77,33
51,72
04,39
16,65
75,81
96,33
25,66
07,51
39,61
94,79
03,76
33,88
00,81
59,21
66,90
94,46
17,10
65,63
90,57
61,37
85,44
57,29
47,67
16,79
71,61
37,78
32,74
97,33
58,57
76,07
64,70
26,43
91,26
17,48
68,87
77,92
40,97
86,26
94,87
22,42
81,69
34,31
40,63
67,51
62,30
94,58
91,75
92,92
90,78
57,32
28,16
07,10
68,81
31,29
69,43
60,22
51,89
62,01
07,73
94,74
26,11
09,95
81,22
05,95
53,40
04,20
35,50
25,56
43,15
34,71
25,47
16,61
82,19
75,32
11,28
95,98
72,37
37,29
27,79
87,15
95,07
54,77
80,56
73,05
52,54
61,57
94,25
56,17
10,37
64,57
85,07
71,08
98,78
42,18
32,24
65,09
28,44
07,15
60,84
79,07
71,83
34,77
66,44
78,16
31,43
41,17
45,43
54,36
61,49
96,72
27,70
94,34
05,76
19,77
54,80
47,76
76,87
32,44
66,90
33,41
89,25
97,44
26,02
48,02
32,78
33,64
29,23
85,66
57,62
83,60
41,72
50,27
57,51
03,09
94,30
62,25
69,94
95,54
88,08
85,93
82,77
27,90
65,06
69,94
62,22
39,21
08,66
75,20
77,44
38,09
59,41
07,84
54,28
25,10
44,45
81,10
34,68
77,31
37,09
61,34
95,46
89,23
97,94
83,65
34,23
62,78
74,17
37,46
84,89
88,91
41,97
01,67
34,14
15,68
55,13
63,13
23,47
73,78
52,82
21,35
60,24
84,96
51,45
45,26
91,55
71,36
70,72
28,54
02,03
08,90
07,32
67,67
70,14
33,16
89,74
35,32
29,82
60,09
50,59
63,94
24,16
18,88
33,69
51,45
00,35
98,64
00,34
01,18
32,93
28,50
78,66
53,66
04,22
16,75
32,57
51,89
44,94
05,12
30,17
37,85
75,69
31,01
35,85
58,65
67,71
61,83
51,04
64,84
79,93
95,90
64,09
95,28
37,20
20,21
11,62
37,03
25,66
13,69
61,58
92,49
22,99
45,93
05,87
57,17
85,69
58,32
30,12
84,57
64,38
33,71
47,37
67,19
28,93
75,18
50,74
84,28
46,01
71,65
53,39
63,72
68,83
91,91
92,49
04,07
46,66
82,62
61,59
33,72
10,28
55,46
60,14
66,40
35,34
32,13
54,81
65,42
36,46
97,19
62,91
91,78
90,83
38,10
81,23
25,42
67,21
79,68
19,50
37,65
68,33
39,29
94,73
98,69
89,87
74,56
16,98
28,34
37,76
90,29
54,26
47,90
27,59
79,44
93,52
21,75
70,99
98,40
53,59
23,11
11,76
78,89
20,71
75,36
59,03
20,79
79,73
35,96
68,83
93,97
82,22
20,91
66,83
79,82
12,81
87,75
38,78
87,76
08,95
54,67
75,35
84,23
10,29
95,18
72,11
14,90
86,90
13,18
64,06
37,79
56,92
68,49
96,84
31,06
63,40
79,06
25,95
83,53
60,46
32,38
38,18
11,99
16,47
42,96
26,74
34,55
17,44
94,95
23,71
31,32
50,51
15,00
48,84
54,25
94,30
06,41
30,17
06,45
62,40
58,21
78,36
14,30
98,71
48,51
36,42
13,25
54,92
03,73
27,08
33,65
17,93
71,73
88,92
23,16
13,94
38,88
96,27
73,64
59,46
55,87
07,95
19,14
73,84
11,34
35,79
52,78
39,44
50,37
71,40
85,50
37,10
70,01
33,66
88,83
68,41
48,72
77,75
91,47
11,96
41,33
56,35
05,30
53,58
78,65
55,70
98,15
95,78
13,08
28,29
36,46
16,48
22,95
71,49
69,21
26,27
69,06
96,23
36,41
81,87
96,25
74,93
64,37
44,76
12,99
50,77
66,98
08,14
56,94
56,61
40,55
82,41
44,69
70,95
16,36
35,56
10,16
21,83
93,37
47,75
09,29
32,73
83,68
02,31
39,48
04,26
16,23
59,03
14,05
91,83
29,19
38,89
87,84
70,31
49,14
83,35
83,10
29,32
64,49
38,47
47,65
91,86
61,21
53,53
10,99
20,76
45,06
75,29
45,30
79,58
78,27
73,10
06,19
69,79
87,16
08,21
38,41
13,16
43,11
47,90
67,61
24,74
13,67
94,86
47,50
10,28
86,35
87,31
21,86
42,32
08,44
12,07
91,13
17,89
36,86
72,92
95,02
01,58
32,43
38,73
07,47
16,24
93,31
84,17
35,87
58,86
34,50
63,85
62,83
67,85
49,17
29,45
80,00
05,19
44,67
27,83
05,89
63,17
32,34
23,51
39,22
62,43
54,31
83,07
91,38
29,73
03,21
08,16
53,15
37,16
08,49
72,40
98,45
14,99
31,75
08,83
30,01
13,18
62,43
27,05
16,31
63,22
33,07
68,18
75,90
45,88
90,84
44,99
55,44
39,13
41,40
12,05
78,08
10,05
37,62
14,09
43,74
65,97
48,53
19,33
98,10
83,92
45,11
65,20
73,33
93,45
41,13
22,53
86,80
01,25
19,91
91,23
31,84
06,72
05,50
49,26
32,45
79,05
98,96
58,82
32,53
29,10
88,66
75,73
93,60
24,12
39,47
92,14
20,35
08,38
40,79
67,11
95,43
60,42
35,73
25,89
24,05
62,02
58,56
13,23
69,65
34,04
45,98
30,63
73,71
32,30
25,65
90,13
78,17
97,39
82,98
76,98
16,46
78,46
12,70
13,34
60,27
64,63
85,75
89,22
81,24
05,34
72,47
39,79
71,77
00,61
93,73
89,45
98,72
01,98
63,72
61,03
22,57
75,92
83,37
54,32
58,94
43,27
64,40
85,85
23,56
22,63
39,78
22,98
61,21
83,57
77,99
89,60
03,71
34,95
69,11
29,61
12,27
27,94
39,08
03,93
54,83
33,83
84,66
53,02
47,76
75,29
59,62
51,51
16,43
80,28
10,84
01,88
03,62
72,74
90,27
71,09
05,49
93,89
87,76
76,58
50,84
09,91
76,96
66,99
57,23
27,88
91,71
91,06
77,76
44,88
34,57
83,81
37,15
92,53
74,08
25,79
81,71
62,18
78,11
06,89
19,81
50,00
97,32
48,87
94,91
74,93
81,11
13,02
67,27
92,82
36,09
48,97
74,76
36,06
40,94
44,20
48,13
02,42
40,69
35,52
15,89
24,16
78,31
68,59
63,58
40,75
08,28
14,42
70,81
12,51
12,15
45,89
91,75
23,62
94,71
51,08
94,82
38,19
60,55
24,81
60,59
78,43
67,79
69,66
35,64
29,39
84,77
32,40
98,79
79,38
79,39
50,86
38,89
58,42
65,00
34,31
46,51
25,40
13,70
28,44
56,36
30,81
66,79
71,39
05,15
86,27
38,53
02,50
55,74
23,74
60,23
10,01
67,09
57,73
61,48
11,17
74,16
36,56
78,17
51,23
64,41
69,61
74,33
33,11
75,88
20,09
36,17
00,52
01,93
60,18
28,05
12,19
93,80
86,13
46,97
76,74
82,94
09,30
83,26
23,02
70,71
31,22
07,69
24,56
52,75
77,08
26,96
27,38
28,49
06,68
34,92
51,58
84,66
17,10
36,96
81,63
30,58
33,33
80,56
07,77
13,09
30,38
50,28
98,64
21,55
44,62
56,02
80,97
79,05
03,77
65,44
73,91
48,46
86,94
35,10
69,64
41,99
41,31
70,49
27,74
07,44
34,26
31,70
61,07
70,89
73,75
95,14
28,92
63,66
79,61
61,16
21,76
21,07
19,33
19,21
95,96
46,58
23,88
30,91
88,61
64,07
13,58
81,51
94,04
08,16
59,90
20,74
08,21
19,58
52,58
87,82
67,18
97,50
32,97
52,77
57,30
10,26
02,94
93,33
84,22
08,95
24,16
60,03
60,30
