83,13
73,11
23,47
01,01
67,35
94,45
29,45
60,34
70,02
27,83
06,69
92,11
64,33
18,51
17,55
55,34
83,22
66,51
27,81
77,93
34,43
00,86
29,29
37,92
50,19
13,53
28,85
00,35
83,37
60,13
73,91
14,88
39,01
85,72
19,02
33,77
28,72
55,94
82,59
47,23
97,35
55,14
60,77
22,01
95,52
18,06
29,68
57,49
90,22
48,59
63,04
74,48
16,34
05,77
26,85
77,85
16,78
14,63
16,40
50,10
96,80
05,40
47,28
66,82
23,53
60,92
42,32
39,57
11,88
02,37
50,34
31,47
49,50
29,02
49,74
20,74
32,57
92,02
15,48
28,25
53,55
64,06
04,83
55,15
02,50
23,30
12,51
37,05
16,74
01,89
62,45
42,13
21,92
69,14
64,12
24,07
26,29
73,68
30,79
51,99
88,87
92,74
76,57
39,39
79,80
07,93
41,11
07,12
31,62
40,44
39,86
21,75
64,66
69,50
62,71
79,07
01,61
66,82
30,68
96,48
95,70
76,06
85,41
26,02
39,42
08,02
71,20
98,85
32,69
80,15
45,17
76,06
22,71
22,67
20,25
49,26
93,17
93,56
77,83
46,23
42,91
86,77
94,50
64,95
45,68
17,95
27,82
45,35
94,30
13,50
67,91
98,23
37,43
78,76
34,45
93,99
62,64
10,69
73,26
15,30
95,98
05,91
83,23
79,03
35,50
31,51
14,65
59,38
22,36
79,79
97,14
98,91
90,00
59,63
69,39
83,47
31,87
58,55
88,92
92,30
25,61
29,84
30,50
22,06
48,41
45,80
18,81
43,78
29,18
89,91
17,83
36,68
37,98
57,01
17,20
05,97
17,32
53,23
61,46
82,06
29,90
17,37
72,22
93,00
78,92
84,39
46,02
50,19
82,77
67,94
89,25
31,33
10,31
31,88
43,96
90,71
81,14
91,27
65,74
56,33
19,41
93,47
01,86
37,33
65,63
65,73
50,98
18,07
46,85
79,96
45,55
63,22
41,82
11,43
79,62
19,33
27,91
12,45
21,40
59,61
20,06
97,42
95,11
92,67
77,81
61,23
84,14
08,93
73,28
19,36
02,33
12,08
03,59
36,89
08,08
84,42
26,30
49,08
14,08
62,72
45,69
55,42
71,49
24,86
98,10
43,65
94,33
52,53
25,01
63,30
52,74
30,91
81,25
52,80
98,15
12,81
35,97
91,75
29,19
09,23
13,46
49,97
54,95
20,18
09,86
64,84
62,08
54,38
73,76
00,10
66,33
62,31
51,55
90,03
32,90
34,17
34,91
17,20
07,69
03,45
12,35
06,32
30,96
29,85
14,10
92,09
39,49
27,68
53,54
59,08
33,18
41,45
31,87
83,99
87,59
81,29
19,87
41,28
18,17
66,17
71,99
00,87
41,31
28,79
21,07
07,71
97,43
98,45
82,55
24,48
66,06
83,50
90,23
50,32
72,94
21,31
76,69
57,85
56,48
09,61
79,46
13,87
33,54
76,04
20,61
82,45
52,79
72,28
87,24
55,45
63,00
48,21
13,70
63,25
02,58
05,02
53,46
06,55
28,59
84,79
03,19
45,58
47,14
10,57
53,89
74,85
47,44
42,70
82,43
23,40
61,34
14,98
78,81
02,75
75,24
36,07
70,75
74,28
71,48
52,54
84,76
61,49
55,92
23,13
67,60
93,43
32,57
30,79
44,86
57,18
17,27
60,46
35,28
67,46
45,16
20,85
44,13
74,24
16,88
05,99
53,60
71,63
37,43
64,71
95,57
73,09
65,69
51,04
43,23
89,94
42,40
01,16
70,28
37,87
82,04
21,23
56,45
79,19
46,36
34,67
60,49
18,82
53,06
64,06
80,85
29,89
92,75
24,30
34,53
32,43
10,81
19,61
08,86
98,70
63,37
48,40
43,14
05,46
49,40
42,41
55,36
20,74
68,47
73,78
83,42
72,60
40,12
18,70
48,81
04,92
26,05
47,56
38,46
77,21
13,26
00,48
06,38
93,22
05,56
71,91
36,60
20,46
22,12
42,00
72,30
38,42
64,82
49,33
14,55
60,89
12,42
26,87
02,25
96,89
16,70
92,23
65,99
77,12
47,20
98,60
84,56
88,39
82,00
45,01
13,47
19,17
73,71
55,47
67,59
39,77
43,68
55,68
32,52
21,83
28,03
55,01
13,42
12,38
86,08
01,08
23,46
69,87
08,49
48,38
92,83
04,40
93,00
48,92
05,19
19,98
75,88
42,57
24,21
52,25
43,79
12,27
68,10
17,01
55,27
46,15
71,86
86,08
13,74
27,44
31,74
79,53
35,84
63,95
98,74
09,88
91,41
62,04
66,93
31,02
12,95
35,96
24,72
06,57
55,69
41,92
02,54
86,30
12,49
36,31
16,90
04,32
65,87
34,14
11,99
51,59
82,19
83,09
50,45
36,85
78,80
47,26
53,24
71,81
54,38
23,47
87,22
87,53
88,08
24,56
14,88
41,69
98,44
82,24
64,84
11,42
37,76
36,89
70,53
69,88
36,93
13,80
03,18
55,60
70,05
13,51
75,68
53,24
77,10
69,26
64,49
47,64
09,02
56,79
33,65
07,77
90,25
85,12
32,39
98,66
76,24
35,88
19,37
55,06
41,28
53,70
75,69
49,66
07,87
49,70
53,09
77,18
37,25
16,27
34,55
62,06
04,69
08,66
45,23
67,32
72,79
15,68
35,64
26,33
41,00
74,18
57,01
50,66
69,79
77,74
20,28
41,47
23,44
56,85
57,58
58,27
41,65
17,73
51,48
84,65
48,11
56,77
65,77
67,98
39,03
80,93
23,71
84,11
29,63
01,37
05,61
48,61
53,82
84,83
96,63
49,33
78,96
17,92
15,33
70,89
82,84
02,52
31,03
35,92
61,99
38,38
93,54
77,04
82,52
01,44
84,98
44,85
62,52
29,23
69,65
14,80
65,47
55,43
14,64
78,92
32,92
85,69
19,80
76,42
20,74
64,81
75,40
10,54
09,58
50,28
85,94
15,87
57,19
57,88
23,36
28,38
18,02
23,58
66,64
07,21
06,30
72,15
62,07
79,25
05,35
90,81
64,03
87,06
22,26
31,08
81,29
13,39
63,23
87,56
30,68
00,45
79,16
56,22
93,11
87,04
41,67
54,58
45,49
07,53
51,82
95,02
43,63
16,01
54,32
76,73
03,90
64,99
12,27
46,69
74,10
45,41
35,07
07,44
06,88
68,03
03,16
08,84
53,19
01,96
94,09
01,04
84,62
02,39
58,57
94,88
97,84
41,58
80,54
28,19
93,80
68,65
79,87
88,33
62,84
97,91
50,87
39,01
57,90
73,92
89,72
17,43
62,99
12,29
00,12
87,63
57,01
83,51
26,38
85,02
57,68
73,13
10,78
53,48
84,89
93,31
46,83
96,20
17,04
34,72
18,15
05,31
19,39
71,89
55,39
36,42
36,18
56,00
00,21
01,85
74,60
63,61
69,92
12,10
85,06
94,83
38,44
28,61
48,99
68,23
92,67
67,77
96,95
59,69
18,11
03,24
64,73
31,74
58,49
22,32
33,78
75,87
47,99
04,43
72,83
10,58
61,79
86,01
86,53
49,71
31,50
13,20
76,78
02,23
98,72
74,27
05,58
16,31
13,71
64,21
81,87
49,01
70,19
09,28
45,81
08,76
82,78
46,33
89,27
58,57
24,83
74,06
95,67
92,93
14,69
00,61
82,73
96,31
51,12
86,53
19,53
48,31
63,31
06,44
79,30
48,78
45,03
71,67
10,19
81,38
65,39
58,48
43,55
56,75
00,07
69,78
70,24
22,56
93,66
64,67
83,13
72,62
06,65
16,57
42,61
26,78
75,44
21,48
81,61
89,18
62,98
60,44
51,53
80,10
75,26
51,07
28,12
38,01
22,93
24,20
51,92
94,93
94,42
10,06
51,05
63,05
30,84
10,24
80,63
24,94
46,68
87,20
78,77
19,03
35,84
14,72
56,22
49,48
00,12
70,00
65,42
38,88
72,30
05,32
77,24
11,28
08,27
34,15
61,01
79,21
47,65
60,74
16,05
87,69
65,83
86,33
24,34
40,63
80,47
95,85
01,82
47,62
56,53
82,65
93,65
05,37
80,60
08,27
45,09
15,22
80,17
71,92
74,88
60,49
59,80
17,77
51,08
42,61
85,69
59,50
01,07
90,70
13,17
04,67
08,71
76,48
38,90
88,27
77,12
48,56
18,23
44,23
67,90
46,24
96,15
74,15
32,06
46,49
35,55
02,79
44,73
25,01
82,24
46,10
04,49
36,01
08,24
45,96
96,42
42,79
70,10
79,62
62,94
52,02
90,68
73,15
76,20
47,38
24,22
29,10
41,19
45,11
69,34
77,42
52,70
38,10
57,91
80,51
07,77
32,14
33,50
88,30
48,27
26,19
08,56
02,46
30,40
33,68
22,37
62,96
45,39
94,60
29,86
47,41
98,86
82,98
62,75
17,16
48,10
62,52
63,48
44,63
05,65
22,49
56,28
18,60
10,08
66,69
37,53
82,32
97,39
16,35
88,99
86,68
59,93
30,57
90,11
62,77
72,91
59,03
77,68
66,91
92,60
75,82
41,50
92,58
57,35
52,33
68,21
68,30
98,09
94,65
36,89
31,44
88,84
67,25
50,91
96,55
48,98
91,97
48,81
12,73
19,49
36,49
63,59
15,86
74,25
60,43
12,45
12,10
75,80
28,66
90,87
06,80
87,49
56,84
15,70
29,87
70,73
03,30
84,86
29,29
42,55
84,51
89,53
02,71
37,00
49,43
61,33
91,86
34,16
04,38
60,07
70,03
26,46
56,20
51,91
83,70
80,03
20,21
47,41
63,15
13,40
65,81
15,07
30,08
39,52
30,08
43,21
79,96
72,37
09,83
30,86
72,28
49,89
22,85
92,34
72,85
35,75
29,54
40,46
91,94
04,75
59,60
55,34
64,98
39,15
31,95
00,44
13,63
89,07
87,99
31,46
61,17
21,39
28,64
58,86
62,03
54,05
60,12
72,35
31,20
32,69
57,52
88,89
76,87
87,65
57,33
18,83
70,93
61,22
96,17
18,45
82,72
23,50
51,07
21,32
79,85
93,22
04,43
44,06
78,13
90,61
42,63
51,82
00,79
57,35
53,31
38,96
03,84
95,01
62,58
07,36
09,99
21,88
48,42
65,10
81,92
87,34
30,07
49,65
69,75
48,00
30,48
61,72
60,10
50,86
91,28
58,09
63,25
18,27
16,65
75,34
77,81
30,55
01,81
68,37
72,46
81,06
32,75
44,70
54,45
69,28
03,81
29,50
88,03
00,42
28,47
59,76
69,04
35,00
29,96
08,84
48,72
81,84
84,31
58,84
67,21
41,68
31,75
19,51
43,70
32,73
56,81
31,60
28,37
13,44
95,69
55,28
40,74
61,58
11,22
38,30
67,17
34,85
26,23
51,81
13,24
30,32
43,77
73,65
67,91
86,57
78,78
12,80
76,55
23,07
01,17
26,14
58,38
66,82
95,86
69,47
70,93
76,43
25,90
08,65
80,22
34,15
66,35
68,41
33,28
09,05
09,62
73,81
20,00
37,73
04,50
89,75
54,44
16,11
21,56
35,29
00,00
14,99
40,00
55,11
23,55
45,77
41,86
42,07
84,80
63,34
51,29
74,81
82,96
59,01
27,08
03,40
66,94
31,35
80,05
40,42
67,62
31,25
73,51
45,84
15,73
72,57
17,42
62,49
88,79
64,56
71,95
50,78
76,88
67,99
47,37
11,99
90,80
13,73
54,92
08,30
10,09
05,61
90,34
13,03
94,91
34,06
85,78
77,10
68,40
64,74
79,14
95,67
97,61
18,88
48,96
57,06
09,83
68,12
52,57
14,96
01,01
77,25
22,39
84,53
96,70
68,73
67,27
68,60
77,04
69,11
56,81
29,55
42,44
02,02
51,95
08,74
16,56
01,91
92,56
48,42
08,67
22,02
49,78
97,85
84,74
48,66
76,05
18,41
57,97
95,33
32,66
67,73
08,29
60,73
65,95
60,66
36,52
26,09
79,77
81,02
56,25
57,86
44,81
26,22
04,62
20,55
54,45
97,84
88,68
34,33
67,73
03,19
70,71
43,56
17,41
14,39
94,11
19,11
18,20
66,11
93,44
06,25
64,76
94,54
19,96
65,56
48,29
88,13
37,83
76,81
86,46
52,03
90,08
68,97
32,75
64,76
14,69
35,02
64,08
16,50
57,06
27,87
54,72
37,01
46,75
80,90
66,92
08,53
19,19
04,11
05,21
13,33
26,20
87,72
21,11
18,64
12,01
51,05
66,37
17,71
55,64
56,29
44,05
37,61
63,94
08,31
12,34
19,73
03,47
97,13
82,26
04,81
54,38
75,98
38,16
22,48
00,43
73,95
90,65
61,31
24,30
37,23
11,05
14,75
64,75
56,75
35,82
34,85
30,19
71,76
02,98
13,62
38,00
84,21
20,68
78,21
42,90
88,38
38,45
52,68
48,79
37,22
60,61
51,29
21,74
73,87
84,80
94,29
62,79
53,98
56,07
14,10
21,92
19,76
50,42
67,70
72,71
60,67
36,23
64,41
20,01
92,72
75,94
60,95
31,29
85,82
80,00
55,75
58,30
55,72
41,96
26,76
41,41
80,82
38,73
53,03
45,98
41,15
14,04
69,98
54,83
73,28
01,24
32,06
65,60
49,52
04,07
33,23
39,18
19,03
91,06
26,53
77,41
27,45
26,12
91,83
13,27
31,08
91,04
70,39
18,15
27,09
63,47
35,07
68,79
04,93
09,71
00,68
28,73
73,19
83,38
83,48
25,99
60,67
55,03
03,23
74,83
81,44
62,81
77,76
78,83
79,24
90,32
35,71
31,20
97,69
13,15
37,34
47,83
00,50
57,73
50,03
38,24
63,39
16,71
62,75
31,53
02,00
08,39
89,13
73,27
20,24
15,47
55,44
25,28
97,72
86,04
51,45
79,44
08,85
08,32
50,63
60,76
08,01
43,94
29,84
40,24
29,93
50,91
03,18
68,57
77,67
77,28
77,61
06,03
65,39
70,72
69,85
76,61
83,76
26,37
60,95
05,05
82,31
30,00
79,24
95,18
26,67
69,34
83,96
92,91
66,53
03,75
74,25
54,08
92,47
09,16
16,97
27,41
58,59
61,81
74,11
83,05
68,66
26,25
50,04
60,27
90,11
66,79
98,95
65,36
04,72
50,83
59,62
06,03
42,75
19,30
39,78
92,33
73,17
81,92
56,82
10,34
70,54
22,93
70,17
06,25
86,08
42,69
49,97
29,27
73,08
54,72
44,06
05,82
38,07
63,36
55,04
06,37
98,03
49,09
11,46
56,15
02,43
28,97
22,42
85,75
11,70
35,73
49,02
27,91
08,74
25,90
67,04
26,26
68,76
96,50
02,74
40,20
60,26
78,60
27,77
75,52
76,51
30,71
62,11
11,24
77,92
68,09
79,62
43,55
22,01
28,16
40,78
19,93
77,57
55,37
88,21
72,12
06,12
11,73
15,32
36,82
21,01
69,47
73,44
87,04
26,21
87,67
48,60
83,16
92,84
28,92
16,47
93,18
75,18
12,61
16,12
19,97
02,15
94,01
40,34
31,70
58,99
66,02
83,14
75,37
90,63
88,92
39,79
22,99
49,72
98,76
29,41
74,59
24,62
23,58
38,30
61,24
30,09
86,77
97,95
15,27
80,16
08,11
01,15
33,53
91,86
00,14
30,17
02,30
56,06
54,87
36,30
70,02
95,39
89,15
03,18
55,91
81,54
90,63
58,19
68,51
00,56
40,87
82,23
34,99
86,01
30,46
93,76
33,55
24,62
38,57
72,49
40,92
69,02
87,14
58,48
23,83
05,74
49,00
95,69
09,14
66,33
29,40
32,96
11,38
48,34
23,11
63,34
91,41
19,86
87,18
16,53
80,12
96,42
58,04
05,46
90,52
80,83
88,77
39,95
29,56
65,56
87,32
70,16
94,84
19,27
72,42
59,00
48,69
11,22
77,52
24,43
29,83
01,87
95,91
65,57
90,47
33,58
51,02
90,94
26,67
74,86
61,12
85,77
57,44
39,93
71,35
30,80
67,52
69,17
98,56
55,85
62,27
05,53
55,52
39,63
64,95
86,27
02,43
87,19
52,34
12,38
94,22
20,07
72,67
64,46
92,64
71,52
91,67
63,13
05,69
56,03
52,63
19,27
63,95
78,14
44,78
88,42
41,80
87,05
34,06
02,52
30,01
48,97
05,34
95,09
36,53
73,49
39,95
37,02
75,11
94,34
65,52
32,21
53,99
86,68
72,21
12,00
95,82
44,27
26,66
64,77
73,59
80,02
75,37
43,83
56,84
03,38
72,49
89,55
36,94
12,84
21,66
49,51
17,85
19,68
85,08
24,52
21,83
33,30
86,71
77,05
06,00
71,08
60,20
52,63
36,12
55,87
19,26
90,67
31,47
14,16
44,83
25,18
38,45
73,04
00,79
12,52
73,18
55,60
24,01
26,71
25,21
91,22
68,65
55,33
84,58
54,41
11,23
69,37
48,06
90,26
52,29
19,08
94,17
46,73
26,99
77,25
51,01
34,71
16,72
11,75
05,07
53,90
71,37
58,88
34,79
88,98
44,10
29,66
09,84
31,07
22,68
94,07
91,10
24,95
90,34
15,98
86,43
46,48
13,43
82,82
71,86
03,71
83,86
60,43
35,79
14,35
77,37
20,83
69,66
86,40
63,04
32,19
61,78
11,85
64,21
06,94
39,00
12,42
74,06
41,60
37,20
57,61
51,33
04,54
80,95
15,53
70,94
82,21
80,06
35,76
21,50
96,68
67,38
08,35
84,26
01,17
39,61
78,57
75,57
19,52
77,93
34,67
58,60
79,98
70,62
62,01
97,56
50,37
78,32
62,21
70,92
57,33
43,89
61,81
91,55
05,29
65,60
84,96
82,22
93,26
21,03
78,08
58,42
56,21
49,59
43,25
83,33
70,98
86,05
34,19
87,33
72,91
56,49
84,96
34,67
92,21
29,24
90,77
74,36
61,34
68,48
32,79
15,16
96,70
96,33
53,00
89,81
37,23
35,77
16,36
29,90
26,29
80,98
40,31
64,13
74,71
23,37
94,54
40,06
97,88
03,09
58,46
61,31
07,70
84,61
84,36
11,20
80,93
96,51
98,47
57,39
68,10
72,17
45,36
97,96
64,44
32,00
35,88
47,25
08,02
18,12
12,19
18,82
74,62
98,60
14,28
40,94
19,80
56,24
67,91
65,38
87,56
61,96
42,18
30,25
60,27
72,58
93,23
77,40
25,73
55,88
31,62
31,11
51,64
87,16
36,66
65,43
45,01
67,43
47,05
35,23
90,03
18,16
90,32
49,86
57,70
45,36
62,43
25,90
15,48
78,96
81,83
75,81
35,57
13,46
34,52
39,96
97,88
14,00
90,65
02,00
88,06
90,42
35,91
84,36
64,16
57,26
64,64
72,56
28,03
45,03
18,16
37,67
52,90
86,82
98,82
38,59
43,77
20,91
87,17
87,71
77,94
07,81
92,55
65,75
61,21
30,20
19,60
04,00
52,65
64,75
01,57
56,24
58,36
97,69
40,99
23,66
75,24
06,99
44,78
76,95
54,63
90,54
59,85
16,10
06,96
15,86
52,53
56,66
07,41
75,34
22,00
51,51
73,10
89,67
38,81
08,63
71,18
89,38
14,79
78,07
83,36
52,74
45,75
79,74
15,88
19,30
62,97
01,40
40,76
03,02
06,20
49,30
91,43
08,33
77,50
98,49
82,29
47,94
98,28
04,01
06,69
56,11
47,46
40,39
94,98
83,76
11,32
79,71
41,98
73,55
94,80
69,29
68,90
02,36
22,40
55,97
23,23
96,22
36,68
79,68
95,58
41,28
75,51
10,61
28,35
87,42
05,62
00,79
33,65
27,51
10,01
97,73
88,13
73,76
39,69
51,62
76,66
52,24
51,00
12,72
30,06
93,91
44,51
58,06
17,53
89,76
05,62
19,55
43,81
59,93
68,70
16,95
78,00
57,99
89,42
94,16
97,12
51,26
67,08
57,30
58,07
61,40
94,52
98,72
18,47
02,37
33,86
52,69
20,19
86,50
70,95
65,16
08,74
46,51
26,53
54,78
05,89
28,80
74,54
87,29
81,79
31,16
22,08
69,39
68,93
64,21
24,11
38,23
27,54
12,22
67,06
97,65
53,20
16,22
43,00
48,14
31,07
93,76
19,31
03,01
53,07
58,21
01,19
28,46
26,85
84,10
85,51
77,30
43,71
65,84
68,26
18,97
50,04
57,55
16,90
35,06
64,79
08,39
53,30
89,56
10,55
64,86
97,73
31,69
88,49
30,42
84,38
38,54
13,17
32,44
56,40
98,46
14,58
88,08
57,12
44,77
95,10
23,84
73,25
55,12
62,33
19,16
58,51
89,88
58,66
71,94
64,48
05,71
71,26
59,46
37,14
50,60
02,96
02,98
79,71
63,03
09,99
61,19
84,31
09,76
04,84
94,34
22,19
50,62
56,87
49,50
42,77
62,55
97,29
66,60
93,51
55,27
26,95
26,25
55,08
08,10
35,35
73,44
23,43
54,48
23,64
23,77
25,79
34,46
47,02
51,37
21,27
36,34
60,03
50,05
54,98
64,63
29,67
53,25
73,78
73,77
82,72
86,73
64,77
09,98
23,16
56,20
80,55
38,08
73,60
28,78
32,95
34,52
63,48
36,32
75,41
47,25
29,08
73,80
94,78
56,64
20,63
38,32
05,28
96,44
36,56
14,25
95,66
17,31
49,28
92,02
47,49
15,67
00,13
69,03
83,09
92,01
28,09
50,23
95,51
33,58
76,92
74,32
83,24
48,67
51,94
41,50
37,61
72,77
39,51
16,54
07,13
47,50
06,46
77,89
02,89
85,10
61,26
63,83
61,00
55,54
41,49
55,53
70,71
97,02
01,61
59,44
80,49
23,21
22,45
24,74
53,43
45,67
34,63
48,86
93,88
25,18
23,74
36,99
86,04
06,52
44,29
71,68
88,17
87,47
91,65
88,95
09,00
51,62
85,44
47,52
46,03
41,47
04,30
15,38
10,56
91,74
76,25
16,30
58,80
67,37
77,77
98,59
69,12
80,10
80,76
28,02
49,00
40,14
33,32
18,86
18,51
89,37
89,68
90,57
46,20
73,04
93,36
31,93
04,45
95,13
14,62
15,33
05,03
25,35
83,63
67,36
36,26
16,99
41,52
14,61
59,85
22,86
65,67
89,65
35,67
98,16
28,69
59,06
56,11
05,09
09,66
39,17
27,43
45,94
26,00
86,85
94,76
01,47
02,06
71,32
41,96
33,64
55,97
12,95
88,00
90,96
32,73
54,66
18,28
55,89
94,82
96,00
13,21
14,70
14,48
85,64
19,86
94,07
27,87
66,59
02,04
19,81
20,11
40,47
12,30
09,71
71,58
98,86
20,84
82,27
53,54
70,00
59,85
87,92
01,34
98,79
11,99
27,72
82,45
08,80
41,20
10,02
03,82
44,59
04,70
24,44
94,64
49,82
88,16
98,23
57,31
80,08
25,56
56,85
63,99
12,18
05,96
86,95
15,41
76,89
59,64
81,41
33,68
98,19
17,45
05,99
20,19
88,93
41,10
17,65
54,15
21,37
50,38
63,71
04,47
78,55
74,60
38,73
34,87
45,32
58,59
07,13
37,81
90,10
24,84
66,86
88,91
72,67
31,63
44,30
28,62
92,03
12,24
76,32
93,02
76,25
55,35
93,46
91,22
19,68
11,35
59,99
81,48
41,46
18,33
88,01
40,84
81,33
40,59
24,67
48,05
88,37
69,26
32,05
68,02
28,28
80,59
09,54
31,88
81,07
83,64
11,15
15,62
74,88
70,92
47,56
01,96
36,22
86,30
90,64
52,66
40,92
63,14
14,64
69,76
93,88
36,84
58,46
19,68
45,77
38,57
28,93
98,91
26,11
82,76
83,50
91,11
69,07
12,99
08,51
83,12
65,84
33,95
18,81
79,06
73,97
85,25
89,35
14,87
12,03
04,95
54,28
73,51
37,30
12,59
66,30
71,28
27,11
37,87
02,59
89,71
47,89
98,06
04,57
87,38
33,30
09,14
71,38
81,31
65,22
52,36
35,78
83,71
84,16
58,44
59,34
19,49
43,94
41,01
50,73
75,81
53,58
21,25
76,21
60,29
65,99
34,56
25,38
91,20
78,01
34,18
71,14
54,68
47,43
39,44
58,63
56,78
44,66
51,82
31,99
57,12
97,03
49,56
17,08
36,83
06,94
97,86
70,20
47,83
54,44
68,72
92,61
39,07
67,47
28,70
26,58
78,76
27,39
83,46
39,67
17,28
75,28
87,73
40,14
98,20
10,13
88,97
31,53
30,69
04,04
88,10
81,65
20,37
56,31
97,18
60,85
49,95
21,70
36,65
42,62
37,49
28,85
81,04
81,41
13,45
78,54
86,27
14,99
08,21
53,43
31,78
43,72
69,38
53,63
05,82
25,58
48,25
54,83
33,49
91,09
72,64
39,33
64,53
98,18
18,88
47,15
86,42
19,07
04,59
71,13
05,43
55,76
88,39
02,65
28,86
96,58
38,29
21,12
34,08
84,28
12,63
29,71
31,38
25,07
85,62
01,81
51,93
34,96
52,54
31,22
82,90
64,44
73,49
68,06
20,96
21,06
36,02
19,38
80,82
62,77
42,98
09,41
15,24
38,53
26,54
10,63
83,15
71,82
81,25
50,05
24,90
28,09
46,58
33,36
08,55
18,05
21,39
31,24
97,44
38,54
90,56
13,43
74,41
81,59
58,56
21,84
40,34
77,41
03,91
20,82
21,60
94,30
89,34
80,33
12,58
51,26
17,56
97,83
49,59
55,04
60,82
84,48
90,29
25,17
78,77
03,64
74,76
23,55
77,01
74,51
84,91
65,32
05,33
26,30
87,47
55,76
24,57
95,48
25,35
42,66
39,48
78,27
51,89
75,40
88,97
34,10
58,15
97,08
16,82
58,16
94,86
97,07
91,60
69,34
28,61
11,47
43,47
31,31
71,27
52,36
58,25
04,58
21,30
26,81
55,05
93,44
93,57
79,54
98,27
30,86
93,68
10,99
12,12
04,24
73,63
82,96
74,16
50,89
35,39
57,02
36,38
88,86
12,84
66,16
61,34
63,66
10,65
66,95
14,62
78,76
29,34
94,33
48,52
75,70
94,83
60,54
04,32
13,04
26,66
53,63
26,86
09,62
08,11
02,49
27,27
20,43
22,19
92,54
56,69
06,24
76,70
45,89
40,67
83,71
00,39
81,19
24,70
56,53
22,13
35,11
08,69
21,84
61,34
13,34
16,84
03,19
24,61
07,29
22,25
49,38
76,40
33,57
79,10
85,54
17,35
90,18
43,59
20,01
66,88
83,71
44,21
48,09
24,49
00,96
64,93
39,87
71,97
78,61
27,80
05,93
23,89
58,37
10,31
13,48
78,52
60,87
44,52
47,83
19,01
02,12
21,27
65,21
16,16
06,95
90,26
37,66
38,58
56,61
10,01
42,53
44,01
71,01
81,34
10,61
05,90
87,27
61,40
93,62
93,02
97,24
56,46
01,20
37,82
49,05
22,64
80,07
28,54
28,49
81,69
46,07
75,84
01,11
10,64
64,71
40,72
91,61
16,75
40,19
52,83
65,38
27,46
80,73
03,91
60,80
18,50
40,81
42,34
38,79
67,22
85,77
36,04
92,65
09,27
54,34
59,57
76,28
43,47
39,57
58,76
08,96
25,43
49,05
00,18
25,83
78,80
68,34
44,76
65,46
20,50
70,16
29,98
70,25
40,32
10,99
89,51
32,74
97,47
61,83
79,77
09,29
01,14
42,82
63,45
73,43
91,31
15,00
94,98
84,48
66,12
38,34
11,32
93,20
20,83
95,21
41,09
36,67
04,44
12,39
15,09
10,03
83,15
32,81
76,66
41,16
47,74
43,60
43,81
45,13
76,77
53,06
43,64
62,00
78,96
88,92
41,19
64,19
44,75
05,28
23,32
32,76
06,05
23,81
31,86
91,87
93,62
07,84
67,90
28,77
80,26
69,26
51,64
87,88
40,95
10,72
14,74
16,86
42,59
09,68
29,04
67,89
64,73
57,96
17,74
79,93
65,69
85,49
67,09
93,20
87,06
87,23
79,20
58,89
48,22
33,79
15,16
73,84
05,67
09,21
58,43
53,80
80,55
02,52
17,16
47,65
40,36
42,71
73,74
83,38
74,20
59,01
84,55
38,38
90,32
18,64
51,62
97,05
37,48
87,69
33,98
06,94
92,07
54,11
72,28
74,19
29,22
15,59
65,34
38,36
26,22
72,58
17,83
68,49
35,51
31,71
03,73
40,95
28,50
26,51
23,85
80,22
38,89
95,42
05,51
40,92
94,77
31,16
91,94
60,12
79,34
33,58
09,49
02,28
82,73
38,44
17,72
76,08
32,14
65,91
89,95
07,89
44,80
90,87
21,24
05,83
40,30
38,88
31,98
77,91
60,31
42,10
16,74
24,29
89,16
29,11
38,30
16,07
46,87
31,66
37,41
11,37
07,52
52,04
46,72
94,47
55,65
55,74
98,39
89,37
16,18
02,44
12,76
46,84
94,99
70,14
83,14
69,10
88,83
86,93
72,06
02,57
36,40
06,92
65,18
63,56
77,76
53,60
16,71
88,68
83,08
02,19
16,59
97,85
07,75
03,46
19,58
05,84
28,39
68,05
57,78
33,35
65,04
49,20
11,29
07,96
11,85
50,78
51,54
60,63
31,34
71,58
89,39
86,94
59,74
48,70
42,35
59,59
16,37
56,46
07,81
29,67
78,38
03,22
96,39
11,54
11,11
35,14
76,85
69,30
12,44
72,21
03,74
09,58
66,00
61,68
86,11
95,46
05,15
53,48
21,81
22,31
51,71
91,26
16,11
65,87
25,07
12,13
02,88
85,62
64,12
44,80
91,67
29,54
33,82
33,07
15,31
38,26
84,77
72,50
32,09
77,54
11,05
14,89
48,92
20,50
07,86
63,70
50,86
66,96
69,33
49,93
82,36
09,81
80,49
49,59
44,34
77,64
25,00
79,28
33,71
58,57
45,83
01,55
66,73
11,70
92,90
10,92
30,50
52,31
55,38
27,96
65,23
38,02
41,69
29,31
74,94
09,70
06,48
17,00
42,08
44,15
12,23
57,27
85,00
89,60
24,74
74,73
53,13
45,29
87,98
28,70
30,64
88,74
84,02
63,37
71,00
59,45
87,65
81,66
07,48
20,78
48,29
34,65
62,89
61,65
84,42
03,83
16,37
26,00
58,22
11,63
63,72
61,16
03,51
59,30
34,08
63,71
22,56
72,39
50,22
72,77
39,89
04,34
93,70
62,18
67,65
30,46
39,96
75,80
00,44
54,50
19,64
37,75
61,44
11,83
72,53
78,34
54,83
66,15
70,43
16,28
15,99
85,05
51,47
33,76
58,91
51,43
05,38
11,23
29,42
95,67
44,51
73,72
83,49
22,17
56,13
39,98
36,60
89,00
80,23
62,01
54,61
54,25
81,56
86,13
59,07
47,05
88,27
72,14
98,85
03,38
40,39
39,03
85,19
65,98
60,74
50,26
44,19
11,41
89,74
62,55
23,20
46,55
42,25
19,09
16,52
95,61
28,31
88,11
95,91
73,42
75,99
24,86
37,78
09,43
05,95
22,31
90,18
11,08
59,54
44,25
21,29
92,76
89,84
07,66
57,30
37,03
83,51
93,15
00,85
92,76
64,46
00,39
36,02
95,26
68,10
11,53
58,66
88,65
75,26
33,19
57,81
40,35
13,14
07,65
35,94
56,12
77,48
80,51
35,63
88,61
23,37
00,74
26,09
76,25
36,57
52,60
53,21
30,06
87,84
82,54
01,61
50,98
79,42
73,52
12,76
35,29
12,77
87,40
20,14
88,72
17,99
34,90
98,44
75,39
31,24
47,07
04,32
75,50
68,21
15,94
73,16
46,63
63,56
64,04
95,37
40,71
57,33
17,06
04,43
43,28
82,19
43,28
30,58
80,53
80,98
53,29
90,41
49,18
00,58
43,71
79,15
12,41
51,58
94,15
53,36
25,61
05,13
55,63
55,94
48,20
59,93
54,64
78,02
12,62
96,46
15,10
86,18
35,98
31,23
66,64
49,87
83,15
06,43
98,91
86,28
92,49
52,59
96,86
11,11
14,11
88,62
81,66
98,99
27,75
01,96
81,05
24,76
48,71
42,42
26,05
81,96
37,39
04,13
86,14
38,42
89,52
77,67
48,44
50,07
14,65
95,96
36,64
66,52
32,91
43,63
94,29
12,29
07,07
82,20
51,23
44,93
20,16
89,78
88,98
59,00
11,48
92,57
84,58
23,49
98,11
15,57
62,20
89,78
97,61
98,76
68,85
00,72
94,33
35,31
66,81
82,30
93,52
40,73
91,10
16,79
41,05
65,66
35,02
45,78
70,77
58,40
68,96
56,50
22,38
14,45
36,07
15,16
20,84
52,59
94,07
31,82
26,62
09,87
38,93
70,88
10,32
01,75
64,12
39,35
14,60
29,16
89,71
96,93
47,95
10,97
20,64
23,64
43,34
93,40
56,60
04,68
10,37
84,28
60,70
81,22
12,59
42,02
00,82
85,53
97,26
32,06
02,32
90,87
11,95
04,09
78,63
91,38
34,28
49,26
97,21
53,49
93,55
35,52
92,56
22,57
18,81
49,81
50,03
74,45
02,72
88,86
22,34
83,67
92,61
25,09
63,44
35,39
17,92
22,11
20,19
64,40
94,77
56,70
29,62
16,93
16,92
70,89
62,45
11,43
96,59
23,73
42,83
83,51
49,04
54,80
68,71
22,89
56,29
60,20
86,46
46,64
74,92
68,88
37,02
90,86
30,66
70,61
39,50
45,02
25,12
89,51
65,60
51,16
28,09
02,49
83,37
33,39
66,51
07,98
57,38
21,25
97,53
25,57
30,59
58,16
00,23
45,88
17,17
48,93
84,39
88,95
81,67
55,04
06,82
45,79
94,29
95,28
93,32
35,29
96,28
07,33
28,61
16,96
43,00
14,98
49,58
89,96
33,58
41,54
54,52
83,08
75,03
13,98
42,18
82,74
83,08
61,48
32,99
83,23
54,03
10,11
88,22
41,38
22,71
32,00
44,54
91,60
45,83
10,11
61,00
69,15
37,80
68,11
04,25
77,60
15,71
77,23
54,83
17,32
13,00
05,04
70,11
21,52
53,14
72,30
97,68
81,97
75,78
30,52
87,08
43,72
53,75
69,00
28,98
14,74
46,56
25,29
84,34
31,08
90,27
91,60
87,39
07,39
29,88
34,75
06,95
51,22
56,02
26,56
06,13
98,21
49,13
62,15
56,04
97,72
59,89
88,73
81,38
21,78
18,65
71,72
66,11
11,28
08,05
69,84
80,79
62,48
84,39
25,68
36,19
50,56
98,86
76,80
01,92
31,78
03,24
02,06
94,92
37,20
22,57
46,89
82,51
48,33
17,85
68,75
85,60
73,31
27,93
04,73
62,63
92,25
65,56
10,14
71,15
13,22
13,73
80,85
01,11
82,15
25,65
17,34
14,18
44,47
54,83
29,06
23,00
69,84
71,16
12,83
80,71
05,31
55,39
83,98
62,72
73,76
17,89
57,08
70,43
41,08
08,15
74,56
98,36
86,52
53,35
52,38
65,22
78,34
87,05
70,23
11,12
25,09
05,89
52,95
56,59
75,62
22,62
20,19
10,94
10,65
81,05
40,13
00,08
64,11
06,80
28,91
19,85
04,00
77,01
26,23
86,93
06,61
52,22
64,84
92,44
25,05
55,80
88,25
57,42
22,78
03,00
02,93
17,66
31,93
26,34
56,56
68,76
68,25
42,71
35,45
32,68
44,56
81,65
93,36
11,47
61,22
84,97
25,15
50,69
33,81
80,96
54,37
34,54
88,75
20,89
62,90
75,75
12,65
71,15
07,20
14,87
52,66
50,29
61,21
48,02
97,73
93,16
47,24
87,73
20,81
51,35
02,27
60,23
37,52
23,10
52,08
23,35
00,31
37,28
08,54
29,92
04,81
24,13
39,79
11,73
51,72
11,00
22,88
15,97
21,21
31,57
39,52
96,39
05,37
29,00
97,87
16,48
58,96
84,61
90,41
76,58
45,54
22,94
41,70
89,88
19,24
75,62
19,55
39,25
86,82
41,42
63,87
81,97
97,75
87,05
60,59
23,72
50,05
15,27
29,55
48,24
93,23
35,24
33,27
19,92
01,73
55,13
05,32
10,55
01,19
38,75
76,00
40,54
36,69
38,16
51,64
88,16
03,08
82,05
08,05
32,55
06,40
37,23
14,35
87,70
64,63
45,50
66,22
11,97
12,26
02,86
91,92
37,43
75,09
09,23
42,96
38,69
33,84
03,78
10,32
08,00
97,55
70,12
16,27
68,85
56,65
79,95
07,77
61,55
28,67
25,12
44,91
44,06
10,21
73,32
25,69
07,73
69,50
90,55
88,69
07,41
39,29
24,61
60,54
56,22
68,03
90,14
51,97
61,15
72,63
66,11
03,53
14,64
75,90
13,94
71,50
05,41
53,67
52,09
91,32
51,92
31,33
24,39
06,37
07,30
44,84
84,36
47,06
32,66
69,03
89,16
82,62
11,46
35,60
46,12
64,65
95,98
12,94
39,48
16,75
82,66
02,29
44,11
81,79
28,81
96,82
85,29
06,29
35,07
00,45
20,67
49,47
57,76
33,14
61,10
70,07
93,56
95,08
89,24
68,72
64,92
09,86
57,66
86,89
00,74
58,17
03,51
82,95
00,30
91,85
69,80
34,74
47,87
74,33
56,03
26,13
30,68
72,26
77,81
56,72
07,83
57,39
84,21
65,61
79,10
61,90
24,56
04,42
91,67
56,38
17,89
08,42
17,41
50,64
65,95
15,24
55,55
96,12
81,93
34,25
17,35
65,23
12,53
42,06
34,94
00,43
78,61
91,55
95,24
98,03
72,39
40,23
74,62
67,67
70,59
70,28
88,27
94,72
80,51
66,62
00,59
28,06
57,85
18,54
37,92
16,88
67,44
65,44
18,12
73,13
28,90
90,78
89,95
19,93
94,68
30,95
68,46
50,08
09,07
39,54
35,09
19,97
81,35
74,18
60,97
67,02
50,71
66,92
25,29
26,41
74,04
44,47
52,70
37,34
35,68
26,00
65,23
68,49
50,69
64,33
66,61
72,61
76,30
26,25
61,41
53,01
57,13
93,93
56,10
93,89
48,79
76,38
57,95
14,92
14,64
32,30
53,35
26,27
84,89
86,26
16,14
58,65
46,40
05,96
68,82
85,02
11,00
88,95
04,07
06,15
17,92
25,53
26,83
92,63
06,17
73,77
05,09
79,21
79,85
96,75
47,04
57,73
22,85
34,15
62,95
08,40
66,54
15,76
20,27
14,65
93,03
66,63
21,67
24,81
83,45
83,53
26,04
18,00
04,35
85,09
23,69
87,35
87,16
38,97
94,73
23,57
23,25
26,34
83,75
59,22
48,69
69,08
20,17
05,56
11,17
61,51
50,58
08,07
38,31
57,05
52,18
90,80
46,52
55,84
06,32
26,66
89,97
85,16
56,27
20,47
46,82
18,90
89,32
85,21
25,21
86,10
98,63
46,56
68,26
45,27
37,66
54,72
35,09
25,92
92,99
49,07
14,55
52,20
62,56
65,92
71,46
46,59
32,03
20,60
85,89
41,94
32,60
06,71
83,62
21,17
73,53
40,91
56,33
56,50
13,26
55,07
92,30
77,93
73,24
66,61
46,91
08,22
83,34
11,08
08,38
11,78
62,30
83,98
41,37
88,38
47,27
67,22
19,81
80,12
23,70
09,69
69,27
06,67
83,25
38,34
18,72
61,78
19,99
35,84
35,81
90,31
25,80
36,83
30,57
16,72
66,34
61,56
83,72
70,06
55,25
59,93
67,98
70,67
58,60
46,19
21,02
17,59
47,07
39,24
34,35
38,83
91,03
74,78
36,45
03,67
07,23
46,72
30,72
24,41
37,80
40,26
97,97
21,43
83,87
78,96
57,24
83,52
69,32
59,73
08,55
60,46
57,03
54,39
07,20
42,68
37,30
93,63
39,20
44,55
14,30
88,65
83,77
85,18
42,76
33,66
04,90
63,47
84,42
49,42
12,50
73,74
71,59
64,90
19,95
66,85
95,41
89,40
01,54
57,38
71,41
43,35
55,86
94,21
48,66
20,08
89,97
78,53
86,62
20,82
03,83
60,71
48,05
66,76
93,77
94,58
93,09
15,02
87,35
24,17
31,07
25,83
07,33
60,52
89,84
18,21
10,63
02,30
69,54
08,07
50,41
46,39
39,64
74,72
04,76
18,33
52,22
36,89
70,11
89,66
67,27
84,30
28,78
87,50
61,67
51,47
12,15
02,71
62,05
03,00
40,23
79,91
10,02
09,22
32,65
73,13
33,86
49,05
17,77
13,90
93,42
04,25
33,97
55,38
22,59
51,11
26,80
71,91
85,52
46,50
17,52
15,20
68,88
70,67
50,37
51,35
69,06
61,92
96,62
78,69
85,66
00,44
24,84
67,09
81,62
05,71
27,54
23,88
88,64
23,22
49,80
89,60
36,94
05,59
22,64
73,44
80,88
78,46
73,47
85,67
21,41
80,62
80,06
14,66
00,18
72,46
62,57
78,50
00,68
95,01
39,33
34,88
63,73
18,96
07,22
62,37
75,48
36,87
23,02
52,07
87,36
14,66
27,46
29,29
74,07
43,99
58,17
87,15
44,42
77,78
80,56
92,33
65,86
19,02
72,16
91,34
94,90
01,76
79,99
22,47
39,30
87,53
96,26
42,59
23,48
93,75
73,85
15,30
80,90
09,10
40,02
60,81
29,74
29,43
56,13
73,73
41,01
32,16
08,25
19,60
86,38
10,30
98,09
70,68
72,81
65,25
78,18
37,54
56,46
19,54
26,55
06,42
89,56
02,15
63,21
89,37
12,96
26,09
79,04
98,87
71,10
03,77
12,15
70,57
31,02
51,45
29,95
73,19
07,13
59,90
40,00
90,10
34,92
28,42
49,19
11,45
71,72
59,23
90,59
97,46
09,42
98,78
45,04
00,09
64,18
37,11
58,64
54,17
19,08
41,65
10,10
94,67
47,13
97,11
30,18
03,47
97,83
13,97
52,62
66,85
78,55
22,23
29,13
10,72
95,70
57,36
08,57
07,83
27,94
02,42
68,78
70,92
89,60
08,32
39,25
15,64
96,02
68,66
44,27
05,22
09,55
87,55
80,22
89,87
08,63
06,84
17,30
86,35
27,70
92,81
91,03
94,96
28,56
64,19
82,92
88,48
15,11
94,57
10,85
73,89
23,75
13,89
22,77
25,76
59,07
14,45
33,00
31,12
81,87
09,26
63,34
27,61
98,44
45,13
54,18
10,94
48,24
50,57
23,17
90,61
26,38
34,33
49,61
35,72
41,78
60,41
97,87
75,40
50,25
38,92
81,53
86,64
68,22
14,07
22,50
45,03
34,75
23,27
58,85
37,80
42,89
91,54
08,71
75,69
43,56
66,49
83,71
73,11
74,86
49,93
47,58
81,70
62,85
92,16
67,42
60,97
97,03
10,42
35,14
23,19
82,66
39,59
94,87
49,82
30,78
27,25
34,04
97,94
53,91
34,82
71,55
13,18
14,97
87,98
09,69
48,19
55,57
44,81
82,67
66,58
56,53
41,42
87,06
05,49
41,18
08,68
47,96
27,55
67,99
62,78
22,80
73,81
43,83
77,75
52,33
85,56
94,55
13,83
77,39
34,52
60,29
27,88
84,30
17,74
62,67
40,37
51,54
86,09
47,84
00,37
17,97
53,48
90,21
22,11
08,03
91,30
96,03
01,25
05,85
81,46
46,57
68,82
86,68
76,65
68,43
67,98
88,91
54,70
46,42
24,37
13,17
01,08
14,06
67,65
32,69
19,50
21,05
24,02
15,86
04,20
00,07
95,34
27,20
00,60
01,21
16,98
38,88
91,70
21,98
90,21
42,08
98,81
97,08
52,28
05,14
22,56
78,28
83,43
09,15
92,84
76,90
81,32
46,97
88,36
26,45
42,02
59,41
40,27
54,15
35,67
42,62
34,60
49,66
79,33
66,08
30,84
56,36
72,07
98,69
32,09
14,56
45,58
47,20
42,39
35,12
10,61
79,46
07,62
84,12
11,74
35,97
82,22
20,68
85,53
70,50
04,48
24,25
16,75
31,78
29,70
50,27
05,23
25,96
10,71
13,79
46,67
75,56
06,42
19,03
74,37
41,73
94,00
50,06
51,53
23,07
46,13
23,20
38,02
48,06
23,56
17,05
27,72
00,14
39,29
07,96
44,51
17,41
59,63
32,90
21,26
73,91
61,04
31,99
30,20
25,81
61,18
25,30
30,49
74,81
27,87
10,79
91,43
25,75
28,12
82,08
09,66
33,55
29,25
03,17
77,36
05,41
70,09
79,82
01,72
39,58
32,08
51,54
28,48
45,99
96,48
88,46
57,30
34,71
56,68
95,95
40,89
11,14
41,49
05,34
17,45
80,79
66,70
11,87
42,78
13,90
77,15
64,83
54,93
80,78
28,11
44,31
92,64
58,77
93,82
33,78
21,88
36,43
23,22
54,64
52,06
53,51
29,39
75,31
33,23
69,59
33,41
80,33
84,35
24,06
79,34
51,65
86,34
52,75
18,92
79,41
89,06
93,59
42,34
01,16
07,42
06,31
57,94
23,30
68,37
09,57
51,07
94,62
49,96
68,80
34,87
41,53
79,86
07,35
12,33
83,50
20,21
58,94
75,46
49,18
39,08
71,63
55,77
59,76
76,35
59,29
80,20
95,33
55,88
27,90
57,80
15,41
36,78
10,93
98,16
21,79
33,64
49,65
94,31
70,90
97,05
95,31
41,22
16,76
56,68
03,89
37,54
98,00
37,98
41,35
35,25
09,37
47,46
42,45
02,02
61,78
72,07
74,37
56,85
34,13
70,48
19,91
03,53
54,89
64,51
11,27
03,60
55,84
11,94
96,16
90,46
12,22
28,01
60,37
83,89
47,36
61,54
55,12
54,01
09,58
63,49
77,60
50,97
48,42
81,98
43,93
26,16
95,07
22,38
94,88
87,58
57,29
35,12
16,62
32,27
12,25
81,88
11,17
34,35
28,03
94,73
42,28
54,82
90,26
83,57
24,25
16,01
72,57
90,44
98,03
11,62
46,50
64,28
40,34
98,81
01,97
31,16
71,37
66,45
95,55
76,89
85,13
03,88
38,50
16,18
27,80
32,05
70,47
96,68
02,74
24,46
01,39
44,78
32,67
15,89
09,48
41,32
20,81
63,03
35,49
61,90
28,75
29,10
42,93
56,54
22,61
64,99
37,07
08,26
97,80
65,45
13,88
56,30
44,94
02,31
04,57
64,09
73,39
04,45
82,71
05,74
90,23
60,28
03,01
13,20
70,62
03,80
26,66
84,31
39,07
22,32
39,38
45,15
58,39
91,69
19,13
89,00
78,01
40,55
72,23
90,73
89,52
69,94
55,23
36,41
03,58
54,41
07,23
57,93
56,84
71,75
65,81
86,10
44,62
94,66
50,46
93,32
46,02
63,58
15,06
11,53
29,47
71,55
33,74
18,23
04,71
70,60
93,38
53,52
84,74
46,89
14,10
84,40
46,43
58,48
52,97
65,91
38,44
34,46
19,47
69,86
59,07
13,62
25,64
26,01
70,96
80,85
04,92
97,21
85,02
95,18
38,50
57,04
33,94
17,70
20,14
46,68
93,48
64,16
22,63
15,45
30,24
83,00
19,10
05,43
67,09
90,79
55,02
07,94
21,43
69,91
54,85
61,19
63,21
16,79
05,11
59,69
16,48
32,13
43,07
50,05
33,54
15,16
59,00
50,88
43,65
55,98
84,84
91,08
02,60
70,79
54,96
73,72
23,72
98,55
86,61
92,03
42,51
85,93
43,91
00,39
83,12
25,58
14,38
98,33
01,16
63,28
58,00
47,75
88,43
07,22
64,75
16,18
54,37
42,23
65,34
89,77
79,56
68,37
60,07
37,31
09,97
82,64
24,73
47,70
36,38
90,59
73,00
48,86
67,78
21,09
77,72
49,89
12,67
02,69
53,27
98,39
22,76
36,50
49,48
67,50
12,68
21,42
16,32
48,90
61,18
17,49
28,28
44,49
00,70
35,97
02,11
48,56
87,18
06,06
56,50
79,84
62,35
27,16
27,42
98,29
86,31
56,26
59,63
46,67
68,49
70,51
81,38
94,57
96,89
50,02
75,44
37,83
98,06
81,53
40,85
66,11
68,16
36,42
78,52
82,07
30,21
80,08
01,17
51,08
07,80
02,76
06,75
74,96
07,43
92,50
57,33
76,28
53,95
89,57
27,30
02,07
31,64
22,84
80,40
31,31
33,12
09,18
15,51
62,03
48,47
47,50
58,98
47,55
69,52
16,60
16,47
24,72
19,11
33,07
15,94
36,71
74,56
63,76
19,22
55,41
97,57
66,10
20,72
38,16
28,78
30,44
71,00
13,79
65,99
50,24
49,83
79,15
23,30
88,35
01,89
03,22
76,69
13,83
67,56
58,93
42,60
82,23
34,73
20,45
21,86
23,93
29,92
93,12
89,22
04,06
16,18
45,89
25,06
13,50
35,16
96,98
87,68
97,44
78,46
58,03
19,14
50,99
76,69
83,41
19,77
45,00
21,88
74,59
63,03
22,69
67,09
03,75
74,90
82,40
79,29
50,54
05,59
98,64
34,50
62,85
30,20
76,07
06,30
82,07
00,54
11,76
21,57
88,81
69,66
51,89
98,48
04,19
35,07
55,78
33,96
27,52
29,37
43,54
40,17
68,38
25,65
98,89
13,81
92,86
20,69
25,03
27,60
55,67
79,22
63,23
36,80
19,03
61,94
23,79
21,32
45,96
47,71
97,79
64,75
54,60
36,89
40,26
36,29
50,46
03,53
83,19
95,79
26,20
36,18
18,81
46,92
94,62
21,64
12,44
93,60
51,76
73,52
40,65
89,21
86,85
54,17
44,64
92,24
72,91
74,06
42,78
77,51
20,96
15,78
43,36
06,60
53,94
67,55
75,26
66,65
95,09
24,25
19,94
89,46
46,31
48,06
54,47
31,55
57,59
72,90
56,04
30,66
35,71
76,34
73,89
43,32
85,11
19,92
86,33
64,89
08,15
37,21
81,78
62,81
77,79
12,73
45,87
54,20
03,48
73,39
36,76
81,77
23,46
04,81
20,77
60,10
48,53
68,86
92,99
80,26
48,06
17,71
65,17
04,87
84,57
44,51
94,71
85,02
81,85
53,31
65,54
06,53
28,77
86,69
60,20
44,78
85,03
71,24
57,86
26,52
35,13
38,03
93,32
54,85
19,83
75,28
42,23
68,10
54,70
95,45
66,49
03,38
67,27
80,10
47,04
09,95
97,29
20,43
37,43
13,24
28,09
51,53
31,48
65,50
46,98
36,88
11,26
09,27
39,51
37,44
32,33
12,00
87,02
82,03
59,68
32,48
12,92
37,69
94,13
11,38
41,99
40,46
52,29
76,38
72,67
77,91
42,17
28,35
29,33
52,04
61,44
27,49
44,33
84,96
73,10
24,25
84,64
09,30
51,96
19,81
25,40
78,37
93,73
60,75
14,18
57,72
65,77
52,74
37,20
28,15
20,70
66,29
59,76
75,80
57,22
23,68
48,37
41,69
10,88
32,89
15,68
96,94
44,71
64,39
02,23
81,67
13,68
49,73
06,51
95,54
80,73
05,86
00,07
26,21
40,76
00,64
21,01
59,75
62,64
88,08
24,89
15,76
98,64
64,35
74,22
10,90
24,69
07,21
01,39
66,25
41,38
13,14
23,68
50,41
92,02
49,88
22,06
31,70
21,23
82,40
70,33
44,87
93,89
70,65
00,69
34,25
61,87
70,02
29,45
69,42
46,08
12,92
18,81
19,26
75,75
81,68
35,79
81,68
64,45
55,70
81,65
88,02
87,69
26,59
25,62
95,02
77,99
77,19
04,81
18,11
55,50
42,09
16,50
65,59
31,79
31,92
78,60
69,60
89,54
90,23
61,97
19,71
07,96
91,00
13,87
51,49
16,46
63,25
70,26
81,40
14,22
13,74
33,68
83,17
29,28
76,55
97,05
85,14
06,79
15,61
80,14
74,78
32,86
58,62
63,67
67,23
45,81
76,30
60,40
24,67
70,36
48,93
55,21
83,14
11,38
02,51
21,41
88,47
83,00
65,78
01,66
01,04
15,94
10,57
59,10
92,42
52,49
14,76
44,86
45,09
00,66
34,94
89,06
68,90
15,91
34,08
47,92
16,33
96,99
52,51
26,79
51,40
61,72
15,04
94,50
93,33
92,51
73,96
59,19
63,39
44,38
30,48
87,91
01,64
27,83
62,61
20,86
72,65
66,69
62,78
50,07
98,08
16,12
65,78
81,31
04,27
31,77
21,90
71,83
20,17
74,45
76,29
24,21
29,22
56,41
78,58
78,98
80,27
88,24
57,75
67,24
83,20
97,12
75,52
98,17
15,28
54,26
96,82
58,22
70,27
36,14
71,18
48,46
23,92
80,01
76,47
45,57
52,37
14,19
36,75
89,21
39,07
37,65
71,05
98,16
47,77
29,84
18,14
05,63
38,44
82,55
15,60
46,34
76,08
27,68
21,18
98,04
63,81
04,22
97,68
38,46
23,29
39,67
90,41
26,85
29,46
55,20
77,84
60,31
14,11
67,40
87,06
09,64
19,54
87,22
26,31
54,34
23,39
12,11
82,16
79,88
16,61
85,58
38,58
23,37
57,54
82,69
28,86
71,39
08,40
69,69
81,04
23,39
83,16
58,09
75,42
47,19
58,77
25,13
53,71
73,56
93,34
61,70
34,37
25,68
52,20
62,74
82,88
36,47
33,31
85,76
12,97
59,15
34,36
34,58
91,07
41,31
25,37
81,94
76,78
61,99
16,73
39,66
92,65
67,55
70,40
83,31
11,08
97,38
19,06
09,97
15,12
04,23
12,21
45,76
71,42
73,95
59,32
57,10
48,77
39,91
80,66
12,33
75,52
06,96
23,48
17,46
77,27
75,06
77,31
41,04
54,41
42,96
65,06
24,99
33,46
41,22
43,92
54,29
62,33
65,83
31,42
04,72
79,31
66,31
32,12
89,76
36,96
13,82
02,30
64,71
28,87
44,03
82,16
71,57
31,94
81,95
90,97
26,20
31,63
70,96
58,41
26,92
79,67
08,84
58,92
19,89
04,65
72,11
04,12
15,62
56,04
37,81
13,22
41,87
78,47
28,83
19,57
54,21
42,36
28,98
14,73
50,45
89,39
70,26
78,59
44,55
21,77
54,55
14,86
31,94
36,95
11,09
25,21
38,06
48,95
92,51
77,67
82,30
83,50
21,88
16,74
03,99
76,69
22,51
77,31
80,96
84,20
84,44
21,65
76,52
33,91
63,66
65,26
43,32
46,01
67,04
74,07
03,36
81,02
36,41
51,81
84,90
68,22
02,33
41,69
08,40
03,73
13,81
49,71
43,91
24,83
76,35
64,47
58,32
96,74
01,86
64,98
21,75
65,81
59,91
74,35
92,35
72,92
75,66
41,30
56,89
68,83
17,31
97,93
36,70
81,90
46,62
86,40
42,95
59,26
93,10
98,86
34,10
27,10
37,94
46,50
36,97
76,42
73,46
22,27
56,63
27,79
04,11
93,62
39,31
68,21
37,26
35,58
74,72
46,56
17,11
55,31
34,49
25,02
70,96
93,54
00,10
93,36
97,67
92,20
17,98
93,08
15,99
59,23
31,00
65,95
77,59
07,32
55,85
36,95
44,05
53,49
72,73
93,46
04,13
40,18
52,69
18,76
09,66
36,97
00,82
96,41
37,98
83,01
17,13
34,25
08,88
29,69
83,00
73,35
09,11
23,59
55,08
22,95
43,95
21,92
10,78
74,89
07,81
82,77
38,37
21,88
84,28
40,70
64,62
39,03
46,54
39,36
10,43
53,65
57,13
69,38
41,63
81,82
21,31
22,17
39,17
58,89
18,84
36,88
14,48
80,83
38,03
29,31
34,33
09,33
89,41
19,60
85,03
86,02
05,67
12,99
70,82
65,96
54,93
31,30
82,62
48,85
96,45
16,54
02,82
77,23
51,96
88,21
83,20
57,98
34,30
73,34
48,79
13,91
11,08
73,25
75,81
17,59
49,25
96,81
92,48
91,41
16,04
37,16
97,84
06,33
23,64
15,71
23,79
47,55
97,29
14,86
07,26
05,48
14,11
37,47
02,92
38,91
81,83
44,41
64,82
85,73
11,97
56,12
51,14
00,56
47,66
11,32
58,74
87,67
96,27
18,27
79,29
80,56
74,29
55,07
75,35
33,93
79,70
16,00
04,73
33,65
84,97
22,21
04,98
60,58
49,19
88,72
28,23
36,99
06,77
39,29
44,80
66,21
59,74
37,38
78,28
69,78
04,59
46,45
30,48
93,75
36,95
74,44
28,67
72,33
74,68
18,59
06,96
10,02
77,28
88,73
43,23
55,70
90,34
51,31
18,50
42,54
72,88
80,89
30,25
51,05
30,83
09,03
93,07
95,08
87,68
93,08
84,88
10,42
50,67
41,08
34,54
45,05
65,00
60,22
60,53
92,43
70,87
29,66
47,22
82,56
45,83
34,86
98,14
09,16
83,77
17,82
73,96
76,89
22,68
74,50
06,73
95,28
11,46
27,97
10,53
49,73
63,50
94,93
66,62
53,12
62,07
81,69
14,18
97,20
78,12
17,95
10,40
64,25
77,42
68,55
49,65
08,76
10,26
71,43
89,29
72,77
53,60
27,45
18,86
43,46
75,01
35,71
39,59
00,39
80,70
42,67
63,14
91,99
92,33
16,75
05,41
14,99
51,74
70,50
57,77
21,67
61,00
05,48
73,84
98,28
10,34
37,26
16,12
66,26
83,04
61,32
53,13
63,64
51,88
79,08
76,66
48,22
50,49
12,77
60,76
12,41
04,12
26,66
57,75
07,80
26,21
67,60
37,30
53,07
29,45
35,00
74,75
86,12
97,00
87,00
89,48
14,18
48,39
25,74
76,08
09,12
86,11
54,75
25,98
05,02
66,85
89,58
40,23
28,99
32,06
40,19
38,60
30,12
49,44
60,98
26,68
56,50
88,38
57,65
51,15
56,46
84,71
66,10
90,43
78,36
08,59
51,58
35,00
75,69
29,11
08,72
94,57
28,48
88,50
63,52
51,11
25,84
19,15
42,43
73,97
78,77
17,77
67,70
90,20
55,34
97,97
43,48
46,08
62,91
37,26
75,85
05,10
53,26
98,32
83,17
70,53
38,14
12,54
47,51
52,63
67,19
57,65
62,42
96,89
55,05
77,73
58,04
12,57
87,05
79,85
62,03
55,72
01,94
93,39
12,93
24,34
73,87
67,79
16,84
79,02
19,18
38,24
04,25
69,72
48,27
72,74
19,70
67,45
23,67
13,91
53,37
04,63
78,09
51,23
11,93
25,06
76,31
51,92
88,04
87,69
29,64
23,09
17,85
32,43
83,11
35,66
36,82
97,23
60,28
64,65
26,38
41,29
18,36
75,16
47,17
03,96
83,38
91,21
33,81
94,26
01,88
13,71
66,80
43,33
24,97
01,53
93,40
14,07
82,45
37,70
32,15
36,45
43,46
88,66
44,23
07,52
98,79
29,47
51,88
11,06
07,34
62,62
02,55
90,05
14,72
79,61
97,05
40,82
25,77
04,61
50,47
23,53
60,46
46,34
21,13
18,03
89,38
63,65
56,92
98,80
37,12
33,85
65,04
00,49
71,73
87,17
95,01
50,08
36,78
23,57
47,07
16,17
79,29
05,57
64,24
46,12
04,85
84,88
16,10
15,81
73,80
34,02
21,47
05,83
50,60
42,84
23,63
94,64
91,49
75,98
76,21
44,78
70,81
78,67
60,54
39,96
32,40
15,03
17,83
32,73
48,29
02,23
41,52
58,10
96,84
32,25
54,82
29,07
35,50
08,81
41,68
05,08
00,75
12,13
12,11
22,01
46,51
15,79
24,64
14,01
76,47
94,66
98,98
94,62
06,13
45,11
09,31
91,03
64,15
01,20
49,28
87,29
28,86
83,52
62,95
38,31
36,86
33,28
92,93
28,11
38,12
55,20
28,38
97,41
07,16
35,29
15,71
54,21
37,73
71,01
06,33
58,09
34,54
61,92
14,14
56,24
95,74
54,66
65,37
47,24
05,20
80,67
47,74
95,19
16,02
48,40
51,89
00,68
61,93
24,77
58,97
91,60
84,23
51,14
01,97
91,86
14,07
51,41
89,83
83,68
42,10
48,06
97,31
60,75
41,90
93,13
41,70
98,80
03,02
25,02
23,38
63,53
84,88
91,68
37,92
93,60
17,61
82,55
87,59
45,77
79,51
51,78
96,44
46,46
71,47
96,02
44,98
12,22
69,92
66,56
22,22
14,25
45,53
76,36
18,89
27,47
30,32
95,56
58,39
88,49
84,61
34,42
08,59
93,07
55,91
92,69
87,29
13,35
63,02
57,89
44,72
71,77
18,99
17,45
48,93
34,23
28,48
47,23
09,09
52,15
89,23
79,29
11,56
16,65
65,58
67,20
41,21
86,63
76,48
05,94
37,11
37,91
24,52
17,84
03,64
42,79
34,47
12,12
09,10
35,58
81,00
26,99
66,82
35,33
34,39
31,92
10,94
81,89
48,43
20,75
44,26
50,19
12,02
39,76
85,90
06,52
41,64
22,41
83,03
69,71
23,09
52,76
16,09
85,32
67,15
81,80
93,03
52,71
77,97
15,84
80,28
82,12
00,37
49,06
74,50
38,94
38,85
93,01
12,40
93,49
49,35
25,35
63,60
78,36
86,99
31,60
40,93
38,19
47,01
70,82
24,25
07,09
15,78
53,28
92,77
03,63
96,97
52,07
39,39
07,99
84,62
08,38
02,02
23,67
73,37
40,85
90,32
47,29
55,87
88,66
24,92
64,45
54,27
17,63
25,01
65,66
90,44
82,49
95,92
30,19
30,67
34,45
43,32
54,72
74,69
22,37
46,47
21,07
30,00
36,03
72,48
65,75
14,73
49,93
63,09
11,67
35,80
48,14
93,57
24,18
01,31
22,02
91,90
23,68
01,00
80,79
39,56
40,21
54,95
98,55
89,46
10,55
78,75
09,47
88,20
49,46
86,83
14,00
74,83
82,66
31,97
19,80
19,95
18,59
37,75
06,05
51,00
43,00
73,96
47,14
97,65
94,31
84,12
63,48
87,23
00,39
71,70
34,09
09,60
00,19
32,79
21,41
85,90
89,82
07,84
80,88
65,26
79,22
21,20
86,58
69,91
27,46
68,33
84,13
46,83
68,95
11,08
14,15
68,78
44,32
34,24
67,53
54,27
36,76
43,82
33,21
92,89
15,70
57,26
57,17
83,64
07,54
82,13
10,07
16,61
62,84
72,01
61,96
52,81
87,81
69,65
94,97
08,15
87,49
72,93
51,05
33,78
44,12
72,62
83,75
89,61
80,28
43,55
43,25
79,40
90,24
95,73
96,70
09,20
98,97
33,35
52,04
47,01
09,37
79,91
53,54
38,91
25,26
11,53
50,51
44,40
98,58
20,49
02,27
68,03
25,48
42,47
46,23
69,12
22,09
70,05
18,41
31,16
91,36
65,45
84,14
10,95
01,08
19,99
98,83
80,87
31,90
71,25
19,83
24,19
80,17
54,58
04,14
28,85
24,85
07,47
19,72
13,91
66,78
42,86
18,38
79,41
79,30
56,70
96,13
74,54
91,07
04,90
55,50
52,69
52,59
75,04
79,22
80,24
75,98
57,28
11,84
61,76
08,36
72,45
66,30
17,97
94,70
48,46
31,66
88,62
34,47
76,88
27,94
05,37
53,68
10,82
70,31
86,80
50,20
26,41
46,88
49,65
34,82
06,37
45,67
84,90
57,89
60,62
17,77
24,13
81,50
47,28
11,98
87,44
31,96
23,95
36,13
67,32
19,74
04,98
13,16
88,82
48,89
86,88
57,11
49,51
29,46
40,27
89,16
46,16
98,76
60,11
02,95
44,19
32,70
32,82
43,06
77,51
33,27
50,05
38,16
04,03
49,31
76,95
85,93
87,47
31,43
80,38
62,88
34,03
32,43
76,53
36,61
27,38
08,33
90,40
73,92
06,06
96,77
60,47
24,97
41,64
80,61
63,49
97,47
56,07
97,47
93,12
29,31
73,62
68,69
62,94
06,42
64,55
17,19
64,50
57,97
14,42
00,67
76,79
54,80
08,05
69,56
66,21
38,24
17,35
43,66
92,67
16,81
24,86
