85,82
29,76
69,45
92,07
80,55
53,44
26,68
73,05
66,42
37,72
50,68
18,12
66,99
22,64
03,84
18,58
80,44
79,35
75,70
55,11
18,83
03,03
01,19
25,59
81,84
30,59
79,65
66,61
17,53
76,77
50,24
05,21
93,73
32,37
39,54
34,39
64,01
09,08
45,81
95,43
07,08
16,52
65,66
00,49
38,39
52,40
25,68
01,63
78,31
15,55
22,56
29,84
75,84
56,49
71,23
40,82
81,25
19,08
56,79
51,51
19,12
15,67
30,56
97,10
43,50
45,70
67,03
55,41
98,58
61,32
82,43
46,50
77,31
34,55
38,41
56,98
64,75
11,33
15,81
86,13
07,47
76,76
19,36
59,29
62,66
98,05
74,96
21,44
18,66
46,71
28,97
68,53
27,57
65,97
07,34
54,89
05,54
93,63
09,84
45,69
49,83
92,14
05,80
01,39
85,39
14,08
64,97
98,17
22,97
77,17
33,76
18,29
05,96
05,28
54,06
51,46
82,21
17,18
86,38
22,81
57,02
77,30
25,32
41,05
98,08
34,11
05,00
43,16
79,79
79,69
13,66
27,37
78,81
52,28
61,21
12,70
23,97
45,97
37,80
22,40
92,59
25,05
86,41
16,03
82,41
89,05
64,81
69,18
29,02
56,05
95,71
40,70
41,38
95,58
31,95
30,31
38,24
81,23
33,61
95,00
84,03
85,75
40,95
58,36
36,52
89,79
55,61
92,08
61,72
50,98
72,05
71,63
57,50
05,70
12,85
14,24
14,84
86,69
75,35
48,67
85,13
59,36
98,49
05,16
96,81
77,88
34,55
09,65
09,06
28,62
85,18
62,58
59,13
02,37
18,82
62,29
71,17
10,20
53,03
18,46
64,58
59,88
65,55
24,05
18,34
61,35
87,00
23,73
66,15
58,25
58,27
37,88
52,68
36,01
11,31
96,27
63,19
86,58
85,79
59,49
61,85
74,09
55,59
87,54
06,87
74,96
11,54
79,17
72,17
48,58
05,78
62,10
32,95
23,22
75,60
94,50
40,68
62,39
60,92
19,95
41,43
32,74
20,90
63,50
97,28
52,39
08,40
94,44
43,62
92,34
01,46
92,10
95,71
48,01
87,38
07,02
48,63
88,71
21,91
45,86
29,88
82,22
04,33
50,39
68,45
41,99
27,47
77,57
25,98
64,83
14,94
54,51
52,97
96,41
17,02
22,86
31,16
51,56
90,89
42,65
86,64
19,03
71,37
96,09
37,85
80,07
46,15
71,60
14,79
63,17
15,35
96,25
24,10
56,13
56,99
42,37
68,53
28,89
41,62
00,47
03,25
98,47
44,54
94,30
23,00
10,73
84,35
95,40
07,00
93,07
76,87
42,34
91,21
11,46
12,94
09,69
48,70
03,89
11,88
04,81
48,86
80,68
67,66
94,21
39,32
37,30
92,33
38,03
39,85
87,45
92,81
08,68
49,49
78,80
70,90
83,59
03,31
43,20
08,70
90,07
48,58
23,58
12,18
74,04
33,43
34,83
28,62
14,74
58,63
73,25
02,83
67,51
48,42
40,53
42,63
82,25
02,69
95,67
85,34
09,32
40,30
24,82
89,74
78,32
36,87
40,68
72,31
30,63
24,42
40,84
03,93
05,33
02,14
63,24
11,96
40,82
19,97
92,90
07,05
63,42
22,58
20,21
21,30
68,00
21,73
31,80
86,38
62,00
44,80
11,86
10,35
54,94
46,88
77,39
78,65
50,27
97,68
00,79
43,23
20,21
68,68
13,49
30,67
20,00
07,51
30,77
27,91
34,41
69,32
75,02
35,88
23,77
01,36
18,86
25,14
79,86
73,17
38,06
57,41
96,38
92,19
98,69
16,73
84,90
46,31
77,11
75,54
85,07
24,97
42,79
77,17
52,83
68,02
48,78
30,74
13,84
03,94
78,37
36,37
32,14
16,72
23,76
48,45
47,97
69,65
89,89
22,93
95,52
17,35
62,73
70,41
40,53
78,51
67,36
35,23
24,77
51,30
28,56
22,19
53,51
84,04
31,22
78,28
07,72
25,48
53,94
87,37
03,82
52,78
65,29
53,08
14,61
37,91
31,40
89,19
74,30
50,87
24,89
94,97
01,64
08,04
81,23
74,86
89,53
81,63
96,49
03,21
44,74
42,71
17,78
63,94
41,05
66,57
43,23
91,71
26,50
62,48
17,33
16,12
11,22
90,82
45,18
73,75
09,03
09,57
62,16
09,69
46,91
68,72
28,40
43,06
74,20
03,82
17,87
52,37
63,82
89,28
44,85
15,56
21,38
35,36
46,89
60,15
84,92
52,59
32,94
64,74
30,69
94,84
96,63
69,62
52,42
05,38
85,28
39,34
58,46
82,53
96,11
80,68
61,32
34,47
97,70
54,89
13,33
50,46
44,53
40,68
06,38
86,62
74,81
05,32
14,20
69,59
91,34
10,52
35,00
09,14
15,68
28,59
55,95
28,59
38,97
82,98
55,51
31,26
11,19
24,10
17,69
91,77
00,91
44,56
39,70
50,05
21,35
07,37
81,93
93,12
12,98
83,57
12,70
69,45
13,62
43,14
73,91
29,65
83,09
11,06
33,47
07,71
78,85
08,04
16,99
79,46
11,60
30,01
98,54
83,26
67,53
52,36
66,86
80,07
22,22
73,89
24,82
43,80
95,55
81,50
90,99
11,18
01,10
07,38
85,44
82,20
26,39
67,42
75,48
80,77
17,36
36,86
29,16
70,43
21,65
54,81
91,36
28,17
71,47
10,16
78,66
04,64
19,31
39,07
61,95
54,53
11,99
71,45
03,86
25,12
83,09
16,22
92,70
73,94
91,72
14,33
13,91
82,72
26,78
35,23
70,89
41,98
84,27
46,62
09,68
41,00
09,47
08,62
38,88
84,46
55,47
62,22
98,87
38,18
60,03
52,11
97,85
64,79
67,33
84,15
53,85
66,68
78,26
69,79
09,32
35,04
77,30
13,64
70,21
29,70
03,58
98,02
72,70
70,72
33,12
12,89
60,35
74,34
65,08
75,09
30,87
92,86
89,46
02,77
87,61
35,08
61,51
05,31
07,35
08,93
06,26
48,67
16,99
14,53
10,30
26,05
78,74
33,54
80,30
66,31
47,21
93,99
74,84
09,96
60,33
85,16
46,51
76,08
51,73
62,10
79,57
42,31
19,12
50,23
33,05
81,38
37,09
74,57
36,57
69,26
72,74
58,23
56,17
56,86
91,61
14,91
62,78
07,45
37,83
34,88
10,33
62,70
04,22
03,55
71,94
46,18
11,04
03,33
55,14
30,24
45,09
72,74
45,97
07,22
20,62
54,01
38,07
76,53
68,35
19,28
32,32
17,83
79,23
17,65
81,98
51,83
61,94
75,80
28,59
25,68
13,57
88,54
36,05
18,87
47,44
96,21
39,29
64,63
54,81
06,90
67,44
21,53
29,50
24,56
20,73
37,68
31,04
77,27
42,90
00,37
26,05
85,36
48,34
84,50
76,16
97,01
27,16
43,89
37,59
49,20
75,77
52,25
52,85
16,37
91,79
01,63
36,16
21,16
65,82
77,79
59,78
37,81
28,83
83,55
79,69
76,31
10,89
57,37
61,92
65,47
83,45
36,11
88,06
51,35
78,49
61,34
73,83
23,95
82,40
54,15
29,84
34,23
53,07
14,65
73,12
16,82
02,98
78,41
06,66
39,21
42,24
57,08
34,58
12,61
02,87
93,28
43,72
52,67
83,97
52,36
04,67
58,01
34,95
05,24
13,77
75,82
78,53
06,87
62,21
62,67
87,07
82,92
47,60
12,93
08,22
15,37
35,68
06,80
32,28
93,75
26,94
70,75
36,97
58,97
60,39
61,52
80,04
48,88
47,33
82,40
07,67
05,47
14,28
37,49
71,45
47,49
01,17
54,70
57,53
87,57
54,34
77,38
44,42
03,82
20,21
05,77
37,99
80,60
44,83
77,35
64,45
64,72
76,17
55,54
03,97
79,01
49,66
00,29
14,36
75,19
33,05
73,31
03,29
53,40
26,80
01,71
61,09
38,48
83,62
92,43
94,91
48,15
55,50
06,53
67,54
76,72
41,92
54,03
64,02
32,74
75,67
83,02
04,03
06,91
47,83
40,18
10,12
29,37
24,69
14,79
72,69
57,98
17,14
03,89
38,91
74,55
93,54
60,51
75,14
22,26
46,47
07,82
85,36
92,64
57,08
64,74
53,10
00,33
47,10
28,80
29,30
80,60
23,73
48,02
98,69
82,31
74,69
92,36
91,55
38,35
24,90
83,33
27,82
95,00
74,16
41,78
38,32
93,63
47,08
62,25
30,75
74,40
61,34
52,68
03,43
08,15
55,29
78,53
72,74
68,60
05,35
58,83
20,56
48,40
76,30
03,17
00,43
78,85
86,50
41,83
35,56
81,51
38,87
17,78
57,32
80,68
49,35
92,97
15,65
18,05
82,95
37,07
51,46
91,03
58,19
71,19
93,88
95,41
94,52
34,82
96,33
74,84
42,12
92,04
19,24
15,47
19,53
45,50
29,44
03,76
85,40
38,20
78,42
33,60
60,11
24,38
83,10
08,71
87,81
68,67
36,87
91,97
79,13
70,98
60,50
97,48
13,18
69,98
96,81
45,08
38,54
60,09
36,90
22,64
89,34
75,89
73,34
89,80
55,27
26,65
86,71
08,60
50,16
44,39
43,79
42,19
68,63
02,33
26,74
02,23
00,31
78,06
07,90
88,19
29,26
06,57
91,77
86,73
63,14
21,06
81,52
16,79
59,39
28,35
18,36
69,49
55,57
63,37
97,95
08,16
58,71
58,06
76,51
42,09
63,05
47,88
90,00
35,14
37,16
55,17
89,60
71,90
39,98
51,67
81,57
09,77
05,62
59,59
31,65
80,67
50,98
85,41
18,13
59,90
62,04
84,90
73,95
00,14
21,06
46,86
96,54
48,20
48,64
50,84
56,44
22,72
65,61
98,74
96,03
44,74
61,26
36,81
67,59
96,63
20,65
82,60
00,27
24,33
47,84
74,19
78,48
17,96
85,71
69,35
66,92
54,11
24,81
06,75
67,44
11,77
61,50
14,65
11,05
84,07
88,64
72,43
16,41
36,04
35,04
75,33
62,25
61,63
19,03
13,40
76,82
27,08
43,97
00,43
47,40
27,20
76,37
89,95
38,85
62,79
38,27
93,66
01,46
70,66
67,49
72,84
35,10
38,87
96,50
32,28
91,64
52,98
14,87
35,02
78,20
61,74
86,39
68,82
40,90
12,45
47,71
56,92
16,90
14,96
63,32
58,92
43,54
21,27
28,73
42,68
34,62
47,33
52,07
00,46
42,45
65,46
49,31
78,02
57,39
92,86
59,86
51,59
04,26
50,40
79,67
02,67
26,91
22,48
05,53
00,42
91,31
59,29
54,94
63,52
49,02
72,01
66,43
64,43
50,35
26,56
20,44
83,93
46,66
27,86
88,35
71,81
33,39
91,82
82,57
54,75
56,43
32,48
94,57
41,50
41,98
54,00
35,92
28,22
55,11
55,45
93,82
55,40
61,94
32,85
46,75
91,60
09,77
50,76
84,73
14,09
10,28
14,63
35,77
34,25
77,42
73,81
90,20
90,11
26,85
43,03
81,03
29,58
14,19
51,96
79,56
44,60
83,97
68,48
28,17
14,95
46,67
16,71
57,54
52,81
90,05
78,31
84,42
31,64
37,76
46,08
29,52
65,77
04,97
65,62
39,21
49,26
41,16
81,40
72,40
07,19
04,67
13,62
26,09
02,34
17,48
05,83
72,19
60,45
64,38
96,93
23,40
98,00
73,48
00,26
01,11
27,99
37,26
39,08
67,97
92,81
36,89
29,37
47,81
37,72
43,43
55,18
12,68
23,37
74,96
08,10
37,98
44,21
18,77
91,45
59,70
49,11
30,61
45,64
82,54
52,61
69,82
38,15
58,70
60,47
25,79
89,84
59,01
47,80
38,70
53,14
39,44
27,31
55,50
02,64
11,97
22,05
72,97
58,99
17,52
08,37
82,54
32,83
18,55
24,25
59,80
75,43
08,02
53,97
88,87
93,29
70,37
79,51
65,72
04,58
18,57
61,36
59,38
36,54
52,48
50,65
87,09
85,25
15,95
62,43
96,16
78,23
24,11
32,87
14,89
89,19
83,16
62,64
94,71
47,92
40,33
16,69
49,45
10,14
18,81
59,40
21,75
32,20
65,90
53,93
43,33
71,07
31,05
02,21
77,44
50,10
61,94
08,18
37,41
77,85
45,46
75,42
49,24
88,34
54,19
75,22
22,86
53,43
21,69
26,24
60,69
66,78
16,01
16,36
55,61
52,06
35,63
47,56
91,86
22,15
18,32
22,38
92,56
48,30
96,54
07,53
29,22
30,97
34,21
12,83
32,42
27,75
89,33
80,05
47,29
11,28
97,91
40,82
73,12
35,76
58,98
13,63
60,13
62,39
57,27
43,35
37,22
63,66
88,69
43,18
74,67
46,98
65,00
73,09
04,49
73,07
38,38
38,89
35,42
15,19
08,44
93,04
61,88
87,50
28,57
44,99
52,05
26,48
62,35
24,40
74,45
08,21
05,70
40,23
44,82
28,45
20,12
69,68
09,86
24,15
16,56
43,36
45,94
80,91
33,55
70,88
86,69
35,25
72,25
28,87
43,36
49,89
69,78
53,26
41,54
97,61
90,89
33,86
60,37
00,25
72,31
70,98
02,74
62,17
37,05
69,70
01,29
65,37
64,99
69,66
38,15
69,04
04,57
70,97
05,97
81,74
57,52
10,67
23,30
19,52
14,24
39,71
01,81
93,65
30,86
31,67
15,91
34,43
15,51
73,08
37,70
85,33
09,48
46,73
60,53
70,47
12,21
85,95
39,01
94,93
53,49
95,00
54,83
59,45
58,94
54,87
23,49
08,67
28,94
98,82
36,77
78,82
97,68
50,67
60,70
40,60
28,93
92,72
88,69
86,85
24,66
44,46
74,50
58,07
66,29
29,70
69,10
67,25
06,56
90,91
08,46
94,79
59,02
77,69
01,64
67,12
00,72
31,92
08,41
62,98
65,56
67,17
94,45
32,62
32,76
67,24
03,49
66,18
58,85
42,35
81,05
64,67
37,87
97,56
72,25
66,51
37,57
32,22
73,44
58,55
76,69
28,07
34,84
60,59
11,06
53,59
93,92
92,23
78,44
76,63
04,27
62,41
12,86
95,85
30,87
81,89
70,86
56,99
90,30
07,77
25,74
59,96
06,60
19,82
00,01
96,74
48,35
17,13
22,87
45,11
80,91
55,67
50,06
27,76
86,66
92,01
57,25
14,87
20,99
03,92
21,51
57,67
10,45
28,29
59,78
77,84
90,83
62,81
14,66
09,27
44,80
56,99
20,47
68,22
76,13
01,23
36,09
83,01
69,64
75,32
64,64
07,59
22,64
34,30
32,51
83,18
63,96
08,38
59,19
84,04
52,24
00,59
98,40
13,08
27,11
05,42
92,24
96,28
12,13
12,26
34,98
19,56
45,90
90,75
25,80
18,49
34,11
32,53
36,74
67,67
12,78
02,70
09,12
98,98
36,78
17,34
49,50
48,14
10,32
78,16
04,05
19,88
89,02
05,95
21,52
55,19
25,90
05,71
61,41
35,52
14,19
65,06
27,38
02,65
61,09
17,12
43,32
03,12
04,91
15,46
60,58
48,55
42,28
04,07
84,89
65,13
83,33
83,50
09,04
55,64
52,69
90,17
44,80
35,07
28,21
79,81
54,91
03,39
44,44
75,56
79,68
08,93
29,29
78,92
82,50
24,54
95,60
46,88
47,19
95,43
76,79
54,02
68,18
51,19
24,40
15,23
21,33
54,57
78,88
04,70
85,42
70,11
68,83
33,48
70,37
54,50
51,63
61,59
67,63
31,58
08,48
91,03
46,44
19,48
47,68
76,22
90,18
65,10
70,32
98,84
61,55
16,44
09,64
11,40
76,86
95,64
54,66
05,44
72,70
93,49
56,02
96,13
38,71
58,43
72,63
10,15
92,40
87,44
49,13
30,68
96,92
53,36
73,92
72,66
90,55
41,00
91,33
17,44
61,27
03,44
21,40
21,91
64,69
14,38
56,48
81,67
43,27
89,05
20,21
07,72
87,06
80,42
50,49
12,12
43,96
86,74
30,13
73,65
62,84
30,40
56,45
98,40
45,11
23,00
03,43
30,18
47,63
25,29
14,50
94,42
78,24
24,10
27,69
39,94
17,03
85,94
27,67
00,14
67,59
40,00
77,91
74,82
84,83
03,62
13,15
41,75
60,15
45,95
96,24
92,10
13,24
88,74
24,82
26,87
94,30
63,18
53,00
29,83
51,04
32,88
22,04
58,31
72,55
57,93
63,83
33,28
12,78
14,26
62,92
60,57
28,66
00,63
68,16
62,03
70,25
84,28
43,60
53,19
15,98
95,01
84,33
32,17
20,83
35,05
11,35
60,49
56,72
23,42
02,08
88,56
58,65
91,63
24,44
57,33
22,71
39,72
76,18
33,10
60,41
25,64
42,02
78,10
35,70
33,41
42,44
28,64
65,44
53,49
54,67
46,84
20,26
39,93
49,42
69,80
01,36
76,26
97,15
00,26
36,96
53,33
89,57
92,84
97,32
80,01
07,62
14,24
78,16
91,66
83,48
47,48
85,80
85,11
10,33
59,88
13,84
04,80
23,73
70,26
70,31
37,88
55,52
40,12
03,19
24,58
05,29
32,66
21,59
62,52
33,14
84,83
29,80
12,54
93,49
39,37
37,18
31,15
31,50
18,57
14,84
38,44
05,19
11,23
59,22
08,60
35,01
09,47
07,46
96,53
88,50
76,75
47,19
84,06
63,63
76,14
75,30
58,20
62,14
55,33
42,71
07,81
98,70
15,27
37,94
93,42
19,48
03,41
83,59
65,70
55,27
50,58
02,57
36,17
09,68
57,43
48,00
94,99
86,01
53,10
13,16
54,75
77,59
10,06
29,21
04,82
41,44
59,02
20,19
62,70
94,22
71,24
84,30
41,34
05,05
83,64
16,37
82,57
21,97
32,96
06,95
52,33
84,48
27,01
11,09
38,02
95,10
21,80
95,96
00,82
40,82
95,47
35,60
47,81
24,77
08,71
55,39
42,03
55,79
10,00
98,99
43,62
26,00
22,41
17,24
86,60
01,32
49,24
39,52
33,01
53,19
67,61
80,16
85,04
45,80
69,58
32,96
76,66
91,03
60,76
28,65
15,81
10,94
94,50
69,00
63,87
16,11
22,02
31,57
69,37
66,07
51,29
97,58
88,00
44,26
93,86
74,20
60,33
25,43
19,70
97,20
70,14
31,78
80,20
60,90
94,27
82,59
06,16
34,16
76,34
80,88
07,22
75,21
86,06
00,11
63,73
04,41
26,26
73,99
63,18
12,01
07,73
34,18
18,70
81,60
89,84
42,82
81,80
98,00
96,05
67,71
69,73
14,25
24,47
36,34
45,18
79,60
76,66
83,20
84,80
28,37
85,88
57,02
38,20
30,14
50,13
82,35
00,43
56,79
32,55
66,01
90,96
10,77
67,37
59,19
88,96
87,09
94,39
82,09
73,63
02,65
00,48
64,25
82,69
87,94
79,07
28,60
30,77
67,24
52,62
26,00
29,45
77,15
41,23
95,69
80,13
23,69
97,68
10,61
36,62
28,77
24,36
34,51
15,25
35,85
24,93
41,75
45,84
34,05
73,18
81,29
63,57
61,20
21,64
13,04
12,89
67,13
55,81
96,36
18,85
98,79
48,63
52,23
01,42
17,73
47,96
61,62
30,92
30,07
65,06
38,34
20,65
84,18
76,03
55,94
24,31
49,04
10,02
66,28
56,01
60,61
20,83
30,51
88,19
30,25
57,74
15,78
73,58
37,19
13,29
28,22
46,57
68,53
05,32
68,49
01,64
07,63
94,33
30,45
06,78
93,38
42,49
82,67
14,64
61,33
14,86
25,91
45,77
49,58
29,73
15,90
83,63
90,01
76,51
29,48
89,51
81,34
78,78
47,54
58,81
42,65
77,57
02,04
75,73
83,02
07,27
67,07
89,60
05,00
86,26
42,87
19,84
83,33
16,08
01,45
24,67
98,07
56,27
63,07
24,43
83,53
12,76
04,09
22,73
16,34
76,25
54,06
01,03
73,94
77,92
48,10
75,92
31,61
00,62
11,11
84,98
86,82
42,54
75,00
33,11
65,72
05,92
81,47
76,39
69,63
29,59
92,93
52,68
93,54
77,62
46,61
26,71
79,88
76,37
39,12
52,29
13,98
21,01
44,52
56,40
41,30
47,62
38,07
15,84
22,89
30,58
08,14
87,63
08,08
84,02
28,84
71,79
71,25
95,20
72,46
03,03
28,22
73,88
36,29
74,13
85,74
05,79
69,67
72,98
08,45
26,09
10,24
26,08
79,85
74,35
18,56
33,86
08,04
79,49
61,76
38,19
00,97
24,65
73,96
75,31
27,70
96,47
70,23
22,26
75,20
73,78
11,00
89,44
67,21
01,22
34,86
40,43
59,79
31,51
26,40
93,50
62,49
68,09
94,56
75,32
95,37
90,09
11,10
10,44
30,42
92,91
55,76
90,96
33,63
71,88
16,98
85,38
81,39
68,29
74,22
91,14
80,73
65,11
12,37
72,99
83,53
58,22
04,10
05,11
77,95
56,48
15,75
08,25
74,10
61,43
00,80
47,98
12,19
55,45
38,77
51,92
63,42
83,43
39,34
49,18
18,32
51,58
86,37
95,03
79,40
68,15
93,27
29,78
40,59
62,02
90,86
29,06
38,42
57,61
71,35
76,72
38,44
56,18
77,11
29,37
43,32
81,94
19,64
61,92
62,64
64,20
89,17
26,52
50,59
98,84
32,55
76,10
47,42
08,54
27,04
39,21
52,04
29,25
34,08
95,76
80,01
11,10
62,41
98,06
59,60
59,75
11,33
00,51
52,98
71,48
49,60
97,49
98,02
20,95
19,94
92,72
04,99
17,34
35,93
37,35
38,55
42,10
98,07
19,31
06,02
58,04
40,34
51,22
22,90
53,39
52,15
59,08
51,27
20,92
66,01
39,35
73,21
88,81
92,35
51,83
57,00
26,96
50,16
35,69
82,55
00,68
53,63
81,29
76,36
41,68
73,44
87,60
19,36
92,90
11,83
19,48
85,70
18,49
86,54
35,11
05,91
46,75
80,03
15,14
04,05
00,85
20,84
96,71
54,50
71,86
66,29
73,34
38,79
69,01
85,40
25,29
62,07
22,45
94,43
66,25
89,51
42,11
87,38
67,52
94,58
65,06
47,37
54,96
35,85
58,96
03,96
54,83
27,03
73,51
73,44
34,54
86,54
17,78
98,17
07,73
06,25
00,53
64,40
21,86
95,16
37,67
84,15
17,33
59,73
35,59
98,24
44,00
39,29
70,60
40,02
63,07
70,04
75,68
02,98
06,01
23,88
84,37
49,04
55,10
71,79
41,09
84,01
35,45
75,27
83,49
29,98
17,89
61,02
18,55
32,71
45,10
17,07
52,20
53,83
59,87
16,51
31,14
88,32
51,58
40,81
27,01
83,17
95,40
65,47
50,93
35,52
40,86
35,11
36,42
74,93
03,06
57,53
04,26
59,87
76,94
18,73
65,80
26,38
38,31
14,01
38,99
83,30
88,04
87,88
32,47
63,49
55,98
72,85
61,28
67,23
76,29
94,51
77,61
03,01
83,05
59,75
48,77
34,05
36,54
89,43
21,37
22,04
54,64
28,42
97,92
66,93
82,89
14,69
20,46
34,75
16,41
68,84
79,24
78,30
19,13
25,37
36,97
53,67
41,50
83,08
85,53
52,50
89,05
73,77
09,31
75,60
26,86
55,06
12,22
08,19
14,37
86,71
66,45
37,19
52,72
78,18
98,65
39,92
85,75
12,31
52,84
13,63
34,17
23,89
26,78
30,63
78,15
27,54
31,73
66,95
91,53
45,47
39,63
38,01
03,47
34,49
93,77
66,10
21,74
67,58
42,56
06,24
06,29
72,98
00,11
23,58
39,97
00,63
01,05
53,21
00,03
34,98
06,30
33,34
35,25
67,59
23,63
34,43
61,93
61,14
79,84
08,34
53,74
62,15
28,28
79,26
55,74
54,23
95,09
34,87
95,04
44,17
04,17
58,06
44,88
36,29
49,93
07,50
04,54
53,87
24,77
22,37
14,50
31,95
66,34
05,41
71,77
14,29
83,67
22,38
19,75
65,97
60,84
24,29
98,36
26,75
47,53
07,21
21,22
96,21
84,41
79,14
69,81
01,62
45,12
43,61
79,15
24,42
79,42
34,80
46,40
66,38
52,32
24,42
19,18
51,60
03,54
30,72
80,92
49,97
31,55
42,63
82,52
84,89
08,77
15,56
05,90
29,75
29,00
57,97
39,78
96,04
91,13
00,63
46,70
91,72
53,60
81,41
14,12
89,26
37,39
92,06
73,52
52,70
81,65
48,94
47,10
43,64
25,14
79,36
82,26
17,69
60,50
65,56
19,65
22,60
79,06
65,82
63,73
95,63
07,79
42,26
79,94
73,20
75,97
86,75
19,70
97,09
30,00
50,58
72,04
57,98
36,23
52,57
17,72
61,95
10,42
70,83
47,72
81,85
67,52
91,30
03,80
14,79
27,79
13,25
08,78
23,22
45,06
03,92
07,30
43,72
18,15
24,57
21,70
69,22
27,74
35,63
11,55
40,75
87,78
28,73
89,51
21,94
58,86
43,05
75,31
51,08
39,09
48,88
81,21
17,77
04,31
02,80
27,83
24,80
61,97
11,75
44,15
80,51
07,40
80,03
65,13
66,85
13,95
37,05
61,14
11,70
84,85
83,91
35,97
28,43
83,11
61,57
27,22
58,33
86,42
43,07
81,50
79,90
09,74
48,05
42,41
49,99
77,27
94,50
70,48
69,13
06,93
74,03
62,78
68,96
39,10
82,44
48,62
47,74
11,82
16,24
50,78
98,00
87,61
80,24
84,59
16,62
61,23
56,28
09,52
75,62
52,75
04,29
97,51
35,81
56,55
89,54
03,56
31,24
65,00
77,38
78,05
86,57
78,54
05,73
95,42
96,54
53,40
63,15
50,55
88,09
61,14
61,46
52,70
15,71
46,23
68,56
39,65
01,39
34,56
95,60
91,68
79,67
21,62
93,38
32,46
76,30
93,22
25,58
86,79
87,31
60,29
84,34
51,09
35,39
61,23
28,67
46,16
90,24
92,31
98,21
79,30
72,48
40,64
24,97
25,38
68,91
39,62
05,10
07,47
33,99
82,59
83,71
51,99
68,68
91,66
68,77
82,02
07,20
17,93
32,98
64,32
72,54
84,30
03,64
93,22
20,36
14,20
43,06
90,88
00,38
46,02
72,77
14,92
49,02
73,93
17,96
30,30
52,09
39,92
94,17
82,61
63,12
80,47
10,85
00,48
51,83
29,10
68,08
03,78
71,72
42,20
42,43
72,48
40,25
22,45
25,03
88,68
48,40
12,43
03,48
11,42
29,61
89,93
84,97
84,84
40,69
78,58
50,15
67,31
29,92
58,75
59,69
37,83
00,01
46,44
44,66
22,51
92,69
14,22
34,32
01,40
81,14
54,44
83,56
63,41
44,82
80,07
22,62
97,71
07,01
11,40
22,66
39,49
94,70
57,49
82,43
77,40
79,46
33,15
90,25
33,71
52,67
21,24
25,39
28,83
06,25
18,87
52,29
45,04
80,38
26,57
57,84
49,49
55,37
97,24
60,72
73,55
67,50
74,81
51,57
83,54
63,49
33,62
04,93
42,32
06,08
25,85
18,69
65,13
67,23
70,79
52,15
05,14
94,49
60,85
33,93
36,64
14,36
57,19
38,31
24,70
20,47
46,94
50,10
35,22
96,18
77,46
48,54
21,88
66,04
40,78
77,44
60,31
98,89
82,84
96,45
20,12
68,16
35,11
34,19
63,72
57,40
03,75
03,80
46,14
16,33
46,83
85,57
27,84
65,04
69,49
13,25
61,55
53,67
86,06
36,03
23,77
87,20
94,99
18,24
27,86
49,04
65,47
27,36
67,55
57,64
83,07
71,24
34,19
21,29
30,50
68,18
12,83
66,26
60,49
04,95
45,56
48,69
27,54
03,77
40,52
75,35
60,88
85,02
42,64
04,21
40,08
75,30
53,38
12,67
04,36
83,66
61,22
76,03
52,36
63,90
70,57
25,07
40,32
28,88
60,88
87,60
27,14
89,24
78,55
08,14
63,65
68,48
71,61
12,09
05,47
18,41
96,97
27,40
10,63
80,01
03,28
41,99
65,76
10,26
54,32
03,97
90,02
79,07
12,39
84,31
03,39
91,76
83,50
32,52
31,08
28,01
68,26
61,52
02,68
53,67
89,71
51,26
18,75
47,69
58,74
47,28
34,02
86,81
42,13
83,03
71,03
79,93
18,12
82,54
89,47
30,65
89,47
14,83
83,38
52,74
84,74
37,58
29,04
81,10
20,13
85,35
17,58
41,57
18,49
09,07
12,61
86,52
87,83
08,37
34,57
43,14
14,25
83,22
41,99
31,52
00,78
30,04
98,01
92,43
17,92
03,62
33,84
75,06
25,71
16,36
85,65
92,19
23,58
00,24
86,29
19,72
64,47
17,59
83,80
35,78
93,05
01,86
33,37
93,43
10,95
39,14
70,39
42,33
51,64
22,81
78,93
98,83
67,49
40,28
97,51
43,49
27,07
84,66
69,33
49,09
22,09
18,81
30,40
75,28
52,88
38,53
38,21
87,96
76,09
64,40
03,18
73,89
51,60
73,94
28,17
90,25
95,10
90,27
04,87
79,18
52,70
52,32
90,07
57,03
21,33
66,51
03,60
91,49
29,93
84,93
98,32
68,39
52,68
19,06
61,84
40,02
54,72
47,37
35,43
66,34
10,17
73,23
19,13
48,65
01,69
05,26
37,61
62,32
13,56
53,37
26,79
22,15
47,38
84,70
13,19
02,45
55,32
55,89
75,36
75,11
59,83
29,40
56,17
33,29
48,24
71,85
46,88
84,06
60,56
96,91
31,23
54,91
65,34
26,80
66,29
33,56
05,14
21,00
96,98
46,59
20,87
46,59
60,42
80,19
24,40
19,43
98,08
02,20
45,58
89,36
31,47
74,93
15,90
29,48
38,88
20,29
62,55
88,85
02,97
91,07
74,21
11,94
14,50
29,48
64,26
95,78
06,51
64,85
06,24
30,61
79,35
40,43
42,63
28,01
07,75
46,42
63,59
27,36
62,84
58,70
33,37
50,67
90,63
09,76
98,57
29,34
59,59
05,28
67,61
58,32
55,63
75,71
18,55
64,96
69,32
16,42
46,90
23,20
87,59
47,22
81,66
79,56
58,46
34,20
76,96
27,76
15,40
51,53
96,98
68,09
56,93
98,97
38,70
13,19
56,62
49,81
81,88
72,14
27,75
07,46
70,50
91,72
24,74
58,49
04,00
11,00
63,43
94,37
96,69
18,68
40,78
80,33
22,08
33,90
03,25
68,63
26,78
08,88
73,32
54,98
90,70
26,26
64,90
87,60
96,82
57,51
12,24
64,52
95,55
95,88
50,13
60,06
56,98
98,85
25,67
64,31
27,78
28,28
54,35
24,60
92,26
93,36
84,04
18,05
27,67
81,52
91,22
19,84
51,82
49,97
34,21
53,89
53,55
70,47
27,94
65,58
22,41
14,74
47,85
85,15
45,71
51,12
63,51
07,82
58,95
81,94
05,99
46,72
93,86
00,49
27,27
94,17
78,08
13,55
69,03
42,40
42,21
70,23
56,55
03,21
54,39
57,57
53,67
19,79
70,36
47,04
89,18
15,77
89,54
26,54
14,81
00,19
50,52
43,35
86,15
22,16
48,51
58,37
00,11
35,01
60,71
11,91
53,73
03,81
65,74
71,26
38,82
74,35
03,02
58,49
47,88
09,95
80,89
97,28
65,22
57,93
63,10
86,46
71,66
50,19
53,36
41,01
95,58
67,45
09,39
05,14
97,98
52,16
54,89
08,18
12,53
08,99
08,76
75,30
78,99
57,58
58,05
97,28
18,44
01,27
16,63
98,98
25,95
63,43
55,05
56,62
71,90
96,58
71,73
46,60
70,16
28,02
77,52
26,16
12,54
64,92
88,07
86,08
44,61
92,25
09,10
44,29
24,95
95,58
38,65
82,42
31,23
01,26
97,83
83,21
28,09
28,16
64,19
46,86
76,89
04,26
30,96
25,69
66,72
95,84
64,81
69,72
77,70
89,41
03,44
10,33
43,70
50,37
40,41
77,44
64,00
78,68
09,26
13,56
28,01
97,03
94,20
76,44
54,37
63,46
44,53
36,11
22,13
63,67
28,65
85,84
57,37
92,15
74,83
09,53
76,89
83,41
71,85
75,17
32,81
25,95
30,16
48,16
82,99
56,74
39,93
49,55
44,96
08,73
16,77
13,50
77,93
34,06
08,13
53,99
72,82
41,57
68,52
55,93
50,86
21,81
43,67
90,92
56,39
48,41
72,48
61,25
34,68
16,96
43,41
68,85
89,59
61,96
33,13
13,47
12,43
10,25
51,09
23,96
02,34
84,64
72,21
42,80
80,75
20,57
67,56
89,06
73,81
95,36
81,16
41,74
50,99
49,44
75,27
05,95
89,88
04,39
56,64
43,92
69,17
67,29
32,96
81,44
21,45
76,51
95,61
10,81
98,97
69,22
17,34
66,40
80,99
90,33
40,96
72,54
96,41
64,29
20,23
85,53
18,55
80,39
80,66
16,64
56,87
85,53
23,29
47,92
18,05
88,48
63,93
11,17
30,63
35,33
07,49
32,40
35,65
38,20
74,87
19,74
30,13
96,74
73,92
08,38
89,51
79,89
76,55
43,26
73,58
89,98
85,45
49,59
75,18
94,17
27,59
81,44
40,52
39,12
45,49
44,97
81,48
37,96
16,62
18,60
29,74
80,73
78,86
14,64
28,57
68,66
84,15
58,96
53,38
49,00
92,40
84,61
48,64
01,71
19,87
84,64
05,17
86,55
09,90
89,76
84,34
57,02
42,28
96,15
73,37
91,07
15,56
86,20
75,93
23,62
25,15
58,88
11,51
89,34
66,90
10,04
53,77
35,80
09,35
78,06
61,20
91,40
41,94
11,21
71,58
40,52
11,00
67,07
09,69
80,84
29,03
45,81
39,67
10,72
32,83
79,11
17,72
30,55
94,68
08,18
36,98
14,03
22,40
21,65
46,93
55,38
77,27
25,63
22,72
62,89
40,50
72,13
87,03
46,43
78,39
68,54
70,86
93,02
36,86
68,85
41,28
37,15
71,35
33,30
97,87
45,92
40,97
36,97
35,02
02,26
41,04
94,26
58,31
55,66
16,68
74,13
55,48
92,31
15,06
56,59
24,33
72,26
39,92
23,05
33,84
54,27
64,03
30,92
84,10
60,42
97,60
76,22
20,50
78,56
76,38
22,96
19,64
56,30
18,61
17,38
29,86
90,46
28,91
16,57
35,84
82,71
72,52
76,52
47,22
72,59
14,14
73,98
75,28
46,86
24,19
63,59
21,52
70,15
03,15
02,01
30,46
66,54
01,73
05,11
88,92
39,99
40,38
38,77
21,37
12,40
25,20
87,41
09,70
26,63
07,64
79,85
30,52
48,68
19,13
12,10
92,81
84,04
00,28
37,16
92,98
19,53
76,87
72,17
65,98
79,48
07,30
87,00
85,86
07,88
77,01
44,63
96,42
35,96
86,83
83,82
67,46
62,34
53,73
39,74
73,39
11,06
75,28
14,95
61,98
82,69
74,73
46,14
21,11
20,03
71,00
30,09
91,39
86,99
87,90
84,48
80,05
40,68
87,37
89,46
92,93
19,23
25,08
35,35
04,25
63,19
66,68
90,89
78,54
63,15
79,66
14,63
28,37
73,98
85,01
74,10
25,82
76,59
10,50
15,50
32,69
85,44
09,16
26,23
05,51
52,64
12,83
36,76
97,07
50,84
69,39
25,08
84,77
73,20
77,88
60,28
15,82
23,85
74,31
95,81
65,33
27,95
35,37
57,58
22,74
55,64
68,30
72,01
31,69
88,79
22,37
32,02
50,94
40,28
09,33
74,28
35,71
84,04
57,76
28,88
24,28
41,03
30,01
65,99
41,33
00,37
00,71
70,61
39,26
70,66
97,25
39,55
89,33
03,85
07,61
97,79
13,91
06,98
88,84
35,57
73,19
79,78
43,52
21,63
88,07
52,15
42,89
13,71
26,71
09,23
97,06
18,16
14,94
90,44
63,86
15,00
66,72
29,27
01,18
31,25
65,74
85,66
86,68
90,08
50,17
73,55
63,47
50,33
54,18
21,17
22,20
86,45
19,40
68,57
71,66
80,29
41,75
88,40
39,88
06,88
59,35
23,70
06,78
32,92
73,18
72,25
75,56
91,46
96,09
64,09
78,85
91,07
77,55
74,74
52,67
97,94
91,81
84,79
02,24
42,10
06,94
89,79
53,25
51,36
27,24
16,65
26,01
62,51
11,55
26,06
95,62
07,09
77,17
36,20
22,85
14,82
79,64
17,22
91,50
58,94
23,40
76,15
92,57
84,89
79,85
91,98
85,11
66,61
43,41
97,43
23,02
68,52
79,68
82,87
10,31
87,06
87,57
33,92
25,09
85,85
46,13
83,53
09,03
43,29
32,63
29,21
35,09
81,88
39,84
07,08
02,43
60,61
51,86
25,05
50,64
50,22
58,27
89,70
03,49
53,61
73,00
63,41
30,99
70,95
94,72
50,60
11,09
43,21
91,00
15,23
95,22
69,95
14,17
88,98
33,78
34,52
58,17
48,26
93,82
24,34
60,28
92,60
23,70
93,44
79,15
02,69
29,70
75,83
60,21
90,22
21,36
96,31
78,87
26,35
57,50
38,89
71,72
54,83
44,35
37,81
17,52
93,69
02,76
92,46
94,04
60,52
70,10
25,14
67,98
17,91
50,37
13,23
52,36
38,50
91,32
02,10
97,37
05,95
19,35
75,91
03,89
85,44
49,55
63,58
95,74
48,95
11,90
37,95
42,93
25,29
71,31
67,58
51,79
29,78
02,16
76,64
01,26
19,17
69,44
48,84
77,51
77,56
14,26
46,64
54,91
83,03
74,75
91,59
23,80
31,12
88,57
84,14
07,16
60,14
14,18
27,09
32,62
66,15
52,11
64,49
91,17
36,59
52,82
38,94
30,28
11,20
24,69
97,78
22,66
24,49
67,75
17,32
52,76
50,90
43,16
14,82
86,67
39,36
14,48
81,69
51,28
94,17
81,82
77,43
48,07
40,01
01,36
63,43
29,50
60,01
88,96
24,10
16,57
15,96
01,29
21,79
02,06
91,39
79,97
21,28
95,33
37,00
45,65
29,78
81,32
29,25
55,54
86,98
23,31
05,64
87,25
66,06
33,52
77,63
32,92
22,40
46,14
65,49
30,66
80,96
46,75
61,35
08,21
31,76
18,09
69,74
57,33
33,06
22,43
48,91
88,21
56,55
98,27
03,41
11,26
14,13
73,11
88,55
65,18
33,87
93,37
10,93
02,14
11,24
82,99
97,35
09,72
45,66
67,49
91,25
51,39
67,40
73,25
77,15
16,44
43,81
13,75
42,58
96,20
43,02
70,22
63,53
34,23
48,63
69,86
65,49
08,79
85,97
79,95
31,12
44,35
60,08
12,85
81,77
05,37
72,21
05,67
02,95
82,48
34,78
59,56
09,57
62,51
65,17
62,31
42,70
21,59
09,62
74,61
91,50
51,94
06,25
88,93
31,01
47,25
81,59
54,03
01,75
52,92
41,31
45,80
43,18
09,74
77,13
25,58
36,55
28,81
41,87
47,51
91,01
19,98
56,09
06,73
94,33
59,44
72,48
90,30
95,49
28,27
48,04
91,57
96,54
68,33
16,50
52,51
90,72
10,35
17,62
70,18
79,90
87,89
62,05
76,80
90,13
34,15
90,26
87,36
96,62
51,29
13,17
81,63
61,01
00,41
05,15
11,60
83,85
05,47
68,22
45,08
81,84
62,86
54,58
60,78
86,33
80,51
90,15
55,99
88,96
85,75
50,96
08,87
52,99
70,36
60,20
43,05
29,57
85,00
15,98
64,79
37,16
88,63
76,02
08,29
75,08
60,05
74,00
05,07
70,41
26,02
61,50
32,12
78,30
24,32
26,38
96,97
94,26
15,44
73,55
34,80
57,04
76,84
98,47
47,28
61,37
77,01
36,82
96,14
46,06
85,44
19,44
57,95
45,80
10,46
38,96
80,64
60,44
61,59
55,17
75,11
28,57
33,61
67,03
13,44
46,82
54,78
15,84
75,37
39,52
17,04
70,04
03,89
21,12
02,93
07,04
00,35
74,32
40,89
69,79
23,41
21,64
00,37
84,46
54,70
21,96
74,72
66,57
67,10
26,57
83,32
56,45
28,36
61,19
70,62
06,21
65,21
09,60
43,82
10,14
90,53
28,80
03,11
00,70
24,51
34,78
05,75
82,73
82,71
49,50
07,55
29,24
12,99
20,08
46,11
04,34
05,86
88,96
01,99
54,59
22,66
11,23
40,97
52,38
65,41
76,28
82,70
28,99
66,22
50,76
48,61
33,35
48,75
88,79
39,00
80,94
96,84
38,36
82,71
60,61
12,42
18,13
19,86
10,82
57,58
03,95
33,85
90,43
24,04
41,93
54,50
19,90
94,81
51,12
27,40
54,49
94,86
82,50
14,10
68,43
04,95
45,73
45,65
75,44
77,37
22,42
43,04
34,76
77,35
40,03
42,93
79,42
20,35
95,90
27,63
01,61
75,95
71,34
24,84
24,47
13,29
08,36
60,97
20,10
57,22
78,33
82,92
09,31
62,14
14,50
26,55
14,07
14,54
09,39
04,42
45,93
67,73
81,85
11,70
16,74
16,83
24,62
81,98
96,94
03,37
23,67
19,97
65,89
59,25
24,39
20,36
12,63
16,46
44,51
50,09
98,01
56,28
39,58
89,49
18,14
06,06
77,93
50,05
09,05
36,41
72,98
84,68
49,34
34,95
82,20
71,48
73,92
28,27
85,22
94,41
23,11
88,31
19,84
83,38
60,60
44,02
51,57
72,38
83,32
92,29
53,47
17,85
52,72
95,24
40,17
85,57
86,54
41,13
30,27
51,33
78,91
03,65
89,69
66,51
91,37
07,39
25,05
60,62
28,23
80,43
84,51
01,00
75,92
32,60
73,61
88,64
68,55
10,95
48,69
23,06
03,78
19,32
25,10
16,58
27,60
38,21
17,66
11,76
96,58
67,58
70,38
30,08
82,22
49,21
57,14
92,16
07,86
39,93
53,64
26,48
76,86
14,21
33,80
01,77
73,01
35,74
54,82
95,35
64,39
06,47
53,67
60,92
13,38
14,52
03,56
70,74
33,90
34,87
34,34
75,18
01,84
01,22
69,78
39,94
81,92
45,77
69,45
46,64
12,48
53,94
36,91
54,75
31,24
78,70
01,92
61,72
35,09
90,48
46,67
88,35
01,37
90,92
13,07
14,76
96,67
90,60
79,74
18,44
93,19
78,94
00,46
49,62
47,17
27,94
16,70
36,21
48,39
61,39
96,16
52,02
81,16
98,02
69,21
24,31
65,84
07,03
48,77
15,41
22,05
51,72
10,14
35,79
21,74
14,68
68,33
58,43
73,26
32,19
12,31
70,76
08,47
86,37
16,15
85,42
23,21
91,09
88,91
45,35
82,36
47,93
82,88
95,50
54,26
39,53
04,77
79,95
06,72
96,97
84,62
92,13
92,82
27,22
67,16
70,98
98,06
07,90
74,82
54,21
09,28
89,68
61,64
09,81
51,16
97,34
45,12
59,11
30,61
96,47
58,24
62,20
68,41
49,20
76,67
78,25
60,56
72,81
06,99
40,74
30,77
39,27
51,27
79,97
92,01
01,03
16,55
06,03
95,09
11,00
36,58
10,03
59,79
14,84
66,37
94,44
88,68
07,93
09,18
36,78
81,03
43,16
06,88
70,95
46,43
37,84
79,19
86,95
74,91
64,16
33,36
21,26
03,82
47,73
28,81
98,57
55,31
75,68
62,64
58,17
54,57
19,01
70,86
66,44
38,82
02,21
29,81
10,88
23,91
19,62
06,37
69,25
19,96
80,11
78,46
90,88
13,63
74,00
23,61
96,19
94,68
10,62
38,26
87,44
31,33
34,06
70,23
10,63
45,59
46,07
83,78
16,84
09,64
54,55
01,40
13,28
04,14
71,20
38,01
25,97
61,32
24,49
58,95
11,90
68,12
92,37
55,82
48,85
48,42
92,72
73,21
91,43
43,98
28,44
02,39
36,29
44,01
94,46
60,76
46,15
13,76
87,23
14,45
19,62
22,14
66,61
65,40
19,14
74,88
66,96
04,65
86,22
07,89
05,19
84,13
62,36
01,79
05,26
52,55
72,51
63,00
13,08
53,83
18,94
98,53
69,35
86,06
91,29
02,05
30,94
96,92
65,46
80,48
80,66
54,20
65,73
46,48
52,09
61,33
98,56
75,83
82,02
34,65
30,62
83,80
63,64
87,48
35,87
40,81
14,06
41,34
16,29
75,71
70,11
98,95
57,27
45,44
57,51
15,14
38,53
25,17
85,45
98,38
35,01
50,42
54,60
10,34
49,48
16,44
04,08
06,45
98,98
97,49
11,65
20,52
26,14
74,76
78,51
84,15
51,41
78,27
46,66
00,98
02,13
13,13
82,47
32,66
22,65
53,58
51,31
75,81
70,71
52,41
15,68
38,53
32,80
40,51
54,89
51,35
16,31
55,62
82,88
27,06
09,43
90,91
24,97
55,49
38,07
93,26
80,43
44,85
54,62
24,10
42,81
88,18
93,94
31,93
31,78
64,23
86,04
82,80
33,83
55,06
71,71
21,65
76,68
01,82
80,72
43,71
40,70
00,06
47,69
19,65
19,75
75,51
95,97
81,23
70,82
79,36
18,00
77,41
57,92
64,53
58,39
74,24
60,19
42,12
95,87
73,45
72,84
22,54
29,91
10,86
25,09
86,91
15,06
73,93
47,17
67,83
01,52
12,70
02,96
37,57
71,66
53,17
30,49
68,00
71,92
10,01
02,41
44,10
17,70
07,65
85,19
60,85
12,26
14,71
09,25
98,75
68,24
37,05
73,50
01,22
14,89
82,15
21,05
38,39
90,11
89,42
62,64
22,08
92,60
67,27
08,50
45,95
94,28
82,54
70,66
47,07
74,78
97,31
23,64
05,26
30,58
49,12
78,49
91,38
92,59
35,30
06,73
48,83
76,33
77,23
70,32
38,56
84,04
94,08
56,36
09,31
60,93
40,27
87,22
81,67
42,48
33,38
71,04
64,60
59,63
26,35
06,66
71,89
83,93
40,46
71,26
40,02
56,02
25,84
72,42
02,55
27,40
83,16
60,97
03,74
62,78
34,45
55,96
20,12
87,93
93,31
93,85
64,70
35,97
71,10
04,20
61,56
50,08
96,11
46,84
78,52
31,76
30,59
09,46
34,26
56,09
19,68
13,75
91,09
89,42
08,62
25,85
93,37
30,02
32,95
79,00
97,04
41,91
78,73
88,34
02,12
30,48
07,69
37,77
91,11
74,50
10,31
28,44
50,66
87,75
91,25
50,12
29,14
05,22
35,65
82,16
93,40
85,53
45,35
72,89
33,32
37,95
36,70
48,63
21,88
74,50
79,91
96,30
12,74
21,61
91,02
28,54
64,65
43,52
94,91
68,78
73,53
15,77
94,10
54,41
23,69
80,01
09,69
02,28
48,08
37,46
61,04
08,24
46,45
93,97
23,11
82,17
62,05
57,15
62,18
59,07
13,35
86,71
68,61
36,41
23,38
49,15
59,26
95,46
90,47
89,12
29,99
13,72
01,18
25,91
32,27
19,06
71,72
08,06
31,52
96,81
22,48
09,91
19,87
17,61
10,73
40,33
41,64
56,89
17,24
21,17
18,17
60,14
14,25
61,25
34,41
89,20
72,80
83,60
04,26
59,21
63,73
82,65
96,44
27,10
94,96
80,61
78,71
91,38
63,53
39,04
89,96
01,97
76,28
07,84
53,04
91,36
41,79
56,16
91,28
96,04
19,31
07,85
10,71
44,45
58,93
05,06
76,78
24,92
71,73
91,08
29,28
43,26
96,31
40,62
26,23
10,30
69,71
66,54
47,76
94,77
24,68
86,07
53,95
68,23
86,07
31,99
96,25
83,32
73,17
11,82
05,27
11,95
40,76
16,49
40,42
22,96
67,11
04,84
59,23
18,06
20,04
65,77
97,38
64,35
83,02
55,25
42,43
45,63
05,21
06,53
38,18
43,11
46,33
85,96
34,54
85,45
13,78
31,87
65,70
64,31
78,87
97,47
19,90
73,57
96,55
07,41
45,88
78,43
62,06
22,17
27,12
10,84
54,83
75,57
31,51
92,13
74,43
95,79
45,69
63,03
53,86
12,44
92,93
08,60
20,87
04,76
23,00
44,83
66,12
62,93
68,56
97,16
62,71
42,71
72,24
91,71
63,19
65,19
70,87
47,63
17,58
10,39
56,13
91,58
28,23
35,65
34,38
34,59
80,55
32,59
13,44
26,60
74,23
64,87
81,79
14,35
95,16
66,01
48,74
34,54
86,74
72,35
44,20
36,53
72,27
44,09
13,77
13,81
17,60
91,81
60,18
20,36
26,67
56,23
26,52
06,72
00,90
01,64
45,01
45,15
97,23
81,92
27,79
46,80
81,28
15,59
04,52
50,72
59,72
13,74
64,89
61,24
62,19
06,70
24,17
46,38
39,67
34,27
46,68
48,60
06,75
19,34
76,34
71,07
00,03
51,22
16,14
83,61
67,40
91,63
11,14
62,65
58,29
87,56
31,24
22,48
28,32
10,63
22,00
17,41
49,48
83,26
56,70
94,16
58,53
43,26
20,89
53,29
43,14
64,96
95,90
23,50
40,01
47,54
46,00
15,40
82,22
80,81
25,19
00,14
08,18
36,86
87,28
68,92
10,39
15,11
03,15
00,63
09,77
47,30
16,96
86,30
81,37
16,63
75,68
35,12
83,81
54,14
40,16
16,47
98,24
21,67
96,98
53,68
07,23
15,15
26,11
82,38
03,66
46,25
22,70
53,97
55,43
44,26
65,55
74,22
15,74
75,07
61,87
65,83
92,67
50,77
70,52
00,04
12,71
82,95
01,45
10,15
74,22
85,12
19,37
24,52
72,87
56,09
11,60
47,97
17,65
82,90
98,79
27,36
41,31
04,24
17,79
80,63
00,58
00,63
19,33
28,40
79,41
78,64
96,73
56,56
73,85
74,54
72,49
78,37
19,23
44,36
21,40
91,99
04,03
67,28
87,44
20,98
23,09
53,34
65,89
31,47
70,50
55,34
93,03
51,75
24,12
36,30
56,71
79,31
09,64
87,65
80,55
53,77
02,54
06,34
18,71
98,15
54,01
30,58
49,38
71,25
08,91
27,81
46,04
47,18
20,25
48,32
57,59
49,62
58,59
14,90
23,54
96,91
47,32
14,35
24,08
64,49
46,27
43,93
46,52
71,43
77,23
35,59
43,82
09,76
52,22
07,28
35,88
71,52
46,35
38,27
22,21
16,64
50,59
35,56
40,14
98,08
08,05
52,69
33,78
29,41
34,98
70,31
67,57
83,80
26,14
86,45
62,61
57,26
17,07
63,47
98,65
82,95
00,38
84,78
84,26
72,37
72,08
27,29
62,61
96,71
06,16
06,03
87,04
34,15
35,27
74,43
81,60
26,51
71,97
65,44
51,94
49,35
62,82
18,61
23,91
74,27
26,29
36,85
33,63
09,41
27,75
11,74
06,15
52,40
70,10
90,90
15,11
51,24
03,77
55,67
44,48
51,09
82,99
29,79
25,23
44,34
55,22
12,85
49,11
84,18
51,80
40,82
42,96
93,99
51,35
82,54
94,71
22,70
75,05
76,22
29,11
15,72
49,81
50,45
32,67
60,73
05,64
40,86
55,06
18,60
37,04
00,85
10,99
03,40
06,66
24,10
27,50
07,83
15,78
56,59
27,46
46,91
53,28
34,64
18,37
90,66
69,05
04,51
32,43
04,07
01,98
09,23
55,47
42,86
54,33
84,30
43,22
90,84
91,58
98,63
36,37
71,94
91,66
85,64
53,99
78,43
82,00
71,09
56,71
90,12
63,96
61,25
44,75
75,49
13,52
64,37
82,85
80,58
35,89
48,27
21,63
91,15
50,03
90,88
02,64
07,56
56,85
75,89
45,67
09,87
62,61
81,65
23,70
22,36
17,03
79,33
33,89
49,58
30,34
02,13
27,38
59,17
51,78
57,59
32,22
17,45
83,18
92,99
75,43
18,53
34,35
45,37
01,53
58,27
26,46
26,50
34,05
77,62
88,11
88,35
64,02
71,30
92,09
51,08
66,70
97,74
14,65
39,55
03,57
45,06
33,72
93,21
09,98
93,79
14,31
09,47
06,86
20,42
43,39
37,60
27,48
92,48
51,17
50,37
03,36
01,02
62,37
75,56
11,24
07,61
90,50
55,73
36,39
55,75
23,33
35,82
76,37
86,68
95,18
88,76
63,10
90,92
21,91
03,15
63,99
32,68
78,56
91,64
80,86
81,37
34,40
00,77
51,42
77,80
40,92
30,77
17,38
89,58
11,11
02,21
32,29
83,32
37,28
73,12
34,77
20,49
11,66
78,15
23,16
91,08
55,36
17,66
41,16
74,75
73,15
13,52
95,65
34,29
01,02
02,26
00,64
16,50
22,07
31,67
56,18
03,30
14,21
76,69
82,74
49,86
59,42
30,57
04,99
11,99
76,50
18,56
14,54
83,83
03,22
07,31
60,81
16,62
73,70
02,20
92,24
31,24
47,59
16,26
37,49
73,38
17,00
82,15
96,83
49,94
80,97
10,89
81,45
50,03
51,74
41,39
06,01
55,34
76,21
42,79
36,71
15,27
06,73
90,63
83,69
36,08
30,52
29,64
80,94
77,84
43,78
58,45
31,58
56,35
37,58
11,15
52,65
56,41
31,70
82,79
80,81
41,17
09,36
55,05
62,62
78,77
46,06
97,38
94,52
59,74
75,24
88,81
57,10
65,93
64,55
83,92
04,85
64,45
37,71
56,64
84,40
41,09
21,51
17,13
80,86
48,35
50,64
33,94
70,90
60,59
24,07
38,11
44,14
24,24
57,83
55,16
16,53
73,35
62,10
30,44
33,41
45,34
09,47
29,91
59,48
40,34
53,67
75,07
09,06
17,54
27,69
47,63
82,39
76,16
03,90
17,97
54,63
67,59
14,19
10,28
42,39
03,73
79,39
71,96
96,69
78,65
98,74
31,76
53,94
14,62
29,43
43,25
64,44
98,13
85,16
98,03
70,01
93,64
82,98
44,72
50,21
80,68
35,85
80,28
22,26
48,69
29,82
38,77
56,52
27,92
03,03
30,39
18,25
31,83
50,54
32,42
29,47
27,08
08,39
19,69
20,71
76,28
53,27
98,92
11,59
12,67
11,72
93,79
42,56
69,77
42,17
19,11
74,35
90,00
29,62
49,82
35,15
25,31
08,30
43,20
12,17
07,01
95,60
54,48
57,80
40,41
36,17
41,75
91,32
48,78
73,98
76,80
54,82
53,39
57,27
81,12
14,33
10,71
58,36
94,27
75,44
25,13
92,28
38,50
16,70
59,19
30,84
85,99
15,31
11,56
66,73
54,42
18,91
86,29
56,97
38,90
61,66
12,62
91,47
81,22
08,24
30,79
39,20
20,20
79,10
03,61
45,03
78,04
97,72
98,57
56,41
96,58
58,76
84,06
91,80
51,28
21,33
38,10
64,72
04,84
16,23
11,51
32,73
55,36
27,22
17,72
36,53
87,09
25,46
85,06
62,77
95,56
07,53
32,85
55,74
78,45
11,62
22,30
89,35
97,13
64,20
43,23
10,49
82,12
39,57
22,05
37,72
30,84
91,75
95,04
34,70
72,14
77,43
13,20
29,81
12,81
41,91
04,31
03,53
31,19
21,44
44,36
40,86
23,26
84,70
84,09
75,44
83,37
01,03
42,21
49,28
02,51
04,19
66,26
41,29
06,67
17,84
61,73
36,19
18,27
63,10
26,82
17,98
09,65
76,12
97,77
08,73
25,27
51,07
20,31
98,31
28,52
06,68
36,56
47,11
49,58
87,05
04,47
59,17
72,64
92,42
54,08
04,86
71,15
39,36
77,36
56,26
13,12
64,05
10,55
00,97
90,66
94,20
83,58
90,81
06,08
98,49
78,37
95,70
00,46
78,72
47,23
18,26
93,72
52,16
14,15
41,24
92,25
20,08
42,94
12,59
26,19
17,11
54,87
23,65
88,88
90,72
21,80
38,93
75,07
65,63
07,27
69,66
57,32
95,24
35,32
79,57
69,84
43,85
54,78
74,21
50,72
64,33
37,62
12,56
51,65
02,56
98,93
52,96
05,09
81,59
55,39
46,49
23,26
96,12
20,82
51,01
55,04
67,46
54,51
66,02
61,07
92,12
06,13
54,63
71,59
71,38
45,25
29,53
00,49
45,46
02,87
79,71
22,00
63,93
02,51
20,72
10,08
51,77
78,61
41,25
04,16
27,59
93,33
66,01
28,30
89,34
04,19
23,10
20,94
80,45
45,93
52,35
21,71
92,08
77,89
07,77
79,53
94,89
82,81
05,44
77,99
25,12
81,69
32,02
37,77
80,08
24,68
23,73
65,10
56,17
17,15
75,48
29,86
47,92
27,34
78,57
97,54
49,57
56,81
04,64
52,07
86,63
03,68
15,37
06,39
10,73
42,46
17,89
85,29
05,25
54,48
15,80
93,69
64,53
74,42
82,42
77,51
15,60
98,66
24,13
31,30
60,69
97,80
46,23
24,61
82,61
86,22
31,52
16,36
13,18
79,36
54,46
17,01
53,03
23,90
67,61
03,85
31,39
17,43
32,96
45,24
24,83
58,35
60,90
89,01
09,38
42,00
95,59
75,11
47,93
94,46
50,70
87,66
57,55
95,02
93,85
37,43
54,01
34,92
70,57
50,37
12,63
91,39
16,76
94,20
46,58
69,34
37,74
06,47
49,61
01,23
04,06
83,83
13,44
69,45
07,68
30,00
88,18
11,51
47,24
41,89
38,39
43,09
88,94
62,22
66,87
58,99
71,83
56,16
24,70
60,28
30,98
38,32
14,67
31,08
30,11
16,30
51,71
69,32
07,42
00,33
63,09
75,15
54,10
41,30
34,57
45,74
83,21
01,49
70,91
85,38
50,50
16,44
55,10
50,77
36,37
28,54
43,87
35,00
24,84
62,50
83,09
97,38
42,47
93,65
81,30
74,78
71,21
22,48
10,63
44,23
80,98
78,98
91,36
36,01
77,24
36,00
55,39
59,00
07,02
30,11
36,29
80,22
11,05
39,19
29,64
39,96
78,44
35,80
08,94
05,52
97,59
12,73
55,78
71,81
69,92
43,86
60,51
90,31
18,47
53,27
86,44
57,01
80,70
86,99
21,14
43,64
56,13
61,52
67,49
54,33
29,17
31,02
74,94
81,53
00,05
52,75
32,55
10,08
00,30
61,79
04,46
55,05
72,42
41,26
36,73
67,51
72,74
82,64
93,75
05,94
37,21
59,35
59,89
90,21
58,98
80,26
70,56
06,09
07,84
04,65
34,41
30,47
13,01
76,39
17,20
33,06
57,75
24,95
78,46
26,03
08,32
89,51
76,27
64,68
20,56
94,88
50,13
24,54
90,11
60,67
59,15
06,21
98,70
37,93
37,98
46,87
43,18
19,01
90,01
78,59
53,59
83,92
61,88
46,88
27,75
94,58
76,72
44,00
21,91
96,70
55,06
33,39
91,25
10,62
81,99
25,47
87,33
86,75
34,99
55,45
53,86
88,28
29,49
59,41
18,96
94,01
98,28
73,13
03,24
79,64
75,84
98,29
18,21
26,07
97,80
57,52
74,76
89,22
33,84
27,85
73,90
61,54
72,80
94,48
00,29
48,61
19,05
79,51
04,86
75,17
52,56
93,50
22,17
73,79
61,91
63,90
17,22
31,25
56,97
14,64
42,03
01,20
15,77
33,68
44,30
49,13
53,05
66,41
36,64
85,84
27,63
59,07
22,65
57,97
47,32
55,04
45,78
18,72
80,48
90,77
15,72
71,14
23,44
60,56
41,96
78,59
12,40
19,13
12,24
56,75
53,67
85,64
16,47
40,77
56,02
62,86
43,24
88,32
45,92
10,96
46,95
04,41
85,81
61,52
98,26
98,52
98,61
27,77
37,69
97,57
42,43
32,67
39,27
68,53
83,47
59,84
36,13
04,01
68,03
23,38
32,32
25,44
72,01
77,85
74,40
72,40
00,23
82,43
61,87
36,70
77,43
66,01
92,86
51,52
75,27
16,56
87,39
19,58
84,00
09,57
32,87
33,63
62,45
04,46
50,69
00,17
73,32
98,27
12,41
94,94
16,87
98,32
56,03
95,30
78,94
79,07
28,18
96,99
21,13
33,27
79,94
10,54
28,30
81,64
38,37
48,44
73,47
96,99
77,43
49,97
46,84
18,50
18,03
65,35
17,56
74,27
88,86
15,56
42,93
31,71
00,07
82,15
27,79
38,29
75,77
21,33
89,80
28,57
40,07
83,78
10,96
52,99
30,33
45,47
76,68
35,73
68,38
70,74
71,53
33,69
37,35
18,25
95,91
57,56
13,49
82,09
54,98
47,97
90,92
90,41
87,59
29,89
11,37
32,43
68,87
76,31
87,03
58,19
60,12
89,23
45,30
34,66
45,58
59,10
42,02
15,34
51,72
16,27
68,51
23,88
98,06
91,00
17,41
69,84
12,63
04,20
03,65
96,78
78,72
54,73
48,58
56,90
10,82
76,06
27,68
35,44
43,63
89,85
03,40
06,70
00,21
54,34
90,98
73,22
81,45
50,05
14,76
70,89
98,74
30,40
19,65
35,35
70,74
86,91
76,48
22,76
71,02
19,50
90,22
50,35
52,82
68,40
90,24
54,67
02,03
85,47
10,46
14,27
51,04
19,38
91,34
67,03
15,44
66,29
06,71
63,51
73,21
34,85
10,53
14,11
82,32
36,25
21,22
79,71
68,73
21,94
36,24
35,29
01,34
91,24
76,25
36,89
32,41
47,59
92,80
16,58
51,88
48,51
35,87
55,86
76,19
14,62
43,71
33,63
74,35
72,92
89,90
45,63
17,17
86,64
75,79
83,39
03,97
98,47
42,27
24,29
35,70
39,78
52,03
11,24
57,59
96,58
64,82
58,55
21,49
01,46
11,25
70,27
85,37
00,66
58,28
73,05
02,80
11,60
58,01
98,95
98,43
01,63
33,92
02,98
19,39
24,80
88,40
80,40
48,69
73,53
93,23
95,67
02,71
16,71
20,53
20,05
30,66
87,62
92,55
03,25
53,44
80,39
34,98
73,36
20,81
17,18
94,35
85,48
46,42
27,39
58,43
97,86
76,71
57,23
58,95
50,32
91,66
12,99
25,31
06,71
62,20
12,84
26,52
83,92
38,81
66,76
02,13
48,58
68,28
07,59
84,82
43,04
98,34
97,25
75,89
64,48
51,34
34,54
36,05
30,14
24,43
83,67
31,61
63,87
07,04
54,63
87,59
52,56
71,12
92,84
57,06
32,21
42,95
95,47
54,79
56,57
28,36
81,57
74,10
74,72
34,71
25,87
33,80
67,33
94,00
63,51
73,20
46,04
60,39
92,57
82,24
91,79
36,71
55,99
90,15
18,08
60,21
63,12
34,23
60,30
59,66
39,39
72,96
92,23
64,86
90,76
07,00
08,36
67,16
87,10
10,44
66,71
83,20
06,72
03,13
31,73
01,70
57,11
26,05
88,75
51,77
07,44
07,18
68,00
82,18
42,80
65,89
79,87
75,71
85,57
20,16
77,13
96,12
33,33
23,05
04,40
26,86
33,63
94,23
30,68
91,28
30,96
75,57
07,18
65,14
91,81
58,46
34,82
84,79
16,00
50,80
64,86
10,56
59,33
37,65
46,07
95,94
66,19
18,91
08,33
72,33
59,25
19,43
49,66
51,16
70,97
86,79
06,33
21,08
33,61
17,19
10,86
25,63
89,65
60,69
41,00
53,04
20,42
24,64
23,45
23,91
51,50
67,14
00,16
85,72
21,84
71,89
15,56
11,34
94,49
78,32
55,52
90,46
79,46
24,45
80,33
41,93
91,94
74,56
30,97
32,91
09,67
78,58
49,07
56,37
10,37
27,93
53,86
96,19
58,48
59,75
18,00
37,10
93,40
03,93
54,79
05,49
97,19
12,28
00,71
44,60
89,48
10,75
62,33
59,17
53,92
38,39
70,92
79,50
32,64
41,83
95,75
61,72
43,78
43,07
09,11
36,95
61,73
89,27
67,57
01,14
71,27
65,80
65,25
44,48
54,80
29,73
33,70
02,51
94,16
23,77
19,51
14,36
78,44
01,68
64,26
84,01
74,85
92,23
83,87
37,99
03,48
37,11
23,45
68,39
66,18
02,15
83,89
07,98
29,15
12,15
66,15
27,83
06,95
15,23
18,06
45,89
21,66
16,19
10,93
80,71
16,75
25,02
67,57
71,86
52,95
75,37
30,81
66,59
23,91
88,70
35,32
44,50
94,85
72,68
78,88
46,55
60,49
75,68
98,62
48,83
16,97
37,88
44,65
26,60
08,77
05,18
32,80
28,11
71,18
16,08
87,62
98,90
83,63
95,39
27,71
69,92
90,36
34,71
25,70
41,86
92,73
66,82
06,90
02,76
09,78
21,04
46,22
19,55
95,49
39,15
26,82
54,96
87,39
41,79
82,70
84,83
57,13
39,43
02,48
94,92
15,89
73,18
75,79
77,18
79,32
15,53
00,33
45,68
05,13
19,68
94,84
45,24
41,36
95,32
87,24
32,53
08,47
31,11
14,18
62,27
84,68
64,77
36,03
35,04
23,13
05,08
46,89
10,39
32,24
33,16
04,70
27,86
63,45
56,80
97,81
33,09
17,13
20,90
64,48
35,05
14,80
01,64
79,99
04,37
65,33
91,69
40,32
42,77
95,46
78,19
96,87
50,59
65,57
02,24
63,31
36,77
05,77
16,54
10,78
27,84
98,68
40,43
81,31
59,79
16,28
16,15
22,68
40,41
34,81
94,85
63,79
10,92
44,82
94,38
51,23
51,71
04,56
62,13
87,48
22,57
23,63
33,66
80,45
29,65
08,78
70,33
09,45
97,51
31,96
01,88
06,77
14,37
25,61
11,42
42,82
89,18
79,87
64,40
16,08
15,88
18,03
78,62
10,98
44,18
48,03
97,83
71,16
69,86
61,97
69,07
31,19
59,77
15,88
56,45
84,52
12,86
47,82
88,15
56,99
21,59
47,33
71,89
00,63
47,51
16,80
69,43
89,58
08,09
12,89
89,52
26,06
25,51
40,52
03,97
22,27
93,40
51,96
56,61
82,82
53,60
61,83
25,58
86,63
87,38
26,59
19,22
60,22
03,62
40,63
18,22
22,87
73,42
06,07
04,35
88,87
86,50
80,31
63,83
71,68
55,04
84,02
83,87
85,59
21,74
37,04
54,62
78,50
17,30
32,85
51,32
20,43
01,73
19,92
09,49
54,98
50,76
17,88
48,36
06,17
41,88
46,94
39,27
22,99
12,36
54,41
37,65
27,79
74,57
17,09
76,38
60,61
04,45
73,54
03,53
45,82
01,32
95,02
57,44
08,94
08,00
12,43
14,51
43,83
31,61
45,35
08,23
06,43
00,52
62,52
98,64
11,07
77,33
38,27
49,77
72,40
33,28
45,72
06,21
74,28
65,82
28,10
16,83
54,73
64,01
81,66
48,34
27,10
88,92
78,04
87,35
93,89
58,98
80,46
66,48
05,64
23,51
69,24
84,44
97,00
12,15
75,69
47,71
24,09
65,47
28,78
87,25
07,29
48,93
70,44
84,60
69,44
79,93
59,40
61,55
06,36
14,66
74,61
75,81
03,71
51,51
65,98
07,98
09,11
51,79
45,96
83,79
32,24
81,65
93,02
71,36
14,07
31,48
66,40
13,30
46,00
88,28
32,81
79,34
25,70
86,04
20,71
71,44
31,87
80,61
62,87
82,43
71,76
58,38
49,51
29,62
07,39
25,50
27,96
27,17
71,82
65,53
04,29
84,55
40,47
30,00
65,61
84,92
30,69
41,81
17,74
02,15
48,09
04,82
47,17
15,58
65,05
13,14
70,78
84,05
82,76
77,76
83,69
29,14
93,76
07,74
25,91
95,99
58,61
80,62
15,01
89,05
36,65
18,07
37,89
44,38
71,09
21,91
82,27
70,61
05,59
57,79
88,84
78,74
14,75
17,41
58,26
44,95
95,30
85,19
93,18
89,84
98,71
56,46
75,57
82,39
00,21
84,19
62,18
92,78
23,56
06,54
80,56
83,02
94,18
25,03
40,84
34,25
52,92
85,33
14,19
68,06
90,99
45,16
49,55
63,73
10,90
74,63
73,78
04,19
40,98
27,90
89,59
56,44
82,29
29,62
37,81
39,86
29,10
58,07
98,53
71,28
89,93
15,23
27,52
77,42
13,30
90,50
63,09
85,96
86,85
88,97
53,93
05,48
79,15
63,07
26,93
49,20
76,13
91,15
80,38
59,85
24,91
27,83
52,51
27,64
62,37
16,40
77,98
14,02
87,51
96,41
22,93
51,82
79,40
82,13
71,33
82,95
90,37
20,50
85,54
82,41
61,52
30,06
97,46
13,68
60,67
35,30
88,49
47,56
44,54
93,14
25,92
88,06
42,66
64,27
49,65
25,96
19,21
45,49
04,44
65,53
26,30
51,46
58,65
81,07
71,91
04,98
42,55
38,83
44,01
54,20
17,77
68,62
85,76
49,91
42,08
72,01
18,47
41,14
48,10
61,28
82,42
91,58
24,53
69,12
57,80
57,80
36,11
79,11
32,27
83,93
32,58
59,55
38,45
60,96
87,59
17,16
64,69
81,51
00,33
21,76
13,72
34,91
17,58
92,51
54,79
78,27
10,04
74,92
40,67
37,07
88,72
78,36
62,61
79,26
91,44
11,78
22,88
43,62
87,24
73,09
56,76
89,92
30,84
41,68
92,32
84,22
87,42
32,50
51,99
29,73
78,60
83,54
98,27
90,79
43,30
70,40
33,17
96,36
02,89
22,34
63,08
98,14
23,90
92,49
52,66
52,49
01,51
01,28
24,14
72,72
62,30
26,12
22,02
90,17
78,40
44,71
82,49
56,84
98,35
52,33
30,62
12,16
59,98
14,56
17,76
53,34
24,76
73,29
68,51
28,69
75,58
36,81
32,48
90,17
68,96
49,05
35,68
57,66
63,56
74,17
55,02
38,64
84,92
90,25
53,53
84,12
57,75
19,11
05,48
70,31
16,79
10,10
30,16
01,60
63,51
22,92
87,50
88,57
59,11
43,90
29,88
55,63
40,41
09,30
94,71
59,60
52,95
13,83
52,01
64,45
38,40
18,85
12,34
24,13
58,15
82,77
26,78
71,91
63,86
85,29
61,13
81,22
07,62
28,51
69,04
62,87
68,99
52,39
38,59
66,03
37,32
33,38
65,07
59,73
86,57
61,88
15,43
54,22
41,37
69,40
68,59
61,87
61,68
91,87
14,35
78,47
95,44
32,36
36,82
08,02
46,22
18,55
85,79
41,38
50,34
31,35
36,26
65,10
60,27
16,05
41,33
41,52
87,48
66,89
92,49
86,79
38,52
45,01
11,65
67,52
92,67
38,43
71,10
79,96
07,40
75,98
50,38
19,58
85,28
56,96
01,59
76,74
69,58
45,82
00,23
52,53
04,86
73,12
92,89
12,89
94,12
54,78
70,26
71,52
52,81
33,84
10,87
39,65
25,17
49,73
24,07
07,89
39,39
23,55
81,84
38,36
64,25
45,92
51,40
52,83
72,55
68,44
81,99
02,38
05,45
83,18
84,31
50,92
98,14
00,29
09,37
06,19
96,91
28,34
86,03
52,46
83,43
97,90
32,74
89,78
84,68
53,46
04,06
88,49
86,21
81,12
04,37
15,49
49,67
70,01
84,17
28,69
70,76
95,99
37,71
67,14
40,31
87,07
88,39
11,55
49,48
28,45
12,49
26,93
82,07
21,39
44,04
79,68
64,90
42,79
52,60
24,58
91,11
85,66
27,50
53,97
46,58
18,65
86,90
47,64
35,63
35,38
75,30
12,05
96,86
40,23
92,81
74,90
20,64
34,27
52,50
78,28
02,61
57,09
73,15
47,41
95,26
82,09
26,75
39,13
61,51
28,79
29,86
05,46
02,79
22,14
37,32
15,79
89,25
09,03
24,42
51,62
09,21
92,09
54,89
84,29
32,94
46,14
44,00
22,55
10,67
25,69
61,26
25,52
