11,36
79,02
22,79
33,83
77,01
81,22
59,93
50,24
10,28
27,01
15,55
95,56
49,90
92,74
00,28
01,51
70,53
59,90
96,72
51,65
10,23
79,24
29,67
06,81
35,61
30,87
95,97
53,71
30,86
20,73
96,43
21,98
63,30
47,09
06,05
32,61
78,40
88,79
71,82
38,45
90,38
39,96
27,87
66,50
77,50
60,96
36,57
47,54
78,07
94,24
01,16
97,79
70,70
29,50
38,30
90,39
70,16
88,47
80,33
32,94
13,27
78,20
03,71
53,39
11,68
95,27
85,06
95,34
54,38
91,14
19,63
82,09
92,70
44,09
28,86
39,59
02,31
89,63
33,36
36,07
30,39
45,57
96,57
18,04
62,44
33,46
27,65
95,12
83,60
28,74
49,44
74,41
11,52
27,47
67,67
97,86
84,56
40,53
41,49
15,80
35,28
17,90
37,40
69,48
24,39
07,43
04,09
53,42
46,33
68,10
96,55
64,40
11,57
61,16
28,04
52,87
66,08
50,57
41,85
47,90
21,59
79,84
38,63
11,78
21,92
92,29
39,31
71,07
78,39
90,93
54,28
51,13
09,14
66,02
69,87
27,67
48,25
38,95
67,06
13,65
12,12
08,89
10,34
88,60
33,40
19,69
92,84
73,96
84,84
08,35
18,91
63,35
01,36
28,50
73,10
28,46
34,78
01,63
28,23
21,34
82,85
76,91
27,60
06,21
55,68
58,00
45,05
76,11
25,77
71,50
90,35
21,04
16,85
55,46
09,97
31,89
79,57
61,90
85,72
66,88
91,85
63,96
74,68
12,89
65,05
04,41
09,55
08,03
87,85
98,88
00,68
52,34
42,37
93,38
32,57
25,72
09,93
12,69
71,56
09,15
74,81
64,57
54,56
31,25
63,14
19,86
94,24
16,79
75,61
57,05
50,04
44,63
03,12
98,40
19,57
10,56
56,90
02,25
95,40
97,37
47,53
00,79
94,54
72,61
35,50
77,48
80,75
25,00
41,60
48,02
66,72
91,17
63,17
33,80
25,96
34,39
30,67
33,98
55,73
27,93
81,58
84,05
63,63
84,80
71,37
27,58
87,98
32,58
20,06
22,63
67,87
07,59
08,85
53,19
67,90
64,83
83,91
05,16
21,38
36,66
71,28
11,31
03,32
94,56
17,77
06,17
59,93
61,23
88,51
37,69
30,87
94,78
14,46
46,45
49,37
94,59
17,53
39,07
09,52
56,67
24,24
39,67
59,78
22,68
27,18
39,43
59,45
82,81
85,21
13,45
57,34
86,89
03,31
25,50
82,24
45,37
63,68
00,02
30,10
16,34
43,19
83,66
84,69
03,92
88,40
05,05
06,57
95,50
68,00
61,61
84,91
28,09
18,05
92,36
45,05
52,95
72,70
91,64
86,65
75,22
67,54
52,53
97,89
96,61
82,44
69,98
38,75
03,80
90,87
29,77
76,26
30,78
97,57
72,91
18,27
26,27
91,59
40,37
69,07
37,80
36,73
51,41
09,73
48,52
03,17
04,68
02,03
00,13
09,57
42,59
63,57
31,16
72,84
57,55
27,15
05,27
87,22
81,25
57,60
67,36
39,68
36,42
87,08
47,70
50,40
10,18
92,08
84,87
73,98
40,78
93,08
35,76
15,94
06,12
98,85
94,53
35,17
21,46
02,53
48,33
94,98
89,49
41,56
51,31
64,91
46,11
96,32
18,47
33,18
78,33
29,82
02,80
13,07
40,79
98,45
26,58
05,68
86,00
90,94
36,59
69,70
10,47
61,78
33,66
02,66
03,65
60,62
57,98
51,17
82,99
28,60
88,68
17,78
96,39
78,61
48,04
60,25
42,64
53,67
88,31
09,71
15,87
22,31
90,85
17,65
24,48
23,74
73,30
17,75
90,51
96,82
77,47
42,23
06,12
19,72
90,43
45,05
67,64
72,83
09,06
19,17
15,40
12,11
59,73
40,97
10,42
34,52
64,10
85,59
27,41
81,28
12,45
41,70
58,09
79,17
15,58
26,36
33,66
02,61
00,89
58,11
40,04
98,29
83,82
52,37
98,27
31,85
95,19
17,37
57,77
02,39
88,07
13,22
42,73
96,99
15,65
89,95
05,71
83,74
22,11
61,19
09,32
73,48
53,01
74,98
85,38
47,76
55,69
66,04
10,49
81,78
04,09
07,01
36,46
20,86
67,18
54,89
60,59
68,47
02,46
13,77
79,76
35,81
26,03
16,23
36,84
35,31
21,07
53,43
58,13
65,04
92,89
05,92
24,49
29,12
95,14
85,43
17,73
23,52
23,36
32,61
45,41
19,37
71,62
65,81
52,24
78,93
59,86
16,95
73,70
13,73
92,09
73,84
29,14
47,37
75,98
44,64
78,99
93,05
70,80
10,19
39,72
43,90
98,36
69,08
60,50
72,54
18,35
14,90
63,82
27,55
09,99
26,12
60,10
05,11
17,24
06,05
37,31
63,55
25,37
61,34
67,93
95,06
66,04
31,87
50,75
81,07
88,04
00,78
56,22
00,65
34,21
84,50
35,92
08,62
28,39
91,90
05,50
04,28
92,65
28,86
04,99
05,95
67,62
17,43
10,23
19,24
30,47
27,31
50,60
40,99
90,52
40,36
80,69
50,25
50,82
83,86
33,04
65,34
94,24
44,96
74,47
07,32
20,42
29,36
93,50
86,21
87,23
84,90
17,98
64,58
13,34
06,82
87,83
51,84
14,16
34,79
13,96
08,18
64,21
55,78
20,40
85,94
10,34
25,51
44,68
02,30
40,70
92,35
18,09
47,50
27,06
02,38
05,39
79,06
75,15
22,48
92,28
90,04
71,81
36,95
30,31
38,61
39,68
47,45
60,56
58,25
55,26
78,01
10,13
84,94
38,96
57,57
24,44
39,55
43,65
29,95
95,79
72,03
58,70
04,87
42,34
56,93
56,78
81,72
48,03
12,43
01,43
01,96
37,61
82,23
61,70
46,04
69,08
69,44
79,14
08,48
16,23
88,66
45,06
57,49
35,31
61,31
71,88
79,89
00,70
84,16
71,49
52,65
14,78
15,44
45,33
00,28
02,15
92,01
62,50
34,53
28,15
68,17
96,01
16,76
80,52
69,76
44,92
78,85
06,10
10,75
83,61
61,40
72,57
79,32
58,61
54,94
30,47
93,75
37,58
19,78
77,03
55,88
27,20
48,35
79,73
73,80
69,03
65,77
39,04
32,88
19,02
22,35
09,33
45,39
29,48
07,93
67,72
22,38
63,39
52,09
27,22
91,36
74,14
82,79
76,65
61,33
98,06
14,94
68,54
67,08
44,63
11,78
34,44
68,75
54,34
21,21
62,18
66,51
66,38
93,63
58,72
73,82
12,32
23,55
37,88
63,71
28,22
10,57
07,31
14,22
86,21
37,52
36,91
20,43
91,60
60,53
27,27
11,46
21,60
55,09
12,57
91,88
45,86
48,22
82,20
74,85
95,31
44,30
30,06
92,71
03,14
02,79
66,86
91,48
81,96
57,00
11,38
82,96
02,02
83,53
64,19
93,22
06,64
95,76
77,51
97,42
73,04
29,69
27,11
24,72
91,15
09,09
89,81
36,65
67,39
20,34
73,66
43,00
98,69
06,70
86,39
69,63
59,88
83,10
34,61
27,83
88,10
34,40
67,11
41,79
82,54
65,90
85,32
76,21
59,90
35,86
80,31
69,85
49,70
33,14
61,59
16,71
59,81
83,43
05,34
74,75
66,45
81,12
33,87
63,28
53,43
78,50
33,68
87,72
50,52
77,35
85,87
00,83
98,31
33,41
05,14
20,96
97,42
51,18
40,64
61,83
77,62
90,63
37,34
94,77
72,97
08,01
00,58
44,65
66,03
53,91
60,65
68,07
11,83
42,86
18,85
80,31
47,67
12,47
53,13
97,43
53,54
70,02
16,28
43,94
07,17
01,52
23,16
35,32
59,21
94,29
92,80
77,19
54,11
32,64
98,92
42,00
65,91
92,81
20,73
59,24
67,57
70,87
19,82
64,41
88,24
86,50
98,72
47,23
55,41
54,47
22,51
16,92
77,91
14,86
25,05
68,24
71,55
78,69
90,14
48,67
85,04
42,27
97,58
46,17
44,39
97,09
02,97
10,08
95,60
68,31
62,64
77,21
92,19
04,22
79,54
27,69
34,33
10,78
68,50
05,50
44,86
96,65
46,89
62,32
50,88
79,12
85,40
47,43
84,68
53,68
37,66
13,26
44,01
82,72
20,15
79,67
86,91
48,31
14,05
75,02
76,29
11,26
05,75
81,66
18,07
01,13
81,81
87,83
89,45
90,00
74,72
90,38
12,57
43,37
24,02
13,89
28,38
22,60
32,91
29,53
60,01
33,23
72,05
33,12
21,35
30,04
78,97
97,38
52,06
53,12
06,15
63,80
91,18
81,72
66,00
46,11
72,02
78,57
38,49
23,44
84,20
75,65
78,73
66,20
42,35
03,90
26,53
90,86
34,29
86,42
74,46
74,28
48,70
46,85
24,23
57,06
15,35
22,40
23,55
68,51
10,43
93,85
55,28
45,55
46,06
38,24
30,19
82,35
65,42
37,55
86,46
56,25
40,72
04,73
37,78
74,38
91,83
14,85
15,85
69,03
23,40
25,55
35,06
17,41
81,01
72,52
10,30
91,48
55,00
55,42
20,84
79,13
31,81
00,16
66,70
55,56
40,65
64,77
00,15
19,01
40,91
95,08
71,68
86,23
05,69
42,87
11,87
20,17
01,88
84,32
75,87
07,12
67,13
47,08
15,34
51,52
33,31
86,99
27,98
41,93
45,40
35,67
81,53
28,31
08,94
00,61
21,04
42,03
71,69
38,30
72,63
93,85
52,79
55,96
48,85
40,55
07,16
55,11
97,30
73,17
25,74
62,88
77,40
07,90
69,00
90,24
83,82
44,83
14,92
41,98
72,63
74,36
33,94
56,86
05,89
42,01
01,02
11,95
47,06
35,49
57,79
09,25
43,93
86,89
71,30
93,25
13,99
49,24
36,08
92,58
88,04
04,62
95,89
34,24
60,30
04,00
98,84
22,20
92,93
72,57
86,69
62,95
80,19
11,22
06,16
07,81
47,57
20,72
07,96
42,17
24,23
46,10
87,00
13,66
30,30
62,17
10,47
68,51
57,59
51,58
52,55
12,73
52,78
34,35
06,67
37,65
46,43
63,56
58,81
56,58
14,80
82,25
04,27
78,81
92,73
39,18
03,47
96,18
18,02
03,82
66,37
24,34
01,98
84,57
95,23
09,06
24,11
45,37
77,86
64,83
47,66
21,31
16,85
15,52
45,77
19,60
17,65
13,12
75,34
27,57
67,03
08,71
04,74
78,57
75,22
70,26
52,86
55,75
67,53
10,89
98,70
63,78
73,34
71,16
49,79
09,92
64,24
33,10
68,70
23,13
59,97
53,53
30,41
18,49
44,30
16,18
40,41
54,50
95,81
68,33
66,66
62,96
74,16
60,71
93,52
36,10
60,82
45,87
18,80
30,51
11,39
89,40
94,03
26,95
30,92
61,22
33,01
94,96
46,59
90,02
62,04
66,08
18,48
80,68
61,82
68,24
89,70
32,84
85,56
05,32
73,33
77,35
04,28
52,46
98,55
66,19
03,43
34,76
82,60
43,01
08,29
94,18
07,44
34,61
95,10
11,29
18,38
42,13
07,33
32,50
17,17
61,74
80,13
80,73
21,12
82,35
63,78
64,09
52,66
04,88
90,67
60,52
28,31
96,00
46,32
98,22
90,21
67,85
77,98
24,02
68,69
54,45
65,15
58,41
12,05
32,61
79,12
97,69
90,20
64,26
44,17
45,35
46,59
39,77
32,16
80,97
95,44
21,58
02,15
92,19
06,65
31,97
31,52
18,48
96,09
10,11
65,75
60,14
17,59
47,71
58,47
07,80
16,88
78,71
53,71
49,31
06,95
14,15
28,64
26,14
00,87
39,36
80,66
41,05
04,21
87,90
33,35
88,47
09,17
50,15
89,46
87,19
56,75
43,96
81,92
85,01
08,39
00,41
07,82
10,00
78,00
98,16
63,24
56,25
84,42
96,19
71,83
76,76
67,46
29,81
75,52
05,60
43,33
19,82
91,50
78,33
78,09
29,56
10,66
57,67
65,47
02,08
22,41
07,96
24,20
89,43
76,92
12,64
43,20
42,22
74,28
17,30
41,83
23,70
07,69
45,11
09,61
70,07
96,86
24,45
59,31
56,01
75,57
63,65
31,25
07,76
87,45
66,36
32,48
51,98
26,14
23,70
41,85
00,83
26,11
37,95
46,67
55,07
90,00
46,58
19,40
23,89
41,26
58,87
07,55
56,52
39,06
13,98
43,09
70,87
52,17
60,65
53,38
23,72
00,09
14,86
88,06
85,79
39,67
82,70
74,23
48,11
31,07
76,85
34,85
02,36
42,07
18,38
15,32
03,72
44,81
14,55
98,12
87,97
86,96
52,21
92,43
12,75
05,91
54,22
22,92
29,90
96,57
83,78
72,06
69,88
55,01
47,94
74,66
77,63
26,78
23,08
60,89
72,26
40,88
64,98
42,51
55,82
29,92
94,19
26,58
42,25
44,81
25,21
24,90
07,16
60,09
12,61
48,98
57,47
41,45
23,68
58,39
12,30
47,40
83,68
58,43
21,66
32,91
50,59
31,93
25,39
10,59
67,82
20,52
28,48
37,79
13,54
66,52
94,07
95,91
97,65
66,65
16,12
34,58
03,50
79,57
69,98
60,00
37,00
94,22
09,50
82,50
78,12
50,60
19,95
16,38
32,66
68,15
93,42
75,64
48,21
54,03
97,60
32,75
84,11
03,30
76,76
96,18
75,40
41,18
45,92
52,16
45,80
17,83
20,74
79,92
42,58
70,82
11,19
51,66
15,57
80,60
56,95
07,29
39,44
29,74
17,10
80,24
98,29
90,15
24,40
75,86
73,21
87,33
27,06
39,97
42,96
56,89
73,87
37,77
10,46
84,13
72,15
89,59
68,64
85,52
46,56
78,63
87,65
38,66
46,02
00,30
61,09
77,75
12,46
94,98
75,60
22,19
79,71
75,10
88,97
90,01
23,18
93,21
59,17
51,22
58,38
31,09
64,95
28,52
29,08
02,46
75,94
78,70
34,20
89,76
65,02
62,01
44,87
90,14
40,43
90,49
48,03
30,85
72,04
87,96
78,24
24,91
19,33
41,34
74,61
09,52
13,18
78,13
53,95
03,24
56,76
82,58
39,29
30,92
94,66
84,84
89,50
54,04
60,44
73,19
76,72
50,25
76,30
01,05
18,45
95,85
86,41
63,98
38,87
18,10
13,46
83,37
51,86
78,64
97,58
04,12
56,32
07,44
69,52
04,65
38,39
62,18
78,31
13,06
21,68
88,72
94,99
68,50
55,27
08,53
25,80
11,76
46,78
39,98
90,80
26,08
37,86
81,16
56,88
06,75
09,66
92,63
24,55
67,99
41,73
89,70
02,72
68,34
94,70
77,72
67,55
75,09
82,46
11,33
66,27
59,05
95,45
04,57
68,04
67,51
08,43
79,34
83,65
84,13
26,88
80,12
70,94
64,30
84,55
43,33
03,71
86,67
64,19
82,51
56,04
65,37
19,46
02,11
67,47
04,74
28,33
07,57
61,30
01,76
34,82
87,32
84,29
51,47
49,02
70,37
01,91
19,34
75,63
62,19
97,75
11,03
01,69
49,91
05,17
01,43
17,69
24,07
06,81
32,06
91,83
68,68
27,25
32,10
89,81
57,67
88,64
78,84
34,61
72,61
17,54
61,95
60,05
77,02
38,12
76,24
44,66
53,65
40,16
32,76
17,43
29,70
05,04
37,38
44,56
13,08
83,63
59,29
60,77
67,86
06,44
81,53
59,28
74,16
08,01
93,03
92,48
17,95
56,52
76,46
36,64
88,74
03,89
02,79
48,63
80,27
15,26
50,55
31,56
87,15
82,01
41,44
30,57
60,84
62,49
69,25
33,75
74,14
07,57
10,02
25,94
07,04
56,18
77,59
29,92
74,96
29,21
09,23
20,67
94,09
18,14
37,06
25,82
72,81
05,52
49,96
41,63
10,35
55,33
16,87
74,61
98,07
01,37
76,29
89,79
94,03
29,64
23,52
86,40
61,31
06,51
98,16
48,06
63,60
06,72
70,10
10,04
35,76
17,20
56,73
68,34
20,27
64,15
21,81
13,25
36,88
63,77
60,07
86,20
10,17
44,21
65,69
14,97
54,17
88,53
67,56
07,50
03,06
58,97
04,34
27,35
26,30
98,16
07,41
56,61
89,83
06,36
53,30
17,76
69,32
49,83
48,97
09,20
33,03
43,58
05,39
05,85
05,42
43,42
83,79
16,77
02,19
28,93
85,01
46,40
36,53
31,65
67,70
13,18
93,71
26,91
09,31
70,55
75,80
66,12
30,20
64,21
21,61
36,27
24,78
77,71
26,70
43,39
67,05
85,57
93,28
95,28
89,57
07,19
57,13
18,71
62,85
53,00
55,21
62,31
29,62
29,27
40,12
02,01
03,94
70,58
41,19
77,73
56,44
40,35
29,70
56,23
83,92
84,01
59,47
64,51
69,04
42,48
03,11
58,13
26,66
40,80
24,03
16,05
48,51
43,16
94,58
90,14
46,59
36,53
82,75
72,33
17,11
17,41
96,10
80,95
49,63
11,52
30,21
04,07
38,81
03,52
94,05
09,80
38,99
71,73
82,47
26,76
69,90
32,78
76,65
34,67
61,85
57,64
68,94
39,70
86,84
14,30
34,54
28,04
37,46
78,40
61,28
53,28
52,56
17,65
22,86
08,64
30,37
90,64
38,95
38,28
00,06
34,92
73,87
12,48
71,67
90,55
76,76
29,88
41,64
11,38
71,72
50,09
42,46
38,20
89,59
56,65
38,46
67,94
23,10
29,83
59,12
43,31
75,20
83,63
75,14
71,14
92,84
46,54
42,81
79,76
38,65
84,48
38,50
08,06
95,56
73,96
51,50
05,67
93,90
85,14
88,83
74,79
40,16
04,78
07,38
96,79
74,50
46,42
75,12
05,09
81,55
17,06
51,37
48,54
89,51
71,68
29,27
62,36
41,04
82,61
09,30
70,02
20,03
64,41
38,15
04,33
67,20
31,39
42,71
94,65
35,95
64,22
94,02
76,72
74,23
27,04
28,47
87,37
78,88
39,84
53,74
98,00
74,00
46,24
86,82
96,70
44,29
20,96
59,68
48,01
78,36
48,34
49,18
11,80
44,42
89,95
18,33
53,98
54,50
71,50
38,14
98,48
59,30
75,99
24,06
68,22
45,23
11,46
00,36
46,89
90,14
06,97
76,46
51,60
95,69
51,35
18,28
30,16
72,90
23,33
38,15
16,50
48,63
63,42
82,93
71,36
22,67
66,53
13,19
00,86
87,53
89,58
15,09
79,49
13,27
76,03
63,28
69,63
59,98
72,98
48,82
69,29
17,22
66,83
85,44
68,57
94,16
07,12
41,93
05,30
51,93
78,87
06,01
68,27
95,43
11,27
54,98
22,27
13,76
14,11
74,83
84,96
91,25
63,10
15,86
16,85
91,40
94,87
78,30
65,28
50,93
35,78
73,08
06,27
01,53
28,81
76,47
58,23
10,08
18,12
97,22
01,44
66,90
39,55
47,37
26,89
66,61
30,24
82,31
47,51
53,25
17,06
04,29
64,60
38,70
54,14
54,99
20,96
22,56
95,01
97,75
22,91
84,16
35,89
05,73
83,85
59,76
47,88
40,27
58,18
41,87
36,49
83,55
47,59
11,74
72,60
88,17
64,80
32,60
39,61
33,82
81,41
06,36
00,71
97,22
46,45
30,04
38,56
51,31
77,53
68,80
50,66
24,57
36,81
97,98
59,51
97,50
58,59
48,42
17,58
27,51
86,60
44,08
00,55
02,65
77,87
04,99
59,63
16,91
66,92
37,47
82,29
25,40
67,30
39,90
27,70
33,30
53,30
00,21
56,94
81,76
14,41
67,86
52,30
66,17
00,86
62,41
01,13
38,66
81,67
49,05
76,66
40,70
19,47
39,47
97,04
26,77
09,76
38,72
10,51
28,12
08,95
72,73
98,33
48,81
41,90
29,93
25,02
67,47
12,50
45,50
93,20
65,85
87,21
84,60
39,88
01,30
98,08
64,33
43,42
85,32
03,64
85,28
51,56
49,69
86,37
62,89
58,17
96,55
45,05
48,30
07,05
00,69
63,40
75,86
20,13
21,23
46,47
83,10
30,86
67,86
66,25
81,74
77,05
69,04
05,58
96,99
55,90
55,69
28,17
21,41
71,76
32,35
89,95
62,59
12,59
32,04
05,09
29,89
67,43
38,72
05,55
06,80
72,34
88,78
37,42
52,64
90,43
57,64
62,72
92,85
70,15
63,45
15,57
22,30
10,14
36,69
63,35
04,00
28,09
20,42
41,64
14,79
04,68
92,11
78,22
29,84
62,91
38,03
22,08
26,10
07,13
05,50
79,57
44,21
64,91
50,66
23,36
26,17
17,03
74,91
72,44
13,25
54,92
24,54
76,07
79,82
18,01
47,88
16,36
54,14
71,98
78,03
18,75
52,49
49,88
15,95
42,29
69,50
53,19
82,53
96,47
27,29
17,68
47,72
09,12
96,41
92,62
87,14
84,07
10,68
33,28
14,66
42,96
58,69
06,36
63,94
74,42
03,70
30,69
98,95
64,03
11,85
26,16
69,45
58,19
55,60
94,15
22,38
92,97
14,72
14,07
61,53
00,03
40,31
91,62
09,79
83,86
73,88
60,25
21,88
61,95
10,11
03,30
90,81
36,21
37,27
04,63
68,90
55,59
25,36
82,20
10,79
73,70
31,50
02,24
72,56
01,54
67,19
08,95
67,09
04,57
82,05
19,40
89,45
35,72
70,63
88,46
43,31
80,85
55,14
33,97
90,35
06,77
41,35
36,98
71,98
45,69
94,89
64,46
50,81
23,90
46,17
40,65
53,82
17,75
71,28
68,68
15,61
71,41
90,01
79,76
28,65
54,21
44,00
74,10
69,25
98,10
15,73
71,17
56,52
10,99
09,95
36,38
70,63
34,24
83,33
40,67
73,57
56,13
98,20
35,45
24,62
05,69
38,27
56,21
13,85
39,40
24,79
58,23
08,35
49,40
47,89
74,19
17,99
04,79
10,28
26,96
79,20
45,44
78,24
73,49
79,41
98,23
42,27
64,46
22,84
11,28
50,83
84,70
87,59
28,83
32,25
22,14
12,06
37,86
73,98
43,71
64,57
48,34
75,31
93,26
04,89
62,77
68,91
17,83
19,61
92,80
45,84
03,00
91,45
96,58
15,77
90,00
59,67
90,56
64,01
33,21
63,48
58,10
89,99
03,58
32,26
10,84
26,82
36,85
69,56
82,11
83,08
81,14
80,84
34,01
84,93
46,72
85,34
09,91
01,37
04,88
52,56
60,87
11,60
68,74
12,37
64,59
98,50
90,85
79,34
80,67
87,41
40,98
65,37
85,02
07,65
11,01
24,40
70,91
11,62
73,26
43,93
62,94
30,78
40,74
65,71
07,76
97,38
17,91
69,17
00,44
43,41
33,45
59,16
95,98
24,03
21,08
44,61
01,06
12,60
61,36
02,22
64,50
47,30
65,65
75,42
47,01
12,37
52,58
82,46
62,05
89,17
06,71
45,85
29,36
21,47
36,97
08,25
68,63
73,58
41,02
44,36
28,25
11,45
63,73
16,47
10,55
48,36
92,06
83,89
73,31
65,31
66,31
37,00
19,35
44,05
81,52
64,15
24,99
94,24
74,24
52,40
03,00
41,43
14,28
56,99
44,43
31,21
08,15
63,03
97,97
48,00
16,35
30,28
65,09
19,39
01,78
72,51
32,18
11,63
94,28
31,60
70,21
38,81
41,92
38,21
06,95
17,25
02,91
95,91
34,92
23,44
18,60
53,30
88,37
49,22
29,62
57,02
00,49
60,93
15,90
61,46
72,77
12,74
62,35
61,29
80,04
93,52
05,19
14,25
34,19
39,46
76,08
33,08
21,80
48,81
08,71
19,88
04,09
38,20
48,58
28,93
59,57
66,53
43,82
56,69
30,52
50,33
14,52
76,24
53,13
17,48
74,27
37,76
07,75
24,34
01,37
97,13
83,72
10,18
21,41
47,30
77,91
24,56
11,53
47,72
51,67
41,94
12,02
00,89
55,11
33,09
41,85
32,03
06,10
44,50
74,39
84,65
10,22
13,44
57,25
75,07
89,98
15,32
03,70
86,79
21,19
38,37
58,16
57,07
98,16
49,20
43,84
16,41
88,66
11,97
10,09
37,76
56,10
10,86
87,30
73,21
53,14
25,95
22,48
37,12
84,36
98,56
69,60
36,63
68,06
38,74
00,59
46,21
16,17
10,00
02,64
48,58
29,54
65,78
98,16
76,77
52,54
89,08
95,72
36,66
51,58
15,15
56,09
82,84
01,90
36,11
52,12
98,74
41,04
10,41
91,32
08,49
21,96
94,71
19,78
36,11
15,61
87,36
84,69
42,57
64,58
50,44
56,03
09,59
60,75
56,96
78,48
96,90
00,60
13,89
40,69
60,48
34,13
54,66
69,90
24,33
51,02
55,72
16,04
25,03
42,09
44,09
81,69
38,81
86,07
43,04
66,25
09,88
64,28
32,48
30,64
32,02
41,86
60,90
61,39
36,78
97,33
08,56
28,68
70,52
65,81
45,98
12,19
63,33
35,36
23,77
92,90
25,43
16,96
55,60
24,07
27,62
14,53
70,83
47,52
73,83
50,95
46,75
52,07
84,19
93,02
32,22
29,78
73,74
84,14
43,70
78,80
35,37
43,25
95,12
56,28
96,23
15,33
14,37
75,54
56,18
57,95
73,66
02,16
66,90
33,89
86,61
22,01
83,28
28,67
64,66
83,22
57,94
71,30
77,98
87,52
15,54
29,69
36,33
74,78
24,51
51,55
09,72
11,55
27,35
12,45
33,34
79,99
81,03
46,66
33,95
13,79
23,74
06,99
33,44
41,91
61,72
62,45
09,46
44,47
62,85
72,95
00,50
69,34
05,41
95,31
75,35
51,35
32,34
59,24
10,52
08,46
61,56
36,46
32,63
04,53
58,84
48,26
55,20
82,79
21,94
15,11
21,40
29,33
85,44
09,49
42,99
92,71
93,33
14,47
56,29
31,69
46,93
82,59
47,60
36,92
96,37
94,44
66,27
07,69
18,21
64,55
86,65
92,38
42,33
05,45
30,90
75,43
33,03
65,44
24,79
92,59
15,40
71,95
27,86
84,27
87,11
65,66
22,38
54,43
84,75
01,27
31,07
67,04
72,29
92,09
94,76
61,68
05,58
21,00
16,95
53,86
07,10
82,18
44,62
16,13
76,86
60,12
69,52
67,65
63,05
15,01
64,86
88,85
93,37
40,36
02,33
57,50
09,52
21,96
57,21
55,92
86,36
12,80
19,68
45,35
02,02
16,42
92,30
83,84
37,95
87,47
04,26
93,80
10,12
89,68
06,98
10,44
36,02
29,50
92,47
23,96
57,44
73,88
20,20
32,76
84,25
04,10
74,92
25,56
05,55
63,84
16,61
95,47
93,49
17,51
35,77
58,93
14,45
51,00
22,72
49,83
11,74
80,52
16,23
32,32
65,14
15,78
69,36
04,97
74,42
77,36
76,00
89,90
23,46
67,16
34,68
21,27
92,45
29,98
72,67
73,28
66,15
45,29
87,00
03,02
86,70
86,97
87,42
16,37
27,79
07,40
94,22
78,59
47,64
85,84
74,38
93,09
14,17
72,29
54,60
97,92
89,11
47,18
08,58
46,00
98,15
04,25
64,09
69,90
12,83
13,97
50,32
30,07
08,12
31,11
43,59
21,10
96,91
50,26
70,44
78,08
40,57
59,82
67,84
58,79
95,44
49,72
83,75
72,31
97,39
21,77
83,63
60,30
94,03
19,88
93,65
52,63
10,06
45,71
07,73
19,17
59,77
47,21
53,68
23,09
80,53
71,94
31,71
24,50
97,13
64,04
82,52
27,59
01,76
31,29
94,48
62,65
79,60
58,29
04,72
03,27
87,08
53,88
82,14
53,07
25,19
05,37
86,12
33,72
50,82
98,78
62,74
59,91
34,11
14,65
06,82
65,05
11,98
04,03
85,77
51,77
18,09
19,49
69,08
53,57
02,72
90,64
91,53
91,62
69,46
47,67
49,52
53,54
30,13
03,59
04,97
81,91
65,63
54,73
39,57
75,15
91,41
31,81
14,19
95,29
00,70
10,49
19,99
62,85
62,52
65,78
69,03
69,37
85,55
62,86
87,89
71,66
97,83
88,23
35,42
44,74
78,28
33,70
12,60
50,94
25,45
79,04
85,21
70,81
05,07
01,23
88,30
55,93
09,22
12,26
34,87
18,50
00,87
85,35
29,31
48,93
21,43
53,98
34,17
57,67
93,33
51,89
04,43
60,95
50,91
05,37
80,74
08,78
84,94
69,53
11,60
24,28
26,05
30,20
19,16
59,42
10,38
18,10
55,99
96,09
40,80
77,62
24,93
15,37
86,47
18,25
55,17
41,34
11,65
88,88
14,51
22,59
87,14
26,89
03,99
29,36
96,37
32,57
11,26
78,14
80,50
29,94
65,21
75,84
61,88
25,29
56,93
29,05
34,79
12,98
79,25
39,40
70,41
27,92
65,17
00,53
81,81
04,22
89,44
27,67
32,03
17,96
38,05
32,08
83,19
13,66
39,54
03,59
42,15
78,51
02,57
01,48
40,42
14,35
91,69
80,62
91,41
66,91
38,83
50,60
43,77
37,20
67,84
49,74
32,29
36,14
04,12
68,49
63,26
79,81
07,34
72,55
19,28
32,43
67,21
79,32
09,41
49,08
96,36
43,99
80,32
95,72
23,62
41,09
20,58
81,69
31,18
04,29
76,01
26,95
40,55
61,03
67,78
26,77
80,64
44,28
40,74
95,24
59,90
78,37
71,62
68,20
98,19
54,10
33,71
21,51
62,40
69,68
67,63
33,45
85,37
86,03
38,57
35,07
54,84
75,03
80,00
09,91
91,74
47,91
79,05
03,24
53,03
60,75
81,67
63,11
33,39
42,38
49,83
84,05
60,79
55,41
47,29
44,19
36,75
18,98
73,67
40,49
70,25
30,37
31,30
03,68
58,28
04,65
42,28
22,97
34,17
11,04
30,39
70,32
30,17
25,45
92,69
07,96
83,08
38,67
07,91
64,55
25,21
44,32
33,02
55,82
96,53
23,24
87,08
31,85
57,48
67,26
13,81
11,48
39,63
47,93
53,11
35,10
51,41
00,29
13,51
68,37
25,70
27,15
02,36
44,62
41,53
52,99
87,55
76,78
80,83
21,01
41,48
96,59
95,80
33,65
88,37
56,59
06,45
58,89
32,92
23,97
74,38
64,04
63,05
42,93
58,43
32,44
12,28
69,11
53,33
19,66
85,59
91,40
17,19
45,09
46,47
48,72
89,47
74,72
87,01
06,76
89,82
45,91
09,61
13,88
07,44
04,36
73,59
67,23
80,27
75,55
75,17
26,23
13,75
68,77
59,25
80,92
21,08
01,42
74,64
62,55
96,23
92,28
52,60
75,90
39,23
20,37
55,92
94,30
53,26
07,65
68,31
10,00
25,93
63,72
43,19
17,96
41,74
12,84
57,89
69,34
01,69
26,08
93,77
27,14
72,54
96,37
75,75
80,19
13,82
91,55
89,43
62,80
74,99
97,82
31,45
48,62
12,20
59,26
11,12
71,12
97,59
10,08
86,43
06,07
75,00
60,08
84,96
51,77
39,09
56,53
06,41
36,81
93,71
32,26
14,14
91,71
11,58
02,11
62,54
01,91
31,70
01,15
00,90
10,67
86,09
53,08
59,86
83,17
14,01
65,33
50,90
51,07
77,14
81,88
26,63
28,12
26,24
05,76
16,48
10,91
46,96
76,31
83,58
51,14
14,74
43,82
88,76
83,91
57,46
84,18
07,27
34,20
17,36
41,33
86,58
63,02
98,21
27,83
15,99
31,72
77,50
04,88
73,51
22,98
54,85
85,40
74,85
59,80
16,36
29,21
07,78
78,57
02,81
82,71
90,13
45,57
53,40
17,19
15,62
07,82
47,24
28,05
21,94
45,40
23,55
33,96
32,36
49,10
43,57
85,32
57,83
73,52
12,72
98,11
55,40
48,17
53,01
88,26
24,78
94,93
11,47
19,89
00,82
95,37
35,90
09,78
13,86
68,87
72,11
20,00
61,26
76,58
82,86
53,59
58,39
52,14
04,42
16,37
12,33
40,72
33,06
49,59
97,38
01,04
45,82
44,93
97,72
44,77
27,00
37,79
94,72
23,87
06,74
48,37
09,70
42,77
01,72
88,81
11,22
78,98
59,44
63,39
30,71
14,09
22,31
07,91
44,52
19,06
27,48
79,80
11,31
56,09
02,10
89,50
91,58
16,00
96,77
57,64
02,54
91,79
61,90
54,30
86,17
39,68
52,75
19,10
49,56
56,36
31,29
58,68
17,53
58,32
14,15
57,93
44,12
64,41
84,58
66,98
45,25
79,36
15,44
34,59
63,20
85,42
74,26
40,53
60,92
65,04
71,86
37,33
61,90
64,89
98,77
55,99
52,15
79,03
09,68
41,05
90,30
67,84
16,06
84,12
75,07
54,87
52,07
91,49
51,08
45,93
93,30
75,98
52,27
87,10
07,66
90,13
19,02
42,34
58,60
38,35
33,89
91,21
81,84
61,98
89,51
88,97
81,67
02,77
00,35
79,85
19,18
30,96
35,01
65,78
08,72
15,52
91,82
50,04
42,64
38,64
62,83
14,38
32,18
03,36
95,46
85,19
50,49
74,56
32,72
36,98
60,82
88,03
16,12
13,16
90,93
08,37
61,32
25,45
30,51
65,67
16,95
65,72
11,01
34,48
20,17
84,10
54,69
59,68
21,04
49,23
62,27
86,01
13,05
59,43
31,19
23,79
82,17
06,18
13,22
65,23
81,78
79,87
30,06
54,17
83,30
26,13
85,50
89,70
87,69
73,37
39,54
29,08
19,19
57,06
26,45
76,95
47,57
17,33
48,28
89,19
65,50
98,18
80,41
94,24
39,57
27,14
80,48
31,66
57,16
90,78
22,89
53,86
07,48
08,51
23,60
71,65
03,82
36,63
69,53
31,98
14,48
09,15
03,73
04,76
27,77
06,96
71,44
38,98
37,03
54,57
09,76
65,60
15,58
27,05
66,38
73,75
97,69
59,20
66,05
70,51
91,33
44,16
32,81
32,54
75,03
32,82
01,14
90,18
74,21
12,96
84,82
57,20
38,73
35,17
62,74
81,56
67,91
58,89
93,45
51,79
02,79
49,29
90,08
91,34
96,99
11,30
21,93
91,27
93,33
67,78
28,19
94,11
96,17
97,95
09,78
05,40
73,29
18,17
39,95
37,59
98,26
63,34
57,93
10,13
62,20
69,09
79,77
98,85
95,20
37,09
82,16
26,28
56,78
02,77
06,30
90,41
61,35
68,22
38,62
03,09
40,91
27,26
48,65
49,28
59,02
18,03
47,20
25,05
23,43
80,34
79,73
07,86
73,97
43,97
67,92
94,06
59,63
47,89
36,07
38,85
45,20
50,71
95,83
97,83
40,47
77,40
85,91
08,74
83,43
73,29
82,87
05,05
47,98
92,67
63,53
82,57
06,02
18,04
07,73
55,79
21,20
17,04
88,24
77,93
14,18
82,67
44,77
47,11
75,72
58,68
54,30
47,49
06,81
33,72
15,44
06,91
72,63
40,62
58,76
39,40
00,24
98,30
03,78
19,35
27,58
49,85
97,01
78,54
88,83
14,68
81,89
59,57
04,99
51,39
53,61
50,26
88,99
38,37
86,61
26,41
48,88
98,24
50,51
84,25
24,32
02,55
16,61
88,36
32,76
20,70
51,81
80,54
59,78
81,13
60,73
96,01
29,38
77,38
24,75
14,90
03,10
95,73
84,31
07,66
43,67
15,96
01,52
12,07
00,92
74,33
09,66
31,95
55,78
55,39
05,00
91,54
23,30
41,51
76,21
08,50
59,22
00,23
24,64
09,99
11,56
15,41
89,72
47,16
01,56
48,28
55,05
45,37
15,70
22,81
61,71
16,14
55,12
46,64
36,98
28,42
67,82
68,10
11,95
48,24
85,52
14,96
59,81
90,03
58,17
15,93
97,78
01,95
82,25
27,35
21,65
83,73
03,92
65,79
80,43
96,03
72,46
44,43
46,80
13,27
36,70
45,93
34,71
11,04
44,59
14,34
15,05
57,99
53,52
36,22
74,77
12,69
36,72
91,67
47,09
01,53
89,57
03,05
61,65
54,16
74,62
55,77
53,09
72,03
21,04
15,07
85,05
65,75
64,89
04,76
40,14
78,87
03,07
59,73
61,36
12,34
70,73
70,25
28,09
91,63
03,25
88,72
81,87
06,75
36,22
90,65
32,09
90,80
83,42
54,69
01,87
98,80
30,07
07,51
00,76
04,38
37,74
23,03
52,89
77,81
25,33
91,19
19,89
84,51
89,16
71,56
28,35
46,65
38,43
28,06
26,95
18,65
14,79
12,29
62,43
75,78
89,60
83,77
88,97
45,98
35,80
83,65
07,81
41,79
65,53
58,35
43,51
48,17
01,00
24,03
85,66
87,35
84,78
89,28
00,71
33,45
50,94
01,21
61,08
84,65
11,36
57,75
60,81
12,84
34,39
66,25
62,75
73,70
53,42
20,66
02,40
63,84
22,56
71,86
52,58
08,12
52,99
57,14
18,48
16,06
34,25
40,31
24,61
37,17
47,38
21,71
38,06
98,48
79,93
00,47
67,40
03,30
54,31
18,28
46,77
52,30
73,42
21,31
42,71
27,39
28,24
57,57
82,78
78,77
75,59
06,26
44,17
19,45
68,30
58,77
94,09
86,20
72,39
25,13
52,33
36,49
92,79
93,42
65,84
61,24
97,96
05,36
98,17
67,78
01,24
02,89
59,25
57,95
53,78
04,97
93,99
30,78
83,36
19,88
26,37
06,46
84,03
37,48
00,34
92,41
72,49
89,89
81,78
62,13
16,62
27,56
32,32
69,44
18,33
67,57
55,83
63,37
66,65
06,20
39,47
52,19
40,11
18,27
50,06
56,84
74,07
84,79
89,02
64,77
06,35
77,44
77,02
12,45
17,00
69,24
50,27
64,69
14,06
38,46
59,48
43,41
12,91
85,12
61,35
25,36
89,86
52,21
03,86
95,35
24,57
45,39
22,66
68,01
35,40
84,44
88,32
73,20
07,48
74,32
47,67
39,88
67,26
58,61
34,76
13,31
72,29
65,48
64,93
39,84
54,87
62,92
29,85
32,10
62,35
42,06
56,51
50,78
36,38
24,72
39,75
05,09
50,28
41,91
67,13
31,28
63,51
62,31
31,01
44,18
15,47
56,81
33,72
61,59
25,64
76,07
71,11
93,64
57,67
85,27
05,26
64,88
28,82
36,27
98,31
58,89
52,11
85,52
60,08
35,18
49,44
73,97
66,94
26,30
52,02
36,57
44,82
45,55
81,75
01,11
10,38
57,48
96,16
42,70
76,06
27,52
43,31
88,40
84,08
56,78
83,95
45,47
97,05
30,60
14,33
04,73
81,70
37,01
09,30
19,29
74,06
12,52
25,26
73,29
20,99
44,58
77,19
66,13
65,52
17,61
18,17
15,46
55,01
19,55
53,51
47,83
15,67
41,29
37,86
80,34
68,02
89,31
94,90
03,13
40,55
91,61
40,51
77,32
32,84
36,93
82,46
47,47
18,56
92,49
19,58
71,13
53,67
76,30
52,54
61,98
94,83
89,89
84,17
88,30
32,75
41,70
85,21
97,36
70,29
59,15
50,86
69,90
13,16
64,27
15,80
66,64
26,92
22,22
16,09
43,04
96,73
90,72
52,84
97,76
11,82
20,52
34,35
13,50
48,97
79,18
44,21
70,70
91,99
08,69
22,75
96,46
14,26
58,85
09,34
56,55
37,89
56,40
46,94
41,13
27,86
57,15
25,79
34,60
96,34
81,96
79,14
02,88
94,54
21,30
58,45
60,56
81,09
49,53
27,02
85,14
54,69
84,64
47,37
04,38
73,33
02,12
64,64
59,04
67,40
67,11
00,79
80,18
09,89
20,48
34,46
00,69
89,75
94,60
62,97
49,54
15,91
24,93
80,47
36,59
23,36
88,28
55,86
52,84
96,20
54,49
43,76
85,46
45,94
57,94
97,77
09,55
02,61
98,78
28,05
14,54
76,35
89,03
65,43
96,78
20,09
67,90
13,07
59,17
19,44
26,93
47,25
88,26
73,27
14,88
81,86
92,15
85,66
74,67
98,71
13,68
24,87
57,59
80,28
17,23
10,25
79,99
11,90
69,07
03,01
65,27
27,29
21,74
80,46
64,66
33,98
10,59
15,40
90,85
44,95
42,14
73,13
19,33
28,97
71,01
14,06
80,02
86,97
98,03
50,57
81,27
46,98
17,65
14,80
85,36
66,45
07,01
57,54
58,99
42,98
24,55
98,86
61,29
18,06
86,30
43,87
64,37
75,71
27,25
49,29
22,59
53,79
16,93
74,89
77,83
65,19
94,37
82,97
87,56
94,05
01,16
25,84
58,87
93,07
18,87
05,52
50,33
73,73
52,33
59,80
60,77
76,72
19,72
81,23
32,68
60,52
13,12
45,86
31,34
48,83
14,33
04,99
28,58
44,58
52,23
58,70
95,08
21,84
94,93
10,74
40,12
74,38
27,72
66,57
58,15
25,54
15,86
57,95
53,61
52,27
90,60
08,45
69,89
39,74
77,38
91,14
20,07
13,11
75,51
00,98
43,88
63,65
74,46
36,43
29,38
51,09
02,38
44,26
19,77
93,53
32,67
05,69
00,72
74,44
77,58
06,72
09,32
02,66
43,13
15,73
19,12
87,75
92,84
00,61
72,51
35,79
97,23
39,61
96,35
43,09
25,99
96,91
08,50
80,49
54,37
44,00
40,28
09,11
09,43
35,55
50,91
61,18
00,12
87,22
42,64
45,88
34,61
08,32
21,58
63,73
88,54
82,33
45,61
89,10
83,07
51,95
64,95
11,77
76,35
42,41
31,83
72,91
12,98
69,05
70,64
27,33
68,54
65,94
40,68
50,48
39,93
44,11
64,78
59,34
59,27
37,87
25,99
96,17
02,60
46,49
14,28
61,04
35,33
36,84
90,43
94,77
83,53
33,37
87,13
42,42
57,54
87,60
73,23
43,20
37,12
83,91
60,26
41,25
57,71
01,59
66,23
29,85
40,51
38,08
56,66
81,30
04,19
73,26
92,03
71,10
71,06
13,16
65,81
12,72
25,02
58,58
73,99
09,93
84,58
28,49
82,59
45,79
03,27
24,78
64,38
02,67
26,41
63,19
51,11
41,56
65,07
52,34
28,71
66,14
19,19
15,06
13,32
03,93
39,48
51,73
93,23
52,91
06,71
43,55
94,30
84,23
52,98
91,42
09,10
61,35
39,39
22,74
80,37
18,46
90,51
74,10
76,63
24,60
35,08
22,70
53,77
20,72
42,24
98,30
55,69
19,82
52,40
00,59
08,25
33,28
97,36
94,72
38,15
91,27
58,70
75,42
57,98
00,69
83,74
24,86
55,93
88,97
81,37
13,35
05,66
97,55
40,24
73,07
74,08
49,21
71,22
39,90
30,47
62,97
75,96
89,83
62,87
83,93
19,85
71,47
24,63
85,93
70,62
43,90
65,91
57,94
06,62
27,04
81,45
67,86
92,12
97,87
07,77
50,34
73,40
44,98
10,07
53,38
55,74
35,04
98,52
47,68
48,10
48,32
33,61
90,81
45,57
67,65
44,27
13,80
57,02
07,84
01,08
86,08
70,27
32,11
49,63
21,24
15,26
98,96
12,48
39,97
30,05
40,47
88,57
54,70
72,67
72,18
34,82
93,97
03,57
39,47
83,12
13,00
57,37
52,64
72,03
32,09
97,24
09,89
90,07
64,58
42,53
58,95
01,11
89,39
14,92
88,96
16,42
51,24
29,06
11,46
92,77
91,24
16,16
22,03
92,15
25,90
28,46
44,53
91,53
11,29
05,42
47,96
86,88
74,54
72,88
71,55
02,10
11,94
53,89
00,74
33,28
72,45
01,15
50,71
11,36
35,61
36,93
68,24
97,22
49,66
82,41
48,81
69,29
30,13
55,11
40,42
31,28
83,01
98,50
16,61
72,87
35,19
64,57
42,05
58,86
43,33
75,28
06,39
37,49
74,45
37,95
27,90
12,08
45,70
36,63
03,01
61,59
20,88
22,32
95,08
06,41
00,60
40,61
49,26
13,53
23,44
78,70
28,77
19,40
54,66
00,18
84,61
82,87
29,14
14,19
86,66
23,06
71,14
03,45
29,51
95,70
28,06
29,80
02,83
67,02
87,38
91,25
78,73
72,41
00,86
66,44
47,79
31,09
47,99
58,63
03,76
76,33
58,04
11,70
86,07
78,10
08,26
69,52
50,84
00,08
96,70
84,39
22,43
90,21
47,32
27,58
07,33
60,36
08,70
44,98
03,67
59,86
45,92
27,13
62,61
24,74
13,57
63,33
54,59
65,17
03,72
74,59
85,46
69,62
21,43
60,41
39,54
68,45
11,77
67,76
03,82
55,36
24,74
08,95
73,71
98,12
10,34
55,04
37,28
68,27
77,74
39,17
47,96
13,21
81,26
29,31
52,71
55,06
30,98
12,91
24,90
54,21
68,65
21,03
10,93
62,80
05,01
36,06
21,66
42,98
19,40
91,89
32,25
48,54
38,40
37,90
95,33
68,96
89,09
53,02
19,35
29,22
42,64
35,89
88,08
78,93
67,97
43,50
87,79
80,38
33,34
55,87
96,57
68,95
93,25
60,87
10,19
13,90
38,11
88,83
82,03
28,40
78,99
24,79
62,69
74,75
95,86
93,74
32,12
97,16
73,00
98,88
44,48
61,49
94,33
80,96
31,50
36,25
12,91
30,69
96,32
41,98
09,34
38,30
18,75
07,68
51,09
56,20
39,38
19,53
44,83
80,75
21,95
31,18
69,07
00,13
18,97
87,52
98,73
41,52
07,18
64,12
95,79
59,28
15,67
61,16
83,39
23,75
82,68
02,67
02,79
48,46
68,26
74,85
79,87
91,12
44,49
16,29
41,97
51,72
08,33
94,50
23,47
72,24
45,73
67,78
54,81
01,12
06,36
80,65
28,36
82,56
38,88
70,66
57,10
86,06
85,85
88,15
08,97
16,09
20,81
80,60
77,39
59,99
53,68
08,98
52,68
46,22
66,19
42,08
22,90
90,04
32,71
75,30
52,92
41,49
50,79
21,64
74,63
77,90
25,50
96,79
07,74
84,04
79,68
03,24
58,75
47,84
31,47
84,03
37,43
46,03
86,25
28,73
28,58
64,91
86,97
83,31
90,70
65,36
62,71
06,38
58,79
51,66
18,09
43,21
26,62
24,52
31,50
19,97
50,54
94,72
08,08
62,84
91,26
22,22
79,59
15,86
73,84
75,39
36,87
10,53
50,76
90,26
10,75
47,16
16,09
56,84
36,97
01,44
19,16
06,82
76,30
01,83
03,88
14,66
60,63
79,23
05,39
82,02
12,74
43,25
20,34
95,91
75,26
45,99
79,19
54,50
74,47
46,80
36,53
42,79
18,42
12,86
11,72
93,38
52,42
03,31
19,96
05,72
75,71
91,13
43,39
04,81
16,18
19,44
98,93
45,29
80,59
43,78
00,93
92,95
08,23
54,49
97,40
03,50
28,86
39,62
49,84
22,18
02,04
53,06
55,66
63,24
62,34
13,73
56,79
70,81
75,37
68,54
10,85
62,82
83,01
13,55
06,48
83,61
81,01
96,47
09,16
13,14
74,57
74,07
81,14
67,89
03,62
54,25
59,39
32,72
55,24
70,92
25,63
67,00
37,64
71,53
59,03
19,71
95,33
25,15
19,78
38,54
40,24
92,53
46,00
97,59
65,73
71,21
57,56
93,48
17,97
92,97
64,95
25,16
95,48
17,31
05,12
91,09
63,35
61,38
50,59
43,14
68,05
36,19
59,72
84,40
63,78
07,99
56,45
11,34
74,95
88,99
69,28
66,57
24,39
91,45
93,01
51,21
07,86
65,74
57,96
67,31
89,68
87,10
52,26
92,42
59,29
76,58
70,97
89,36
66,16
19,56
22,05
03,62
65,57
55,97
50,53
92,57
55,37
44,75
31,59
32,49
06,71
44,25
83,78
60,14
68,82
67,79
76,34
17,89
42,30
61,32
02,00
08,02
85,85
03,21
07,87
19,59
71,51
95,56
08,32
21,62
59,50
25,52
87,43
85,98
17,94
62,93
75,96
32,20
93,77
83,15
56,53
72,69
84,94
12,10
41,64
60,67
49,92
53,04
47,55
53,92
53,42
83,97
66,64
96,70
42,67
56,64
49,24
12,17
85,43
55,87
73,63
93,23
44,55
87,10
12,69
90,45
76,08
08,39
59,33
86,02
09,52
02,72
35,08
43,18
66,38
14,68
39,67
76,53
70,87
76,06
83,31
11,50
96,33
43,47
91,77
34,53
95,95
35,37
31,27
21,51
80,12
05,30
91,20
05,14
83,09
04,98
17,40
83,82
13,33
93,79
54,17
33,06
39,91
44,15
64,83
25,36
54,60
14,66
39,60
37,43
85,93
57,24
10,15
90,29
48,99
76,12
75,36
92,44
62,01
91,22
19,72
05,57
65,16
10,71
03,96
09,67
33,05
71,19
16,93
72,43
77,94
36,67
58,58
13,72
26,21
28,98
31,98
48,83
22,05
78,49
35,21
70,68
44,32
24,31
44,98
27,68
80,95
21,21
00,28
07,46
33,31
71,06
96,38
16,34
11,09
36,68
53,04
11,10
01,87
10,38
77,29
95,79
88,17
44,63
52,58
32,51
21,69
89,05
22,92
92,35
49,96
69,48
46,26
10,15
58,96
56,09
74,30
95,93
57,92
11,28
81,89
81,94
08,88
60,51
90,03
15,20
02,71
46,94
90,98
77,06
32,57
24,82
03,75
48,04
37,26
31,86
59,99
79,55
33,41
34,70
67,51
10,35
97,92
58,58
38,13
18,97
05,91
52,77
47,26
44,88
60,08
97,03
50,39
30,40
44,45
61,60
25,14
09,79
21,03
31,53
08,84
83,56
12,57
82,20
43,24
19,17
30,09
48,54
37,17
78,93
85,74
34,70
06,16
78,42
95,31
66,91
64,23
49,01
39,61
26,12
96,38
49,58
34,14
95,13
41,96
29,20
31,32
91,05
01,29
17,87
47,02
58,74
88,95
77,86
03,29
20,07
27,50
66,86
46,62
41,93
83,54
59,64
11,58
34,00
74,67
78,33
57,30
31,08
37,18
18,08
43,79
18,32
89,04
98,58
64,10
54,65
29,53
08,94
94,03
06,36
97,36
55,73
91,09
54,74
95,42
72,06
00,47
71,16
25,89
13,26
27,04
38,22
82,72
54,44
60,45
87,12
28,75
90,96
27,83
90,19
19,68
11,89
97,21
45,64
94,77
00,97
72,82
55,29
70,43
60,63
22,74
49,62
03,49
52,47
49,31
04,03
72,48
59,44
16,24
27,37
33,08
58,36
80,73
52,13
61,57
23,29
46,19
23,36
75,38
26,89
47,15
06,66
45,23
15,79
73,09
66,81
85,23
12,19
43,35
30,39
83,73
74,55
17,39
30,11
63,76
86,01
79,46
75,58
78,48
55,50
86,99
12,54
77,40
32,20
26,89
21,28
78,90
98,70
04,55
27,78
46,84
72,80
45,19
96,77
62,48
67,19
55,36
75,14
54,94
98,61
66,92
10,63
48,33
96,94
70,56
16,58
66,60
49,81
11,67
80,77
43,66
64,90
08,89
91,94
56,99
57,81
49,00
62,29
39,91
63,75
83,38
58,87
84,55
73,55
56,71
07,90
03,40
36,83
86,56
17,43
67,86
18,82
19,79
95,52
27,79
18,37
68,15
64,36
40,06
37,35
71,01
45,05
48,72
72,93
88,29
05,55
95,64
50,86
86,99
58,63
30,44
42,81
61,71
83,00
60,63
28,09
65,12
94,67
74,23
28,71
39,58
34,59
31,54
23,69
56,78
53,63
21,96
78,93
13,77
66,18
81,66
58,44
40,65
12,35
34,08
61,95
35,74
15,05
32,44
36,11
46,13
65,21
81,92
29,12
81,50
36,64
14,19
16,04
69,11
47,62
81,10
12,78
09,12
34,03
90,21
96,17
40,56
36,58
41,31
12,08
79,84
23,72
15,13
77,13
33,89
72,25
28,93
52,42
62,87
92,61
25,18
92,60
30,77
44,77
60,12
31,07
18,14
11,28
18,45
50,10
75,00
21,84
67,43
76,46
34,85
78,80
52,48
07,88
84,73
30,74
08,02
94,36
89,55
46,96
61,86
74,53
03,88
15,90
08,99
69,76
23,93
25,40
89,44
26,58
08,70
24,96
73,61
45,18
63,75
67,14
72,49
52,15
14,90
08,21
85,14
07,82
47,45
09,47
31,87
93,37
32,59
26,75
77,83
41,75
13,45
81,22
52,03
37,26
70,10
06,68
76,08
36,92
67,16
39,80
58,47
59,20
94,36
82,19
15,95
53,91
48,17
71,61
17,87
52,11
85,50
21,47
89,52
91,55
37,23
80,78
23,05
69,22
49,71
15,71
95,65
09,82
94,86
55,03
46,64
69,71
77,62
87,63
68,37
87,75
23,82
64,47
62,87
53,89
64,77
53,26
23,72
48,19
71,75
57,49
73,90
15,59
22,72
15,99
56,87
48,67
49,64
38,99
96,85
55,80
53,20
10,19
65,89
34,66
10,03
52,66
93,12
36,03
72,08
10,61
86,44
14,06
10,09
08,08
44,89
55,64
88,17
63,68
68,21
74,68
73,85
11,87
11,77
92,23
84,10
24,35
27,98
79,99
07,45
06,06
26,00
39,91
56,80
89,93
53,57
92,51
33,03
16,47
05,82
18,89
07,42
80,20
54,02
24,48
63,59
61,85
89,62
62,83
91,48
90,81
66,86
10,79
20,13
85,89
36,28
96,83
75,84
23,58
77,21
53,36
52,73
02,50
24,66
54,97
45,65
76,35
11,15
85,17
47,34
67,97
62,16
10,95
72,34
42,41
95,60
43,03
02,74
36,75
87,83
21,99
43,46
46,68
19,55
57,50
15,55
37,13
09,47
05,23
87,75
24,24
09,45
02,56
22,51
89,04
27,64
89,20
73,87
23,77
26,15
48,15
67,33
61,65
40,62
27,12
51,62
77,05
47,65
22,49
03,82
12,58
17,64
45,19
64,64
83,63
70,53
68,83
46,15
82,87
84,91
78,92
64,78
85,19
71,76
57,10
38,30
37,97
83,43
18,32
89,80
42,36
98,46
86,56
91,35
54,54
65,39
43,57
98,02
32,93
83,67
84,43
14,86
21,70
52,84
58,24
66,98
33,63
01,13
94,14
42,55
95,00
79,78
24,41
96,45
56,16
06,79
00,62
31,25
19,33
78,92
58,21
83,14
46,93
41,50
38,77
78,63
08,56
89,83
60,43
44,05
73,75
76,99
90,11
85,12
54,53
03,07
67,60
12,31
60,40
34,27
54,18
67,24
07,72
59,67
58,36
37,90
38,00
11,93
42,14
84,12
24,75
82,96
54,11
58,66
25,35
01,98
55,84
49,92
12,56
97,65
90,35
25,48
61,79
77,28
28,06
26,53
89,82
65,67
56,11
96,51
49,29
79,65
35,81
31,61
52,00
57,14
17,44
46,80
75,77
40,22
28,00
05,98
09,12
21,54
81,77
34,80
34,81
14,58
17,61
14,90
34,18
31,85
72,67
40,54
55,31
19,86
30,37
89,68
50,68
18,30
02,36
67,42
11,84
92,73
17,61
31,66
24,76
13,06
76,95
55,96
74,49
17,00
64,60
20,68
56,93
70,86
83,22
66,97
24,79
76,24
62,64
23,33
92,38
45,43
10,50
28,93
38,75
53,72
17,83
80,71
82,31
20,37
23,94
52,51
20,14
62,48
16,06
15,61
67,86
39,67
09,19
62,66
36,71
81,35
76,82
94,04
78,48
85,03
22,30
97,59
80,80
47,29
53,89
42,90
58,80
83,81
33,37
74,55
73,59
03,29
62,75
86,88
62,53
53,10
50,31
25,33
66,97
23,79
58,63
70,06
85,75
15,36
50,60
46,78
27,79
60,21
84,30
77,83
25,68
38,62
65,02
28,86
98,84
72,27
59,04
59,92
77,82
86,02
88,82
38,99
78,07
43,02
83,56
38,87
28,03
77,43
15,52
88,67
49,64
94,74
82,55
38,10
78,93
95,29
11,58
12,68
66,93
56,32
07,33
76,43
33,75
97,86
91,59
18,38
78,66
35,55
63,73
06,68
21,38
12,65
54,57
11,77
27,58
10,61
59,13
89,90
31,38
18,66
75,64
89,47
75,57
43,59
56,32
53,05
07,17
58,66
94,19
55,79
43,01
70,87
91,62
46,33
92,57
23,70
25,23
07,37
45,71
31,67
06,39
10,64
57,56
96,55
73,55
92,30
80,83
32,07
69,85
29,54
22,83
72,82
58,92
50,52
00,67
68,43
26,99
07,95
73,44
66,81
51,43
57,95
51,07
46,90
70,75
14,35
39,84
84,51
86,71
65,78
96,87
68,42
35,94
74,27
55,90
29,24
22,65
97,68
37,77
82,51
66,53
09,30
53,74
47,76
29,75
32,87
81,43
17,71
93,18
39,85
42,61
60,00
54,43
01,60
60,63
36,46
36,36
23,51
73,95
13,63
83,71
69,08
74,96
91,71
02,17
76,71
07,46
53,13
95,19
87,10
10,27
66,66
59,90
05,95
09,93
16,10
85,34
23,02
67,78
21,46
06,89
48,85
69,91
70,02
00,28
11,55
04,74
95,54
46,14
04,85
04,61
70,59
11,81
92,76
59,94
35,16
59,90
97,19
73,68
98,44
22,20
20,18
28,51
23,17
38,03
02,61
62,63
02,79
78,13
42,83
03,71
58,21
86,98
33,83
69,11
62,45
32,69
25,66
91,76
05,70
53,53
69,78
13,26
48,12
86,35
39,70
92,90
92,43
10,85
70,13
65,90
33,90
01,38
33,85
68,17
56,64
07,37
95,58
55,25
93,53
55,97
86,18
62,60
41,79
78,47
57,00
95,47
01,78
97,29
84,17
52,92
10,51
60,21
35,39
52,19
85,92
06,97
84,18
23,79
24,34
56,36
59,09
38,73
41,20
66,86
51,17
03,32
96,37
58,60
31,92
03,91
72,88
34,11
80,44
11,34
31,72
16,58
35,15
60,47
40,19
16,83
49,80
97,57
91,66
95,26
63,30
60,41
24,13
28,91
51,67
76,90
74,72
89,71
60,34
17,11
24,15
77,70
08,78
79,13
75,95
61,22
58,78
28,71
77,15
88,81
70,60
85,17
72,50
26,47
50,67
65,20
38,13
86,01
45,68
12,28
61,95
21,19
36,45
06,33
68,62
79,07
11,43
55,07
29,96
03,34
29,33
45,12
32,67
28,14
10,15
23,26
38,51
75,89
15,49
12,69
84,01
79,82
32,22
06,30
57,56
48,81
93,31
65,62
00,63
08,08
26,86
66,59
78,86
57,60
49,51
54,10
94,96
84,83
02,74
53,72
85,42
20,69
30,78
61,57
18,43
85,57
08,54
63,00
68,76
98,54
34,38
77,65
20,88
90,53
06,11
07,25
13,93
85,01
24,75
57,48
43,36
34,27
69,76
62,55
94,01
42,66
33,11
61,76
66,21
30,60
83,02
11,51
53,49
62,92
17,59
97,30
11,30
59,31
09,79
86,26
51,78
27,16
78,34
94,61
96,05
01,93
59,72
96,98
15,81
71,29
62,78
87,99
86,47
48,84
92,24
92,04
20,33
06,36
95,78
94,15
79,38
39,13
04,57
77,89
81,43
31,25
30,49
02,28
23,59
82,05
02,75
15,14
50,55
49,43
97,22
11,11
65,58
81,30
75,35
44,70
23,71
74,42
03,41
94,32
68,12
65,02
93,46
31,80
22,91
75,40
98,66
69,51
40,71
81,54
05,16
15,27
08,00
15,13
26,43
88,43
77,91
29,17
13,56
06,46
15,22
65,04
10,84
05,19
09,91
11,58
58,07
81,54
45,44
17,27
51,57
63,77
83,83
52,56
22,53
53,21
42,74
06,99
46,96
24,88
58,67
09,18
39,32
12,04
31,78
30,17
28,72
15,16
61,92
51,68
85,60
82,82
12,19
23,80
13,84
70,20
46,22
24,64
72,36
42,83
24,88
23,09
92,67
20,73
55,51
87,17
67,81
67,86
38,05
34,23
11,17
10,25
69,72
06,15
24,37
35,28
18,27
77,75
04,92
75,75
03,77
44,99
86,28
85,58
81,82
90,44
14,29
20,23
65,60
79,15
05,60
20,26
52,37
91,50
77,84
38,36
19,32
29,57
80,10
88,80
52,50
53,40
73,00
07,43
82,78
76,61
12,25
00,23
19,74
31,46
66,50
33,37
75,25
33,37
33,46
48,52
22,04
42,24
86,98
15,44
88,90
53,29
49,18
48,70
06,00
96,32
37,97
77,05
42,19
21,41
10,42
22,62
11,09
23,85
98,11
71,68
52,52
51,86
89,05
63,56
27,82
43,20
00,21
60,94
25,76
84,25
50,76
02,23
87,60
77,35
60,53
23,07
53,35
61,16
16,45
15,84
09,55
06,04
23,47
45,62
64,15
15,89
75,68
80,22
35,81
95,80
28,54
03,12
74,34
18,13
02,32
50,31
47,88
83,13
12,25
22,66
27,00
49,18
50,48
01,32
31,08
63,87
20,22
95,13
19,96
02,00
71,41
91,51
24,22
30,15
68,79
85,28
62,42
26,10
58,03
24,37
93,06
69,70
01,94
32,82
10,16
76,13
01,10
93,63
00,08
98,32
12,14
67,39
57,39
22,58
35,37
77,28
49,72
01,70
43,54
77,00
09,65
25,08
96,13
92,80
59,10
97,13
82,68
86,29
42,19
02,16
14,96
25,99
61,79
68,55
00,49
48,75
29,86
26,37
17,76
12,25
41,23
97,11
10,36
58,69
04,30
33,23
29,13
18,21
73,94
14,15
59,57
33,63
62,11
29,41
72,89
61,91
10,40
50,23
60,23
21,45
52,22
30,08
24,18
60,19
24,43
46,78
19,66
34,37
88,58
69,22
62,50
98,76
20,41
60,30
45,79
19,64
87,93
57,53
31,63
64,19
70,58
67,22
30,02
07,58
22,43
79,18
95,14
76,76
20,39
66,02
22,62
07,27
27,12
60,39
52,20
20,06
87,55
17,02
63,63
37,01
22,71
44,71
48,69
51,51
48,31
75,03
38,80
08,42
23,08
57,49
97,88
43,46
74,03
10,76
56,08
98,77
45,48
51,91
07,18
86,36
69,17
08,63
80,64
92,95
50,44
57,51
45,73
53,22
29,25
04,52
66,49
62,06
66,65
83,09
38,90
10,41
02,28
97,45
65,17
18,64
86,51
43,46
45,80
18,34
43,90
40,25
14,99
73,98
36,06
04,40
58,55
67,87
86,10
95,81
27,96
74,02
48,47
74,87
47,77
32,12
60,32
26,40
36,22
90,79
08,30
92,15
20,70
33,35
46,25
37,09
60,71
03,41
31,18
62,65
79,70
64,92
44,64
94,42
13,39
90,15
04,74
68,42
98,24
10,49
86,05
05,69
48,15
23,86
03,83
57,75
41,50
39,07
26,18
95,59
25,38
24,01
52,32
61,26
04,22
92,49
86,27
64,07
45,70
23,16
05,18
14,35
52,51
77,42
53,79
69,60
73,37
56,34
52,52
74,14
80,59
23,05
33,36
87,32
60,46
57,84
94,75
66,96
16,83
84,02
19,50
51,56
27,56
46,49
25,13
93,16
45,43
95,19
42,89
49,91
76,97
22,21
10,42
83,96
39,75
92,42
92,02
58,76
41,35
10,52
83,19
89,31
01,99
70,39
27,54
21,91
80,31
23,32
67,15
32,15
61,85
45,13
27,64
09,78
96,63
26,04
89,67
64,58
96,24
28,76
49,23
23,29
26,87
26,09
79,06
13,68
47,30
43,73
80,91
21,40
16,61
26,08
35,45
92,18
60,28
31,43
18,80
82,90
10,59
06,28
17,50
24,98
82,85
30,05
00,78
43,91
94,63
26,44
98,90
04,48
77,21
30,95
79,85
56,36
79,84
66,64
78,70
81,07
40,88
37,07
22,49
72,13
12,64
44,08
40,83
65,19
46,92
79,03
43,20
44,71
51,67
70,86
12,29
61,94
44,26
68,93
43,87
90,82
58,53
53,03
63,05
02,15
74,21
89,16
00,35
76,95
65,84
32,80
37,36
23,25
00,26
55,52
05,50
01,96
39,23
27,28
12,26
14,43
50,95
94,63
86,68
96,29
47,15
23,45
29,45
31,03
35,22
30,29
39,23
78,23
96,64
21,17
47,61
41,01
64,61
61,42
37,67
02,42
06,50
41,19
97,10
64,89
97,29
85,63
38,49
12,45
11,29
39,87
49,49
13,77
98,64
97,54
72,75
96,36
42,38
92,74
23,32
39,07
63,95
56,47
86,03
77,24
12,87
46,28
96,11
55,13
64,41
19,14
87,25
96,37
92,00
39,46
96,54
90,01
07,60
70,39
06,51
88,54
78,45
55,00
77,21
75,85
15,92
06,11
72,97
41,47
75,78
50,36
14,55
90,86
74,87
33,99
73,39
83,50
44,65
65,80
78,62
10,61
03,03
20,55
34,84
62,99
88,70
28,34
68,97
26,41
29,10
84,84
48,73
89,10
88,37
84,07
02,92
47,72
08,55
17,57
47,18
63,76
93,78
39,32
06,61
90,02
89,45
78,56
70,32
21,20
41,62
79,81
59,96
11,58
18,80
08,00
04,10
47,26
58,56
11,45
72,36
56,95
47,23
41,56
69,67
60,30
64,81
33,66
97,54
26,28
79,04
22,57
04,45
57,49
88,66
41,26
26,11
62,65
74,84
54,89
47,37
68,76
55,13
20,38
98,78
35,01
86,33
26,85
34,94
75,79
14,28
68,91
44,02
63,54
09,94
14,76
67,26
78,70
17,49
82,37
14,83
06,49
62,34
34,65
89,82
23,31
62,99
61,35
88,90
09,66
35,22
12,20
19,03
19,33
61,44
41,75
71,23
86,30
64,53
73,27
83,66
17,53
94,19
59,63
76,02
85,88
31,40
94,27
89,60
20,06
73,68
92,31
13,50
49,25
82,27
50,22
02,77
41,32
19,00
41,02
91,86
80,93
28,89
50,54
12,92
51,96
06,63
43,19
14,52
82,57
66,41
65,69
47,73
64,14
68,87
41,40
22,42
12,98
25,55
66,13
18,54
45,98
40,48
35,34
26,07
78,16
42,67
32,52
24,45
70,78
71,50
92,37
26,46
81,13
12,19
13,86
63,66
42,59
74,35
08,66
00,15
57,70
61,62
39,03
13,44
47,15
60,57
22,70
22,19
91,36
57,26
09,09
70,91
26,18
80,94
48,07
39,51
96,86
34,35
19,16
89,61
71,70
90,72
64,43
19,07
89,39
05,07
98,71
33,56
87,78
87,26
74,15
31,92
95,18
97,77
66,67
33,22
66,86
00,36
36,32
56,90
72,07
25,37
24,70
37,58
74,64
28,89
16,69
05,64
35,28
73,72
56,50
71,38
52,09
62,78
25,03
00,07
14,62
83,45
02,89
52,01
63,12
22,26
25,88
67,68
87,63
51,49
09,22
26,74
56,99
01,01
39,59
28,16
65,44
63,44
91,29
32,26
21,40
15,52
77,40
73,22
16,58
64,30
59,73
90,70
40,98
79,00
74,57
90,62
66,70
00,34
78,65
88,66
97,50
55,41
11,11
65,82
16,11
97,18
79,95
03,77
67,07
61,61
37,57
57,82
34,57
74,16
41,59
77,00
97,17
31,69
52,71
52,85
54,75
79,79
93,78
58,56
86,20
52,86
85,43
24,23
64,27
19,72
35,82
46,29
82,04
37,64
85,87
56,57
56,20
12,60
49,05
14,77
74,63
94,01
32,75
20,91
06,59
80,68
60,16
09,49
58,67
10,03
01,45
94,59
74,15
78,07
84,84
34,96
78,94
55,86
60,15
78,10
54,40
92,14
45,51
76,52
94,83
84,23
84,23
39,93
15,80
93,18
56,61
27,23
20,06
72,94
98,74
93,29
11,60
08,53
17,59
09,12
21,70
30,77
01,54
04,36
52,61
35,87
51,80
18,66
97,96
83,93
19,45
49,18
65,96
45,06
86,73
29,17
58,35
01,01
07,55
07,49
84,67
12,01
64,31
24,76
64,28
12,90
82,52
37,18
46,49
86,41
17,37
58,72
32,01
57,31
56,47
70,03
90,40
09,15
65,31
58,59
85,68
46,80
13,84
36,94
85,72
95,01
10,64
15,47
15,74
22,30
42,29
87,88
24,77
80,73
24,97
31,95
79,13
68,81
24,51
95,25
63,40
83,61
76,58
25,10
56,86
92,58
26,57
31,33
08,90
20,30
33,61
93,16
43,91
78,93
61,14
63,01
59,22
97,39
25,58
05,92
35,73
88,62
08,67
24,08
68,26
60,00
76,70
64,99
53,55
67,40
09,45
28,63
81,93
57,32
29,31
61,38
01,37
63,08
80,06
54,45
63,06
69,08
08,22
12,16
56,42
83,36
09,63
12,44
15,41
09,15
18,92
46,98
43,36
40,18
22,07
61,36
58,39
73,82
68,95
07,96
29,43
53,36
41,93
60,57
29,20
35,58
48,80
43,97
46,60
24,73
79,74
48,46
94,54
69,29
19,18
40,49
39,18
92,15
20,03
94,79
18,01
79,11
91,54
07,47
71,42
33,03
90,12
78,08
00,99
63,62
04,20
08,96
62,32
68,22
45,70
62,87
00,57
22,02
06,42
24,39
22,42
96,47
83,58
95,38
95,67
08,16
34,27
57,67
10,39
57,71
82,17
42,92
42,61
73,06
28,16
42,74
41,73
89,05
31,65
28,18
46,81
59,01
09,43
09,98
08,79
53,02
85,79
54,12
50,11
25,32
43,24
12,78
92,05
22,55
77,90
14,11
06,12
31,56
41,76
31,03
88,28
64,80
51,46
19,59
76,59
08,68
79,36
93,54
66,02
66,66
14,28
12,41
03,56
77,35
35,39
93,45
31,59
72,67
21,30
29,58
05,87
14,53
77,55
83,19
75,44
46,67
32,47
38,03
29,36
58,93
59,09
77,70
18,61
72,28
07,09
63,76
45,69
24,09
85,40
03,74
78,73
52,25
27,81
77,38
60,73
48,06
75,55
61,60
40,58
70,12
73,99
13,92
02,88
96,95
29,95
08,63
84,34
28,73
79,17
32,40
82,79
16,92
67,20
56,31
13,97
75,65
40,96
56,65
62,40
73,24
10,72
58,69
88,39
83,42
75,38
39,27
54,14
58,65
13,82
30,58
49,34
41,23
35,57
39,60
50,87
27,97
73,31
09,85
93,15
71,49
22,60
23,44
64,73
97,85
68,62
74,48
33,80
96,31
71,40
09,57
06,07
42,04
08,26
63,39
57,88
94,90
92,32
25,34
42,27
31,52
91,08
59,30
61,58
36,45
83,84
51,16
22,81
32,46
16,42
43,85
29,48
82,86
63,26
59,28
47,06
52,86
71,34
31,03
79,13
96,58
77,59
79,44
18,82
87,18
13,52
29,44
07,42
87,30
87,83
50,20
16,28
19,53
10,34
00,99
81,31
88,16
39,43
32,03
64,09
67,10
98,40
08,20
87,55
55,97
60,61
95,53
96,68
93,84
97,42
73,97
17,17
18,47
61,78
15,19
36,10
09,79
56,30
94,61
43,21
23,51
14,32
12,82
30,84
31,30
46,77
72,58
48,75
63,87
33,44
57,35
36,56
97,30
25,88
69,02
76,19
77,06
08,81
04,66
22,68
38,14
18,32
93,18
24,54
45,20
36,23
14,74
35,09
39,74
03,29
71,36
14,96
46,96
57,57
15,24
62,69
79,22
04,43
62,82
97,93
39,08
11,73
74,32
76,30
02,95
14,94
23,85
78,77
60,98
42,25
06,18
39,28
61,92
09,04
29,95
65,31
95,46
34,93
22,86
10,85
60,84
18,34
09,91
89,07
31,54
60,64
13,12
91,93
54,31
78,70
50,07
47,15
01,93
56,01
04,41
87,03
03,95
75,70
75,09
48,72
06,57
69,77
32,46
67,49
92,40
36,93
13,13
86,77
35,43
51,00
43,75
76,13
48,61
57,51
93,19
59,59
47,33
61,43
84,96
10,12
21,70
60,56
55,93
03,09
77,59
36,63
68,34
50,44
21,37
14,84
44,35
23,91
78,76
27,73
10,39
51,56
16,74
68,35
25,16
41,99
14,56
97,94
82,29
91,04
37,96
81,83
61,48
69,98
59,02
63,16
33,12
48,01
46,00
50,57
20,57
98,74
84,42
82,21
46,72
64,14
53,53
56,68
96,47
68,73
22,35
58,70
68,74
03,19
14,75
02,96
87,74
36,04
34,08
97,56
11,19
10,37
16,52
96,91
47,86
72,52
45,17
27,43
98,58
40,19
41,30
09,55
00,87
58,04
05,84
83,91
50,53
08,43
81,66
04,15
03,28
42,89
85,61
22,06
77,31
70,42
25,25
28,88
76,34
02,05
35,28
89,64
56,73
57,78
40,75
19,16
52,31
05,53
43,12
90,14
17,41
01,33
42,00
27,12
96,20
72,25
90,99
16,53
29,26
29,75
00,43
08,43
16,15
88,09
87,63
19,16
02,77
37,30
29,34
12,53
54,41
94,99
12,50
70,44
22,38
33,60
79,81
61,89
34,66
94,37
20,73
10,15
82,07
34,26
03,33
20,88
03,07
18,17
89,11
86,32
95,93
58,99
68,15
76,37
80,28
50,28
94,39
52,40
91,35
36,40
61,23
02,20
29,25
21,19
51,93
53,88
22,09
33,49
82,21
57,05
32,25
88,14
69,78
28,60
49,37
64,78
22,69
54,42
79,46
86,99
92,72
12,59
84,69
47,44
94,82
97,68
63,74
15,79
30,57
05,99
86,14
97,91
45,99
63,44
84,23
75,61
98,10
58,45
50,36
03,82
67,09
88,82
05,31
06,10
30,27
70,10
53,24
96,22
90,64
86,04
57,89
51,94
19,46
16,97
24,32
29,54
40,79
94,81
11,23
80,16
09,16
47,41
53,29
20,61
57,91
40,18
03,27
25,87
42,19
19,95
72,04
14,73
42,40
62,85
04,14
17,95
30,27
57,59
57,25
92,74
64,77
39,23
60,32
45,72
09,76
55,52
42,41
12,39
46,31
02,66
26,62
42,72
91,79
63,72
44,84
59,55
09,75
33,54
92,05
01,03
33,00
25,93
37,93
63,08
46,74
92,36
64,03
51,75
60,71
54,01
24,82
85,39
64,21
95,90
53,70
75,63
57,25
65,58
96,30
87,99
89,74
66,95
81,27
16,94
73,79
13,56
83,37
54,48
59,58
14,45
06,47
19,11
20,75
79,88
24,07
98,01
17,97
17,90
25,88
20,66
69,78
32,62
15,29
05,92
96,93
24,36
23,35
58,49
59,87
39,29
25,73
75,22
66,54
79,42
45,00
75,52
86,03
06,88
72,37
68,04
52,53
55,02
36,53
34,38
18,59
88,18
98,80
71,34
82,59
40,88
74,65
74,39
82,19
68,21
07,58
40,34
08,79
17,04
72,02
78,26
93,80
22,93
26,36
77,61
91,00
23,75
38,94
19,24
33,50
13,50
28,37
58,69
76,15
89,64
29,73
09,35
91,87
69,79
16,61
12,67
77,81
94,88
15,51
83,39
46,06
57,94
45,79
17,21
51,35
67,98
48,78
74,48
19,06
42,02
58,89
75,81
30,74
53,20
21,01
61,49
48,66
91,34
40,82
73,37
50,65
96,81
22,33
11,62
75,15
93,74
25,66
30,27
88,46
33,71
59,73
38,87
01,68
60,98
13,39
08,72
88,43
68,06
93,57
50,40
00,94
51,11
75,02
39,87
55,95
97,04
89,25
52,69
78,50
45,43
58,71
68,95
36,77
08,78
04,30
38,31
06,98
43,26
17,13
39,69
18,58
42,16
51,36
81,47
76,95
68,91
26,23
65,50
15,37
23,98
18,60
08,86
66,14
07,39
70,17
66,18
25,36
85,72
17,83
16,34
90,37
02,67
97,95
55,45
73,48
41,88
06,10
63,41
94,42
97,78
85,26
12,15
78,79
81,57
05,61
59,74
12,58
97,85
58,33
75,13
05,13
04,98
01,39
11,99
79,63
67,95
61,88
44,28
84,98
02,80
05,81
16,84
05,57
21,37
77,54
65,89
40,40
61,63
12,04
10,78
09,29
51,62
23,21
49,60
11,37
53,11
78,06
04,34
98,04
08,34
87,34
41,54
86,03
15,33
15,67
67,59
43,34
19,93
93,02
41,31
04,62
60,59
64,74
52,10
53,68
22,47
76,35
52,05
39,98
61,60
96,64
48,94
90,20
43,42
31,54
88,66
23,18
84,84
63,53
33,04
53,29
42,99
66,82
91,95
41,38
89,56
78,92
40,25
23,53
22,28
61,74
18,25
24,07
09,58
24,87
69,90
62,64
42,59
20,85
02,86
12,43
73,02
90,48
19,55
94,34
23,35
65,64
25,22
60,24
51,49
08,73
82,37
14,21
02,85
22,20
13,79
26,70
16,41
29,79
82,31
03,92
85,38
71,13
65,97
41,15
56,61
61,24
08,94
60,58
16,73
90,43
87,60
68,37
00,11
62,99
78,76
52,97
37,07
98,69
61,79
97,07
09,97
57,70
60,17
57,81
32,54
72,62
04,17
23,82
77,62
23,11
00,45
60,61
70,34
11,69
71,91
12,40
25,78
56,44
62,70
11,40
80,88
58,54
31,81
54,27
74,20
37,90
76,18
62,67
39,40
13,54
89,61
54,84
65,74
24,97
22,70
49,23
44,17
81,34
