58,26
12,66
29,34
59,81
33,16
66,72
10,06
59,50
05,62
81,57
29,12
77,14
77,02
70,12
08,16
44,60
03,01
33,63
45,61
30,48
47,66
02,43
29,79
14,26
85,59
41,22
65,78
82,44
79,72
08,37
56,94
24,05
75,28
68,77
88,42
36,48
68,81
15,75
59,08
11,18
30,97
39,90
73,01
83,39
61,45
70,91
55,94
03,55
36,11
00,90
83,19
10,48
39,86
67,34
14,52
72,42
38,84
21,00
09,40
85,06
27,10
06,40
66,54
84,83
88,35
89,68
62,34
17,72
76,63
72,78
72,15
29,57
49,18
98,07
85,35
58,64
32,32
29,98
55,53
32,33
77,59
16,17
15,74
87,88
58,47
40,15
92,63
91,23
01,10
06,42
87,80
10,23
93,34
86,96
38,28
83,95
24,04
40,87
87,99
38,25
67,31
56,31
98,54
28,16
58,54
98,92
66,47
65,55
78,61
79,14
11,72
07,91
54,42
67,55
83,09
30,35
41,28
72,54
71,62
94,29
62,86
74,33
55,36
25,97
27,78
14,10
24,00
19,36
80,68
28,63
09,08
28,74
78,41
33,94
10,11
70,30
43,93
41,99
66,79
29,46
56,50
28,10
34,03
42,25
66,80
57,39
28,94
92,45
53,93
06,13
97,94
43,17
57,17
12,01
11,65
88,82
94,54
34,98
06,66
38,90
42,40
01,62
65,46
63,43
85,55
51,75
45,16
01,13
89,02
38,73
90,25
41,77
01,75
40,61
94,74
70,85
11,51
11,20
00,48
87,67
15,44
05,24
25,13
75,74
80,34
76,81
20,27
61,49
12,28
83,38
66,77
41,37
03,97
71,10
23,01
38,43
37,23
86,43
89,97
94,27
18,32
94,48
22,47
93,89
71,74
48,24
09,60
60,22
22,16
14,29
86,74
69,06
42,52
26,41
93,79
76,23
47,27
97,49
49,36
53,31
96,59
96,81
78,51
94,22
31,31
64,05
11,43
67,88
13,58
22,19
74,15
40,26
53,89
14,20
78,68
34,06
17,37
79,98
37,43
41,92
43,09
74,23
79,70
44,77
26,54
05,69
52,30
62,05
63,54
85,35
35,89
92,33
51,28
61,58
24,60
84,10
44,85
90,92
00,69
13,75
13,69
48,43
93,69
38,75
11,85
26,00
88,36
43,89
65,58
22,59
19,29
72,48
22,07
08,02
52,14
15,25
27,34
70,64
84,23
01,34
30,36
78,11
73,71
20,27
61,29
82,41
38,96
85,10
24,54
49,24
94,29
30,45
64,77
92,06
63,80
34,46
08,61
43,34
91,69
50,64
44,75
98,63
27,53
20,03
28,71
47,01
69,25
35,22
97,75
84,10
77,57
51,29
66,11
08,46
32,36
06,18
29,45
80,92
78,07
58,73
41,71
42,84
55,19
45,19
59,11
66,72
89,50
66,83
03,87
41,01
69,70
55,23
19,76
82,36
49,56
68,67
01,66
80,55
23,96
03,39
33,89
04,71
07,68
29,22
61,75
92,49
91,58
94,82
25,90
13,88
13,14
73,70
18,58
33,97
44,58
55,05
11,63
47,63
68,89
50,50
61,39
59,90
95,17
89,05
60,82
25,25
92,36
59,60
15,54
13,47
91,10
70,93
41,14
74,18
47,94
96,39
52,95
54,77
13,62
76,85
69,32
17,09
43,97
55,41
07,57
15,05
98,36
52,84
45,39
75,24
14,27
75,49
40,45
38,48
13,33
96,51
37,08
16,38
14,71
44,99
77,63
49,20
18,17
84,69
38,98
39,31
12,27
80,54
22,92
61,20
24,30
76,71
31,91
79,12
48,59
55,23
00,41
07,26
24,33
76,71
05,66
82,64
01,94
39,10
05,12
65,00
38,25
40,27
28,95
66,45
77,22
74,62
48,27
07,71
25,04
45,21
79,46
81,75
10,26
11,24
27,08
92,65
35,74
76,32
64,08
36,80
46,64
49,44
58,88
83,82
17,23
86,49
88,85
45,68
47,80
94,68
64,23
60,53
87,03
31,33
72,22
16,68
32,12
07,25
81,09
54,23
45,23
94,37
97,52
89,54
38,17
85,95
45,37
36,31
81,99
57,45
53,93
90,38
93,53
60,05
74,42
22,03
11,40
62,76
11,18
58,89
07,65
36,00
38,14
80,67
29,71
87,77
25,85
66,34
19,70
39,75
97,90
66,61
81,04
32,92
81,99
42,35
89,61
66,81
57,43
98,81
86,23
69,88
02,45
56,48
01,30
03,27
47,41
69,08
48,31
31,74
83,05
40,09
96,24
92,47
41,23
48,03
62,91
17,32
58,60
38,10
04,66
72,98
80,40
17,51
88,43
50,68
73,40
25,52
92,96
88,23
43,44
56,07
48,89
27,35
27,50
31,84
74,26
57,77
94,21
49,62
74,80
15,84
31,20
53,82
45,15
66,08
00,13
04,49
19,29
17,63
71,37
54,12
29,05
92,43
89,61
84,37
84,57
95,53
87,44
70,81
71,62
04,21
09,74
12,90
62,41
23,18
95,52
91,74
87,40
67,68
83,04
82,02
63,00
09,06
23,65
65,47
67,34
77,07
87,74
91,17
87,69
14,28
35,24
48,88
94,04
78,55
13,04
91,03
82,26
59,08
63,31
21,93
31,93
47,36
39,21
98,42
53,74
76,68
74,97
13,24
71,48
59,33
86,44
32,45
56,10
76,03
36,27
17,14
64,44
47,42
92,94
58,16
73,04
13,62
57,37
98,72
66,48
40,93
29,63
63,18
48,96
86,21
34,71
18,83
73,85
27,78
69,38
87,09
46,73
03,33
12,59
13,09
33,98
89,80
66,66
82,66
40,85
79,91
36,26
27,35
46,87
00,99
03,13
86,04
67,08
84,25
75,55
83,23
06,10
77,19
10,43
16,52
88,72
18,24
28,62
16,68
31,46
41,59
91,30
34,64
53,08
02,69
38,32
25,46
01,65
21,11
80,67
35,56
42,71
28,95
91,27
21,36
83,65
91,46
17,42
48,09
54,69
66,32
72,55
64,31
22,56
60,52
33,04
66,73
54,73
48,94
87,81
22,64
29,10
16,23
76,18
47,65
87,17
83,03
97,04
93,42
87,98
12,26
14,99
31,48
47,95
51,85
08,29
79,40
78,95
61,07
89,70
84,27
40,12
97,60
18,23
95,97
58,20
45,16
29,78
69,08
77,70
19,22
21,16
60,42
72,36
72,57
25,72
77,92
07,61
05,77
02,01
92,11
90,28
45,98
38,22
02,25
49,25
01,84
86,31
17,46
68,43
11,02
90,29
12,00
98,92
75,19
34,32
58,97
91,54
03,47
54,63
74,88
29,95
23,61
69,65
60,52
59,76
20,69
47,29
38,58
76,51
46,63
08,11
70,70
02,61
74,24
88,40
40,99
17,28
75,56
12,75
82,02
45,34
08,65
91,53
48,60
58,53
33,13
89,08
15,09
68,55
82,82
79,91
20,70
04,29
51,49
13,14
72,22
17,20
68,45
57,73
43,95
58,54
98,51
23,80
25,13
58,37
89,48
78,01
04,64
94,89
70,65
61,56
85,41
09,30
16,42
83,95
73,54
94,79
49,65
13,60
91,25
56,66
95,22
15,74
36,21
25,58
49,07
83,90
05,42
60,17
69,82
07,02
80,17
27,72
86,21
35,82
91,50
05,70
22,61
24,80
32,31
24,05
54,04
39,15
50,94
39,87
43,58
14,32
04,46
66,04
80,19
37,88
91,33
27,54
21,71
51,16
83,93
84,14
06,09
23,92
90,09
83,67
84,94
27,64
96,53
10,95
09,79
63,65
71,36
90,65
61,81
09,37
98,27
82,68
65,14
37,06
90,82
97,94
25,60
46,36
98,84
60,05
13,22
64,69
23,75
60,56
46,44
30,12
19,62
94,80
67,29
47,87
73,57
70,93
73,90
14,69
22,62
52,31
12,74
39,75
70,59
85,01
05,99
58,45
84,80
66,02
41,61
21,32
11,78
49,71
25,38
54,25
92,57
74,72
47,73
57,17
59,82
76,11
21,63
40,15
73,44
78,80
74,66
48,92
26,61
30,88
11,40
22,73
08,16
05,09
78,90
11,51
74,17
22,00
29,02
52,95
77,71
74,93
66,99
40,62
34,50
12,60
63,18
31,87
46,12
20,46
06,56
55,12
21,76
88,57
46,12
35,77
68,92
73,36
25,38
17,27
85,07
59,30
25,93
93,46
93,62
41,62
51,10
70,95
40,59
65,61
82,83
56,80
92,64
41,85
49,05
63,22
52,70
32,75
70,31
31,79
27,57
44,37
60,41
18,16
83,63
88,08
78,80
80,69
52,60
66,06
59,58
87,42
18,52
28,79
68,98
09,03
04,61
98,76
70,60
12,19
21,05
08,77
18,04
76,48
24,13
73,52
16,87
36,61
06,09
84,40
65,57
30,04
18,30
87,15
90,62
89,49
11,82
46,07
71,69
20,74
57,46
52,94
76,77
16,16
11,45
95,49
04,72
60,19
59,94
41,24
51,21
03,70
06,47
83,20
26,55
43,36
15,41
26,48
46,70
70,86
79,95
93,94
59,45
13,56
41,55
58,81
66,71
92,55
14,41
44,49
28,87
72,58
89,09
22,33
70,06
71,41
83,32
42,47
21,67
57,16
25,54
47,65
69,23
97,20
96,16
12,09
19,78
18,71
60,93
97,26
14,55
52,84
38,60
87,71
82,06
92,51
18,58
39,00
52,68
42,29
31,29
33,84
90,07
51,06
37,66
62,48
89,20
64,69
28,31
34,01
78,97
48,26
72,04
31,28
85,11
58,42
97,26
67,46
21,62
27,54
29,70
51,42
66,53
77,08
68,47
67,61
37,81
43,20
45,70
07,28
40,01
87,34
38,93
11,93
45,07
07,48
10,51
97,91
30,22
91,45
72,85
08,48
70,43
73,25
74,11
75,64
85,83
14,57
39,98
73,28
91,25
16,16
10,29
61,22
24,96
10,40
62,05
10,43
79,89
63,87
03,02
92,93
03,47
80,78
83,00
29,40
60,81
01,49
95,66
46,51
43,92
09,03
72,88
86,06
13,38
40,46
23,63
03,77
54,08
37,51
24,53
17,39
72,61
32,47
86,68
83,15
07,23
71,39
15,50
89,87
19,43
70,17
78,88
57,72
80,67
66,75
38,70
21,94
47,29
95,76
50,92
01,41
78,15
28,51
22,88
11,20
64,23
24,68
71,50
61,23
61,17
48,75
92,86
94,13
61,64
35,03
39,79
52,10
79,35
48,48
55,05
32,41
46,42
05,42
32,16
90,26
83,29
98,80
88,82
63,35
38,16
78,43
07,88
41,53
38,71
44,16
94,63
05,81
63,76
94,76
00,30
39,97
87,70
46,15
26,07
78,68
07,33
23,86
63,75
01,40
33,34
27,88
92,16
81,87
89,44
76,61
63,20
41,18
23,16
82,97
38,58
49,28
02,16
02,30
12,52
67,03
74,10
76,79
07,73
63,20
97,22
67,00
08,61
10,80
66,92
58,40
57,64
13,28
30,42
97,01
22,00
09,53
80,31
57,23
97,39
08,75
91,11
25,11
26,60
69,06
69,03
41,63
41,23
98,73
75,17
55,74
85,65
55,32
92,99
48,73
08,86
58,80
89,09
75,23
35,13
90,74
51,96
25,19
27,42
27,02
73,94
36,84
15,05
72,56
83,30
32,00
03,05
25,24
11,22
06,20
54,65
24,10
33,11
06,08
61,35
89,32
25,16
62,39
11,14
44,96
98,46
78,60
93,82
83,57
16,73
76,74
97,55
37,00
11,68
98,24
45,25
81,55
73,42
10,13
82,06
01,45
02,91
02,62
26,62
42,14
52,72
08,31
17,61
44,52
70,34
32,86
55,96
09,33
28,78
94,58
39,76
45,28
51,94
08,89
46,29
10,24
49,63
75,85
62,20
53,84
47,36
75,96
90,51
38,45
52,96
05,83
26,12
36,97
70,58
11,41
28,84
39,35
21,40
89,00
97,66
88,72
16,45
46,86
81,31
37,39
86,72
22,53
33,93
69,69
58,95
47,18
95,33
74,24
20,47
75,28
32,32
40,06
40,10
50,93
32,27
48,31
47,93
89,63
56,31
04,47
95,78
53,24
84,67
65,24
96,33
41,71
01,68
86,22
37,70
06,17
28,53
53,06
57,90
78,26
23,08
94,82
84,56
46,19
13,67
93,39
10,00
52,32
68,27
49,33
15,99
92,13
70,24
73,71
52,47
89,32
68,48
77,30
84,76
60,87
88,87
62,71
41,04
77,26
79,70
14,35
18,46
91,64
76,88
63,07
15,28
58,29
90,88
44,36
89,64
95,55
22,72
98,36
65,53
58,65
31,34
82,19
41,00
50,87
12,54
30,78
90,79
96,76
39,83
80,14
92,21
14,19
79,44
16,99
23,48
45,10
92,17
98,58
62,47
30,24
82,89
58,31
32,54
36,08
89,13
94,66
92,78
49,33
39,34
96,86
43,30
47,98
46,35
01,88
41,64
84,56
63,06
54,61
16,13
04,78
52,20
04,87
97,60
74,03
90,74
29,26
74,69
65,30
80,90
47,77
28,89
27,13
83,17
93,61
94,42
10,17
69,46
15,10
59,09
68,34
36,36
60,62
69,52
25,42
98,07
68,86
46,40
17,09
49,77
96,39
27,51
58,65
43,10
56,38
05,24
47,90
31,38
18,95
67,24
96,29
76,86
96,08
83,06
39,54
29,99
95,25
31,87
72,18
46,73
18,18
11,57
98,10
31,86
36,02
36,19
23,59
48,26
15,12
55,87
11,13
63,59
40,31
23,28
46,47
76,52
30,01
65,17
68,30
81,89
44,79
15,45
22,36
30,61
89,58
84,06
65,30
46,62
89,20
75,93
05,42
84,20
50,39
68,42
64,66
04,15
81,60
12,67
04,51
73,61
24,19
36,68
77,03
33,13
43,16
68,33
98,15
44,51
00,78
31,74
08,97
28,09
56,67
04,31
62,89
64,57
82,71
85,97
60,23
14,39
58,19
50,34
96,37
07,51
97,79
09,98
95,14
29,58
32,25
87,98
83,20
39,27
52,97
39,13
02,59
17,16
07,74
94,08
24,29
86,43
47,38
29,94
14,70
05,23
68,20
44,14
18,39
57,00
68,47
71,92
78,19
75,54
21,38
73,93
89,87
34,28
21,38
58,44
69,94
49,05
80,14
39,89
83,05
85,29
69,25
42,62
00,46
26,81
70,98
19,31
65,68
43,04
00,92
60,52
66,04
78,91
57,02
49,10
26,19
42,74
30,27
09,87
39,94
71,82
39,94
00,74
50,01
42,59
11,23
98,31
90,85
55,26
93,40
18,71
06,97
49,66
17,01
23,82
93,40
70,49
27,87
93,56
83,63
24,26
10,36
24,84
63,68
48,69
87,91
38,32
53,96
44,69
18,66
32,17
21,74
96,76
49,31
72,92
57,83
52,12
75,26
10,67
82,75
07,74
48,62
67,89
38,23
05,25
04,46
49,55
19,25
25,65
67,02
77,47
62,05
11,79
43,77
71,44
36,61
68,51
64,55
64,87
11,97
29,04
54,70
45,77
73,67
82,82
13,16
14,33
32,79
37,11
47,95
32,13
14,20
69,62
92,01
65,30
71,07
29,34
21,82
97,44
51,59
30,20
46,11
31,73
40,20
80,31
08,33
76,40
77,99
04,84
01,16
70,43
88,07
83,29
58,17
60,36
62,70
07,16
03,19
29,93
73,88
60,99
19,59
49,53
43,66
77,15
31,36
85,29
58,12
97,05
79,89
00,37
63,27
07,73
79,00
41,85
70,33
49,61
93,01
39,45
08,86
07,53
21,79
61,75
18,41
24,94
97,44
46,04
35,58
23,29
06,65
47,91
33,64
39,84
97,45
08,43
96,57
23,98
40,75
92,56
85,46
98,41
76,30
09,62
00,58
09,45
58,63
66,66
01,89
52,37
47,08
09,80
56,49
16,48
87,38
14,85
65,98
25,03
70,20
13,96
12,40
23,33
55,57
75,56
07,75
25,57
92,62
49,34
61,08
75,13
03,97
56,66
76,55
78,25
82,60
95,73
85,22
85,94
95,62
09,58
82,69
37,68
67,35
36,75
72,56
85,08
44,64
01,91
43,84
68,32
02,79
22,52
02,91
17,13
83,77
84,92
57,53
18,81
23,60
74,68
08,61
11,82
70,74
91,35
15,77
05,79
62,03
66,25
51,03
84,54
90,70
12,59
00,60
91,39
27,11
46,00
63,04
35,25
95,54
46,02
46,09
32,33
77,46
10,47
47,64
41,10
06,66
22,12
56,11
04,60
50,68
33,50
43,11
86,96
49,64
24,66
97,90
64,03
08,04
05,05
88,44
65,61
24,82
82,03
29,22
88,11
16,90
37,82
49,87
28,42
04,70
00,59
15,66
88,05
90,21
50,65
85,73
91,79
23,71
39,54
54,34
12,83
39,02
32,94
76,09
24,40
13,84
82,66
11,13
72,81
08,62
43,57
31,69
50,45
76,05
36,04
20,09
61,04
18,97
12,81
56,31
72,16
14,43
47,54
29,76
36,42
22,52
34,52
45,51
84,19
54,73
59,68
77,49
05,41
37,51
78,50
22,39
23,00
40,52
14,11
27,01
25,74
38,32
57,66
55,80
91,06
68,20
70,86
03,82
02,51
02,51
21,57
18,16
46,54
02,59
32,25
16,15
55,61
43,72
74,50
58,85
32,87
91,89
56,78
45,69
85,17
89,39
36,95
20,71
03,34
74,08
21,68
36,02
57,76
72,05
82,27
12,25
67,51
33,20
64,84
23,83
85,30
43,64
40,99
16,62
52,28
51,11
11,23
88,15
86,93
43,17
39,95
07,25
59,76
81,44
66,21
16,07
36,57
67,58
20,09
84,90
67,27
12,07
35,10
92,97
41,54
25,60
57,85
76,51
05,23
06,28
95,15
93,98
17,63
74,12
73,40
40,93
90,69
49,35
32,60
13,34
37,65
78,19
08,94
82,66
30,76
28,27
20,57
53,77
79,09
29,80
01,20
76,98
91,19
13,92
97,91
96,10
00,55
17,99
96,54
34,17
20,92
43,81
88,31
81,83
07,05
50,84
72,36
72,81
65,25
15,16
40,25
93,08
08,45
54,72
51,88
86,08
09,04
26,15
06,62
28,53
61,45
04,44
50,31
01,88
37,04
42,38
86,08
84,98
51,95
64,43
80,03
76,99
95,27
67,93
89,44
12,69
65,91
51,07
91,30
96,58
06,06
44,71
00,77
86,79
50,63
26,72
39,67
37,93
40,17
15,72
51,85
30,21
66,46
98,12
00,09
30,04
90,08
23,68
45,27
68,09
77,23
91,18
74,24
39,54
68,40
33,00
61,27
02,48
34,70
95,41
60,85
35,07
21,92
89,06
55,18
41,88
47,15
25,38
70,86
21,07
60,89
62,29
34,90
16,91
50,80
34,10
27,63
49,61
29,43
32,53
57,94
73,22
11,50
74,07
75,75
46,70
56,10
17,66
04,88
17,24
26,08
94,51
85,94
07,28
79,31
52,49
02,34
59,52
14,35
11,97
32,35
48,70
30,76
64,33
16,68
81,93
04,35
02,31
72,93
35,52
09,28
06,79
36,14
24,58
58,66
03,76
79,92
96,89
98,75
44,76
06,21
53,43
02,73
18,59
74,66
16,77
03,93
14,56
94,13
85,18
32,40
53,59
75,94
55,93
88,43
80,73
02,21
52,45
35,41
49,31
74,04
47,26
77,98
80,93
34,11
40,65
40,25
73,85
74,84
65,98
33,05
24,97
10,30
46,06
72,80
91,66
84,80
60,83
02,20
80,93
73,45
20,80
02,59
28,51
30,66
15,11
39,74
88,80
24,32
03,95
84,61
86,79
29,11
53,37
18,77
53,21
90,54
63,86
56,05
02,61
59,96
33,07
81,46
22,20
16,32
98,40
18,32
20,45
02,28
66,34
19,31
60,96
18,83
59,84
23,30
49,39
27,74
75,91
58,58
64,05
53,94
07,42
59,61
23,98
83,09
77,77
07,29
65,65
95,68
09,88
80,46
62,54
89,51
36,90
80,42
48,71
00,30
43,61
36,18
30,21
36,19
48,47
13,17
61,01
25,92
57,00
97,71
20,15
61,44
37,21
26,43
84,72
34,32
00,25
93,50
23,75
45,18
73,72
06,88
21,74
79,14
40,81
78,58
55,68
43,65
55,08
20,30
82,99
60,63
21,02
18,95
44,15
50,66
96,06
55,04
13,52
12,68
11,72
64,33
09,70
69,56
31,63
84,72
64,98
38,83
77,97
35,96
90,46
20,06
20,66
79,56
18,81
27,46
71,01
48,11
95,64
18,40
08,09
16,10
13,41
93,34
87,18
48,43
75,67
10,43
84,76
58,93
22,83
44,31
81,43
47,20
56,29
38,74
46,88
23,89
07,98
57,63
18,62
58,23
78,55
73,89
45,70
28,86
13,36
23,40
89,72
85,96
28,37
47,28
84,93
05,92
02,61
86,07
49,69
22,96
51,35
55,23
08,96
30,71
42,77
88,94
25,55
39,92
95,74
35,49
65,88
83,24
85,64
07,05
19,99
94,76
22,91
24,01
74,90
57,24
05,86
14,06
13,47
83,57
65,75
45,71
04,62
68,13
84,63
40,85
18,74
02,44
54,67
04,86
41,41
45,06
73,94
95,05
60,22
09,32
13,29
63,96
33,59
92,50
50,09
60,70
75,50
02,62
97,99
45,38
04,30
62,47
52,59
98,64
58,13
41,08
57,84
77,22
84,44
70,40
83,78
20,59
92,43
83,17
00,50
77,04
23,64
49,06
88,84
93,71
54,80
24,03
17,32
47,49
46,55
24,15
55,98
15,33
67,93
42,70
07,65
14,86
93,72
47,57
04,97
49,04
46,86
10,13
76,94
50,29
55,81
36,33
53,30
22,32
66,81
00,36
27,33
46,01
70,11
86,61
80,65
28,48
40,12
11,66
47,76
32,89
72,29
75,53
22,48
67,52
85,81
98,62
82,74
68,16
98,23
60,61
65,83
43,16
29,67
61,55
36,37
34,05
83,12
41,94
45,73
73,22
61,70
42,46
23,23
09,86
09,09
52,58
37,84
06,12
48,47
35,80
01,22
23,48
89,37
82,65
10,05
31,00
71,65
09,43
27,48
92,54
08,49
60,21
83,34
36,97
36,82
79,63
27,04
04,71
25,08
37,87
07,06
54,37
82,26
10,20
67,61
93,64
36,37
65,68
42,45
77,00
77,36
03,75
79,95
34,84
54,25
47,77
27,92
63,79
88,83
25,98
66,59
36,31
23,72
03,84
57,69
52,31
54,93
76,32
84,70
12,64
08,02
92,34
91,61
44,22
01,27
81,38
06,66
78,22
07,58
74,13
96,18
40,35
77,98
92,05
76,49
76,42
90,84
97,76
64,39
34,10
19,30
05,16
38,07
45,02
54,54
59,81
78,57
93,50
27,84
35,03
81,02
77,38
33,80
64,86
11,64
92,89
61,21
17,43
43,64
43,86
42,40
80,02
70,26
66,13
67,49
08,66
69,08
58,73
11,89
71,13
42,81
98,95
78,00
14,77
94,87
28,49
42,41
52,05
89,35
88,61
80,26
76,28
35,36
08,22
08,55
96,68
94,78
21,12
15,05
77,72
66,78
48,56
64,46
91,49
75,93
54,78
67,99
61,98
52,84
22,45
53,04
20,90
00,35
20,52
65,08
72,25
45,22
44,45
07,00
18,63
72,02
53,52
73,11
54,04
55,34
41,64
93,13
36,99
89,14
36,08
73,81
77,59
91,07
29,20
58,94
00,62
67,85
11,62
70,25
76,58
90,68
95,16
47,65
49,17
93,53
91,32
28,79
07,03
04,76
14,09
19,15
03,01
58,90
82,79
74,66
67,84
05,06
18,49
88,33
81,87
72,19
84,83
96,91
55,14
31,73
24,32
58,03
80,02
66,13
50,06
22,24
16,67
92,96
76,93
12,45
67,46
34,46
05,03
62,18
40,80
83,32
56,23
00,68
68,10
70,09
68,18
64,39
09,66
89,26
70,84
32,86
52,04
97,41
24,59
94,15
71,82
96,42
25,75
52,07
19,31
07,16
23,53
40,36
40,40
17,93
40,55
64,80
76,77
36,82
29,16
25,53
06,34
96,63
54,31
43,89
37,98
75,67
35,97
57,60
26,51
75,98
46,72
34,04
81,25
63,69
15,75
59,58
37,71
14,23
52,98
24,40
65,19
15,19
73,18
51,43
83,75
96,87
65,59
67,84
76,43
04,72
24,41
85,55
76,26
94,58
40,11
62,86
56,46
81,63
14,03
56,81
17,82
29,21
48,46
24,27
42,55
05,41
48,59
28,03
56,55
71,40
54,20
11,08
08,36
05,62
12,33
53,43
63,35
94,02
96,17
92,30
96,67
33,08
72,79
91,28
31,41
23,40
08,23
63,48
81,31
42,59
22,65
27,85
48,53
76,13
05,86
37,26
88,20
11,40
88,83
57,44
03,56
92,83
30,21
86,26
76,19
06,15
22,62
05,02
04,93
76,24
21,55
12,09
57,97
42,00
41,52
63,80
39,02
06,45
52,29
42,19
96,31
96,25
90,10
98,76
93,96
01,14
66,15
13,96
26,39
69,53
49,86
37,88
19,00
32,28
83,96
75,34
68,06
07,53
87,99
36,75
97,55
19,46
78,31
15,65
51,11
29,72
62,65
17,64
69,68
55,87
30,92
08,54
51,00
30,54
94,91
90,37
07,43
52,70
18,58
29,31
09,72
35,07
86,72
20,41
36,44
92,35
98,95
84,83
00,56
37,14
47,38
93,08
79,63
33,79
89,48
53,02
48,02
53,38
47,43
04,99
31,97
06,92
50,49
32,47
23,21
62,66
29,00
61,70
07,62
91,83
30,89
48,69
60,35
19,91
23,89
75,56
28,84
77,23
36,27
67,08
84,32
59,36
68,11
94,14
35,63
19,48
15,29
00,72
33,37
36,54
17,44
85,61
30,92
71,09
81,55
19,32
10,33
58,67
87,42
88,09
02,66
52,42
24,42
06,11
16,02
14,37
94,79
77,74
81,32
57,15
58,49
03,62
32,72
98,60
55,13
23,18
29,58
40,57
33,68
49,27
61,88
96,44
64,47
24,52
57,15
27,91
95,08
04,58
42,30
65,03
90,00
64,03
28,02
30,27
64,04
06,22
94,71
28,86
22,99
09,20
92,74
67,64
84,24
14,31
78,25
90,15
74,94
38,84
60,31
30,31
51,63
26,60
43,41
05,02
38,17
04,44
96,81
25,64
25,45
77,48
22,44
72,75
16,57
25,81
16,13
00,88
79,83
56,00
98,12
62,28
09,28
90,90
95,99
31,49
60,56
95,30
33,64
52,73
12,27
18,15
41,40
16,33
33,15
33,11
47,80
60,67
50,38
75,94
68,28
20,56
55,15
32,22
87,89
04,35
72,13
03,90
85,70
56,98
09,46
19,20
25,88
95,12
60,36
47,05
09,01
02,49
62,01
79,60
60,78
87,81
43,54
15,29
03,98
73,57
55,10
12,47
40,44
04,72
14,29
28,44
80,56
33,07
33,25
34,00
04,93
22,54
83,57
98,03
63,87
76,86
64,34
90,60
21,46
08,40
35,39
77,41
04,64
37,91
18,47
18,55
78,35
07,74
46,03
52,03
27,17
04,90
90,69
40,28
38,59
41,75
00,32
77,82
23,44
32,59
07,61
22,83
74,00
71,72
10,30
82,09
23,05
11,37
30,57
07,94
45,95
22,25
14,20
72,35
14,14
95,70
61,80
92,94
85,23
77,48
21,83
32,02
94,34
36,60
15,82
43,37
94,51
03,57
22,75
93,89
73,46
45,15
88,91
33,01
79,45
38,10
83,52
23,75
50,55
96,73
79,57
70,65
71,46
70,34
96,33
40,68
47,49
55,52
06,14
53,91
13,62
98,27
51,56
75,80
73,07
53,47
36,02
38,89
06,22
22,97
49,06
40,58
36,56
87,70
42,29
42,43
46,05
33,73
79,33
37,82
42,95
03,06
19,49
05,31
02,34
89,97
26,77
67,15
43,44
61,43
41,03
74,61
02,94
00,87
74,74
88,48
16,94
46,79
49,35
02,15
43,13
44,26
34,12
44,82
02,51
28,27
91,88
44,60
30,28
12,15
02,52
64,38
20,16
86,71
56,37
33,86
17,14
40,01
34,46
96,83
41,32
97,39
63,23
42,60
05,48
67,70
91,05
45,32
95,95
91,97
23,84
56,20
13,36
51,51
78,00
94,32
34,09
64,81
67,00
46,42
35,34
02,83
03,13
67,63
68,35
93,26
95,08
85,56
44,32
42,49
12,55
41,13
80,59
82,48
23,37
65,01
10,80
90,61
89,24
04,88
56,81
53,95
03,82
92,20
38,83
24,55
14,66
56,88
79,01
40,77
58,14
90,69
49,94
73,40
20,77
61,54
10,52
63,32
54,92
23,72
54,71
54,01
10,38
07,60
26,13
89,87
00,23
08,39
96,85
38,49
00,80
48,11
93,91
10,41
41,94
08,48
68,07
18,79
15,29
21,69
05,57
72,50
08,68
06,44
12,76
19,60
47,71
61,20
91,87
75,08
12,08
95,17
81,67
56,86
57,27
59,51
12,29
95,58
02,88
53,47
10,90
56,58
74,45
44,03
62,05
06,63
56,97
73,38
07,79
71,64
28,45
71,18
59,13
13,29
24,34
74,88
98,78
69,93
20,65
58,93
06,92
11,61
69,78
18,41
68,13
76,93
10,98
00,13
20,70
48,93
94,54
86,43
62,15
94,54
87,29
34,24
00,93
33,21
13,30
25,87
77,28
34,85
36,94
77,74
56,23
31,29
14,44
37,25
40,28
31,17
34,32
25,18
30,37
45,88
55,19
76,68
35,23
28,32
25,02
72,81
76,80
66,78
46,11
06,15
59,12
54,27
65,76
48,19
90,40
28,47
26,27
81,84
98,40
25,48
42,45
20,14
88,54
24,08
50,85
08,28
56,59
42,49
84,80
33,14
93,72
61,59
33,05
57,58
77,78
77,73
50,60
02,81
75,17
58,52
04,59
56,07
53,83
61,50
41,33
42,13
36,43
04,58
96,17
84,23
97,49
10,67
74,89
27,72
63,55
48,02
58,71
28,53
26,62
67,51
35,55
12,09
74,59
88,65
52,14
98,57
87,50
43,63
56,38
43,78
25,56
68,78
97,13
91,84
21,67
69,11
28,93
60,91
65,86
00,55
65,03
63,84
40,87
11,16
28,59
53,32
61,97
79,39
26,90
37,36
72,15
04,87
04,26
20,53
11,90
70,53
15,40
72,21
94,96
08,08
75,05
69,17
26,68
50,91
59,91
61,75
61,05
79,18
30,13
28,43
64,88
59,82
93,17
32,95
90,27
32,52
18,11
65,96
26,91
97,19
45,27
68,74
76,81
21,80
81,39
49,08
48,68
52,29
69,83
85,07
42,28
62,43
76,47
74,18
66,78
61,23
79,70
16,84
23,76
92,83
61,12
57,90
29,26
34,73
71,46
01,62
90,83
21,20
65,91
70,28
71,82
91,80
69,61
75,77
21,87
21,23
73,51
46,05
03,70
96,33
31,18
11,48
75,57
77,68
63,77
09,67
46,91
82,01
76,23
46,83
61,19
84,81
07,36
93,83
44,38
09,68
48,38
18,82
73,95
43,28
12,70
51,72
21,14
98,28
08,38
76,96
49,76
24,79
63,36
66,86
56,85
25,00
21,36
42,00
70,19
93,59
95,05
36,64
27,02
67,16
98,30
42,77
07,15
02,78
97,05
73,81
91,89
56,01
87,79
40,23
91,90
91,95
46,59
45,42
64,75
56,53
32,16
30,24
57,35
85,46
04,62
52,10
73,21
78,84
41,56
68,60
71,64
39,61
32,89
13,58
01,72
12,75
51,59
78,42
72,53
88,45
13,29
15,95
79,28
11,71
52,46
18,86
77,11
18,82
68,97
31,98
51,13
92,11
16,88
28,75
06,93
27,08
34,56
26,47
40,94
15,64
65,20
84,64
68,32
74,50
11,63
97,51
96,84
52,23
45,28
24,43
79,72
35,31
11,06
32,16
92,06
77,83
06,36
20,38
23,30
83,89
75,10
55,81
92,28
29,84
01,82
26,36
64,01
00,49
19,29
25,35
38,91
16,22
56,57
15,62
85,95
59,70
38,33
82,81
97,72
81,41
70,39
78,21
08,74
52,30
78,87
69,13
76,76
53,61
47,69
66,18
92,27
45,33
64,55
71,37
05,42
21,19
78,28
82,97
66,84
74,53
14,83
46,19
31,02
31,00
14,23
69,57
09,79
47,49
14,57
51,72
91,29
02,16
98,90
31,63
73,13
71,07
16,23
70,10
43,69
81,46
67,68
01,27
52,47
55,98
75,27
12,05
66,38
08,33
06,09
40,48
10,64
49,69
59,96
24,61
81,34
42,26
39,19
23,34
25,62
01,85
79,89
59,74
43,85
89,94
09,55
48,36
28,59
67,07
30,82
62,32
96,40
30,55
29,10
79,81
29,40
00,64
44,49
81,92
05,80
05,05
42,82
15,63
61,70
88,59
92,76
33,32
98,97
54,21
31,83
18,49
95,39
39,13
89,13
43,60
96,61
99,00
33,47
80,07
90,36
09,39
73,45
71,32
89,93
93,31
71,58
90,48
92,62
46,04
90,36
82,10
10,06
06,30
15,76
26,49
02,04
84,16
89,93
10,67
03,64
08,76
07,50
95,08
51,72
00,38
05,35
51,11
94,01
75,35
36,53
00,31
93,43
33,29
88,72
59,89
06,81
20,54
47,59
90,55
65,59
27,63
26,32
48,98
63,91
21,59
02,62
39,75
85,02
42,61
32,86
09,08
15,09
23,08
41,01
47,08
14,10
38,56
20,63
00,71
27,75
06,52
14,42
60,15
63,33
43,58
92,50
89,84
60,76
64,32
73,27
75,74
53,32
49,05
88,20
26,14
10,96
34,08
47,02
42,74
34,55
95,11
96,43
72,12
76,16
57,86
37,72
94,60
37,83
42,36
08,56
59,80
10,63
90,01
18,49
81,61
19,87
35,67
76,09
13,49
33,21
64,74
14,95
70,80
04,59
17,47
03,16
59,03
34,80
83,44
96,71
41,20
49,17
39,22
70,60
37,41
92,68
06,40
24,49
95,86
84,76
74,88
90,48
57,74
77,02
36,53
07,38
61,81
03,48
45,35
34,18
80,90
20,53
46,24
89,43
46,84
91,14
94,51
63,26
16,40
75,95
76,42
65,55
81,81
48,74
93,16
93,70
57,22
00,05
06,36
69,33
70,87
18,68
44,99
38,53
12,71
08,26
81,01
20,34
09,82
27,35
24,45
17,53
86,90
18,02
46,85
04,02
61,43
22,42
83,07
45,85
30,50
65,56
18,26
19,20
02,50
35,01
90,66
24,53
54,84
52,65
83,32
27,79
56,98
21,60
96,47
89,32
89,27
73,64
38,26
78,32
06,39
54,36
38,07
12,41
27,78
23,63
71,03
02,32
27,44
68,22
26,79
39,73
71,01
84,75
70,76
88,62
98,41
80,89
86,74
27,13
96,73
48,88
17,09
07,14
87,97
44,67
31,90
00,53
85,63
14,20
66,53
10,84
90,30
97,69
90,74
42,78
89,85
67,46
67,41
53,76
01,60
26,96
42,35
08,99
38,68
53,89
41,14
12,29
30,73
47,44
97,12
91,39
96,33
66,11
24,70
63,29
00,13
75,89
48,30
13,08
34,71
31,33
69,66
00,59
70,50
49,24
76,16
00,27
68,64
68,01
30,15
57,87
02,91
00,84
77,45
74,64
81,84
40,46
83,64
89,17
37,19
18,68
60,40
73,32
37,76
32,20
82,25
21,43
54,90
36,56
12,51
56,19
38,01
18,03
15,13
63,73
56,06
27,75
48,86
92,81
00,90
10,13
26,17
73,34
53,62
07,57
89,62
29,04
46,50
96,74
39,90
77,43
88,34
68,05
23,08
57,15
26,11
14,94
63,41
14,41
02,36
98,50
48,34
66,10
25,07
02,96
78,74
50,05
20,78
58,71
25,43
31,13
29,37
48,82
48,98
76,76
47,19
13,05
51,64
62,95
40,34
23,22
91,01
97,92
58,60
49,73
52,16
49,15
65,61
41,12
01,74
55,98
50,43
35,99
59,41
32,59
32,87
25,25
22,13
63,77
85,63
75,99
08,69
21,91
94,24
43,63
95,43
43,22
36,79
87,64
80,91
32,47
31,39
47,82
48,44
77,38
21,00
08,64
73,68
92,15
60,50
39,42
80,72
34,61
76,88
87,49
68,85
70,21
14,83
34,07
79,97
18,16
33,86
47,24
36,42
03,76
45,43
08,99
69,07
51,53
53,65
92,26
98,38
37,62
65,42
44,76
55,58
08,45
71,73
21,21
32,85
08,93
38,63
05,98
54,54
29,22
53,98
60,09
88,64
19,33
70,63
10,89
89,97
06,87
38,90
25,05
57,00
95,84
76,57
94,12
05,37
18,29
49,21
82,22
07,33
35,77
13,16
65,27
27,12
36,33
80,42
60,89
79,04
61,19
03,82
95,80
79,63
55,54
02,99
42,72
13,76
61,83
07,78
17,54
33,58
07,05
31,08
24,80
27,71
81,38
94,72
92,82
24,57
50,67
59,88
42,80
94,91
73,73
35,23
02,01
04,16
75,30
59,14
86,43
82,46
49,47
11,02
45,84
85,99
35,30
72,39
55,10
36,07
74,66
16,92
71,03
07,50
03,17
78,94
26,37
37,81
04,82
05,92
66,94
12,41
31,92
00,69
45,59
72,38
49,62
81,79
70,22
39,05
43,94
61,22
55,90
66,60
21,60
68,15
08,90
64,20
87,12
46,83
18,45
92,98
97,05
84,88
43,11
21,90
36,64
03,45
00,46
60,34
01,79
25,39
04,60
18,51
23,70
77,59
33,55
21,11
93,55
11,04
26,70
06,01
26,08
05,74
64,44
71,47
16,15
62,73
26,18
80,21
50,18
68,83
47,94
33,76
30,54
26,47
79,50
21,38
82,13
06,86
58,78
25,73
54,74
22,53
97,21
85,55
00,07
36,55
26,87
76,34
81,94
29,32
96,40
30,48
60,51
21,80
11,81
41,48
28,36
10,24
19,70
17,90
22,62
98,29
76,90
08,77
56,73
36,07
54,02
29,72
47,71
39,40
34,95
19,09
70,45
78,68
51,16
04,18
02,30
21,41
56,52
36,72
67,68
67,10
42,93
52,20
54,52
25,59
86,63
35,22
01,05
30,26
07,39
39,37
33,72
89,64
00,79
91,26
89,78
75,92
37,35
22,36
96,65
81,65
80,09
07,30
81,16
79,62
08,37
82,70
21,38
70,46
23,61
87,56
41,99
70,65
45,70
07,10
19,02
15,11
87,40
63,82
38,15
50,31
45,94
79,97
37,78
94,84
43,89
23,07
45,63
81,17
97,60
21,64
04,04
55,69
95,29
85,83
74,57
25,80
06,49
60,47
04,35
33,77
78,44
63,80
18,07
21,46
17,81
33,90
31,60
92,76
55,29
53,23
49,02
29,52
00,44
61,09
31,80
94,11
61,74
73,99
37,07
90,68
26,57
18,72
23,12
58,02
79,67
57,32
46,47
70,33
57,86
26,05
83,28
10,30
34,37
24,85
40,46
79,43
37,80
12,44
26,21
17,57
40,64
29,11
11,52
08,94
31,72
28,73
98,88
49,35
56,39
44,87
98,44
06,64
80,84
19,39
93,43
23,20
08,36
24,89
78,22
86,75
55,32
73,19
37,08
17,71
93,36
62,01
21,18
57,80
14,00
17,79
03,65
69,21
92,24
29,57
61,80
87,69
19,46
19,76
80,39
81,40
23,31
77,55
34,14
71,78
64,57
15,50
63,57
06,26
32,06
20,23
42,93
53,49
98,64
80,39
65,04
83,00
12,33
31,81
95,60
11,85
66,76
07,15
68,75
55,84
73,33
42,56
14,91
27,85
00,07
51,98
64,86
77,96
21,14
04,49
83,91
84,50
21,02
80,20
37,86
93,83
08,51
52,40
29,39
67,15
53,76
10,43
01,11
60,77
76,24
06,96
13,05
60,32
44,33
26,37
96,41
29,56
96,41
67,15
98,07
72,04
35,29
39,89
10,64
19,35
68,11
10,12
28,81
24,67
57,87
91,93
54,69
43,06
48,56
82,42
97,79
83,49
27,80
36,46
37,92
70,38
16,90
59,16
37,25
33,56
53,59
45,39
16,25
36,74
91,70
01,41
25,77
03,81
06,57
32,26
86,36
31,91
63,25
30,00
04,96
11,15
98,26
77,13
86,56
34,28
97,14
22,60
60,13
79,13
76,81
98,94
89,59
66,77
35,56
66,58
89,39
37,53
25,40
16,30
23,15
91,01
93,44
50,14
79,57
14,77
28,14
78,42
46,01
70,30
29,37
65,73
55,08
86,13
52,61
82,73
65,00
62,38
33,83
57,59
77,41
40,12
37,20
81,30
70,23
30,01
68,25
41,11
05,01
52,42
96,86
55,18
20,41
72,05
55,93
68,31
34,67
12,44
92,93
20,29
14,89
20,39
83,75
29,53
01,72
24,19
15,15
73,40
29,09
45,97
95,31
00,22
93,60
74,12
75,03
10,38
98,27
80,70
65,87
84,41
13,66
51,13
28,16
54,74
77,76
45,12
90,26
18,25
91,22
41,88
40,12
02,15
13,30
25,00
37,60
09,67
38,26
57,08
89,22
51,49
01,89
60,27
35,47
58,08
86,30
52,43
71,99
83,59
32,44
26,02
01,99
71,65
55,25
43,42
30,30
14,67
23,07
11,34
32,85
55,62
48,38
39,06
42,58
15,23
98,87
42,37
10,25
65,59
57,68
39,29
39,33
03,77
89,46
00,80
92,31
40,81
45,20
68,72
26,11
27,78
22,59
19,57
04,44
53,02
12,19
45,86
33,51
00,73
48,83
78,70
28,70
46,10
87,16
04,99
29,89
60,97
38,81
23,38
78,13
47,79
95,04
24,39
56,96
70,95
10,75
63,73
98,61
77,23
74,25
31,55
81,27
66,98
95,24
57,98
16,68
85,98
65,28
76,50
69,39
29,59
56,35
63,85
50,44
96,81
92,96
06,56
27,27
42,07
95,74
14,48
47,48
36,46
02,75
74,04
66,08
48,85
38,19
63,06
03,29
70,10
23,63
73,56
86,43
33,78
60,80
96,22
77,82
92,30
84,28
75,31
83,88
77,49
14,75
09,63
36,07
23,57
91,89
04,20
24,19
74,30
56,39
87,44
43,75
12,86
41,58
91,81
43,52
03,42
82,03
59,53
21,55
66,73
37,42
94,54
70,63
89,48
39,67
88,72
33,49
36,78
33,39
47,36
71,92
14,52
47,70
34,33
51,49
30,76
18,84
01,21
65,69
30,99
67,03
95,79
36,89
50,49
11,38
77,76
66,92
19,45
86,44
24,25
17,79
60,30
37,02
22,11
49,70
83,04
23,01
55,18
63,43
31,80
05,26
32,77
38,86
58,78
49,83
07,72
81,76
30,12
05,32
19,92
71,51
03,38
08,57
50,07
84,25
35,92
89,62
11,72
90,64
73,07
54,36
22,10
02,27
13,93
21,40
97,25
55,79
23,74
52,23
72,18
45,77
70,56
81,98
02,36
85,65
67,24
21,03
43,85
45,15
73,11
97,97
03,53
75,99
92,63
84,52
22,74
04,29
08,49
11,62
58,37
43,20
27,95
97,09
23,90
58,43
08,50
94,99
95,53
92,55
83,57
27,33
91,50
35,17
82,11
22,61
75,11
23,76
39,27
29,35
28,53
29,84
16,16
01,92
39,73
96,63
28,62
47,61
77,93
65,06
29,62
57,56
05,03
48,68
52,30
13,63
40,32
97,11
19,22
25,37
58,14
16,16
30,44
34,90
80,25
72,62
11,07
64,63
67,33
04,85
51,10
00,78
62,67
60,53
02,61
36,83
15,10
27,47
01,51
35,24
27,90
14,38
77,02
84,23
11,24
78,70
70,60
82,81
82,47
31,40
13,97
13,76
57,56
35,07
72,05
07,93
86,65
20,02
21,18
67,02
56,59
86,21
16,83
28,68
39,24
87,64
78,38
38,75
86,20
52,21
32,98
43,62
06,24
15,81
62,54
66,55
96,02
25,25
32,07
98,10
48,39
75,31
76,35
05,14
87,14
46,46
41,60
04,31
33,65
13,52
30,55
64,20
79,41
18,91
68,36
15,03
37,09
01,34
30,47
68,61
86,45
92,08
65,34
20,66
75,85
25,38
72,80
69,80
46,00
95,22
05,91
11,21
30,14
77,13
58,52
13,24
74,28
86,49
93,19
15,16
32,27
50,60
63,67
52,56
51,70
50,76
68,92
29,37
46,47
66,35
42,11
56,60
46,76
70,43
75,27
82,66
59,66
83,97
40,58
48,62
41,16
41,73
04,26
06,46
51,70
65,62
50,77
74,24
17,48
13,29
35,98
94,80
26,70
96,91
34,15
98,93
10,92
70,94
42,51
98,57
16,28
94,42
85,71
65,22
47,88
04,10
14,37
62,71
89,05
40,62
34,97
66,79
18,42
04,16
27,95
05,86
29,67
28,85
83,85
27,14
49,04
06,69
79,10
20,61
58,11
19,81
47,28
77,66
86,04
66,46
33,92
21,24
25,13
27,62
33,62
82,08
97,53
20,54
71,50
73,82
88,13
92,39
81,25
46,71
49,96
85,94
37,99
89,97
55,61
14,89
54,02
12,05
27,57
03,73
17,34
66,51
58,24
41,77
34,23
26,52
96,18
09,34
92,64
98,01
81,11
51,37
90,48
35,47
32,28
03,67
68,73
07,89
74,65
62,14
05,51
38,66
53,24
56,14
50,74
52,45
10,25
59,19
68,89
03,04
46,25
49,86
25,57
19,25
63,78
30,38
05,11
32,32
65,11
65,50
83,45
05,48
45,30
39,15
62,51
32,68
38,15
56,47
70,24
49,31
89,72
86,93
96,07
19,82
20,84
65,71
59,98
68,50
93,35
37,69
26,01
58,89
74,79
80,95
91,87
01,47
59,42
01,23
29,72
42,26
67,36
36,45
16,77
70,90
75,05
12,12
37,40
29,09
08,01
97,40
25,78
25,40
53,31
44,26
07,56
14,97
77,01
02,57
82,55
01,85
91,36
39,77
08,14
04,49
22,22
27,04
69,49
32,48
43,69
51,49
45,02
96,12
00,21
13,73
07,76
96,73
03,01
29,28
00,04
16,92
12,67
75,43
32,98
68,57
40,43
92,02
65,86
44,08
63,95
59,43
30,89
23,68
55,84
72,84
10,40
28,07
22,35
39,79
50,47
09,74
20,57
21,18
83,46
88,07
73,33
68,07
62,19
90,77
27,92
03,57
66,95
40,86
04,75
11,99
30,42
16,21
87,11
45,19
23,72
94,46
43,92
39,28
06,26
68,20
16,59
88,79
88,02
16,11
51,05
51,75
71,12
12,24
15,81
70,35
30,93
48,35
36,25
62,31
85,04
31,19
44,13
37,59
52,47
40,36
42,33
67,49
10,42
23,36
21,11
64,30
19,14
18,85
34,01
71,73
22,68
05,96
16,54
35,08
33,95
02,04
63,18
53,34
40,12
34,44
19,03
92,82
03,56
53,62
14,50
83,10
12,83
52,25
84,84
91,13
49,76
13,70
42,29
38,78
58,52
12,12
10,36
81,63
73,48
52,12
62,69
67,05
52,72
40,02
72,45
29,67
71,18
45,69
55,43
97,57
87,49
42,11
49,57
45,82
56,19
63,10
83,58
06,29
69,76
60,72
97,19
69,47
46,41
08,80
53,45
69,19
21,85
36,83
47,22
44,18
10,40
65,81
53,16
85,98
97,92
37,71
61,28
65,62
84,82
38,45
54,71
32,56
47,23
52,87
49,03
07,28
14,70
76,44
65,64
77,13
58,55
70,18
38,99
35,34
59,98
39,77
59,43
96,40
93,15
79,92
51,41
82,36
92,47
35,34
28,37
41,27
86,07
75,30
27,32
37,55
66,91
28,25
32,50
50,74
53,73
43,42
95,68
59,96
25,93
19,36
43,89
30,18
62,04
64,90
00,26
49,75
01,14
28,27
04,27
18,10
33,52
70,64
96,74
10,45
98,54
37,05
43,83
17,96
90,15
17,30
19,13
89,72
90,99
74,23
41,76
74,87
73,97
79,63
49,48
02,22
43,52
50,00
10,80
16,02
80,55
86,67
52,50
37,47
56,64
66,54
40,80
80,31
04,02
27,43
68,55
39,81
09,88
71,94
46,18
24,49
77,09
11,58
50,17
97,98
14,43
27,18
81,71
59,75
58,39
75,29
13,97
73,66
31,38
98,08
36,00
67,60
89,98
49,16
23,73
73,29
07,99
12,21
11,77
03,48
35,92
27,07
38,97
31,84
28,10
13,17
53,52
65,42
77,24
19,23
84,21
67,34
96,52
27,74
86,33
21,73
17,61
70,66
30,83
22,41
92,96
22,77
63,04
86,50
25,66
72,22
90,27
00,08
59,94
97,90
44,71
14,40
20,76
00,62
72,84
62,69
23,75
73,32
63,41
41,04
81,57
62,09
45,48
59,45
57,26
39,32
36,62
92,93
24,80
40,76
96,24
78,23
31,25
92,32
27,72
51,81
87,99
48,83
07,22
61,54
10,66
80,51
82,54
21,79
22,16
49,06
58,42
22,68
98,72
09,38
84,72
67,65
62,71
00,18
51,57
45,67
41,95
98,81
97,53
06,23
44,88
25,39
03,95
69,33
22,56
03,40
01,37
55,78
82,73
28,82
46,82
74,68
30,67
98,27
32,97
04,63
18,31
90,70
57,91
32,56
84,36
35,51
95,18
30,60
20,61
26,76
77,08
82,02
26,53
97,01
86,79
90,04
85,42
85,91
05,12
48,96
28,03
04,28
61,70
67,32
73,16
33,31
80,40
13,16
80,57
67,60
41,60
29,34
65,32
28,34
88,60
92,42
54,39
77,57
23,69
53,12
53,08
00,15
38,01
13,77
39,62
78,85
57,33
10,72
75,32
88,80
07,93
55,76
21,86
62,70
89,55
17,11
66,92
92,00
71,17
21,24
46,47
94,65
96,78
93,58
89,22
40,19
27,88
52,43
70,53
42,31
54,37
98,83
54,98
87,39
98,95
95,89
13,37
73,26
13,59
14,88
65,19
08,90
88,89
96,78
46,36
48,46
85,27
06,54
24,59
08,07
96,79
56,61
98,20
20,60
55,25
93,89
98,78
04,53
37,90
04,28
51,85
12,44
64,36
94,06
36,23
46,51
14,93
54,15
55,01
46,95
48,47
18,34
56,58
59,50
38,95
56,38
93,69
39,84
14,94
46,40
91,09
38,97
00,60
52,85
82,24
80,76
88,52
16,05
27,03
38,07
25,11
04,37
64,98
70,33
76,40
74,91
68,50
18,71
82,12
52,02
50,22
80,78
10,08
06,87
53,84
55,09
23,32
25,77
12,39
60,70
77,29
18,29
59,73
17,82
57,68
07,74
28,45
04,35
64,95
51,20
92,57
69,20
15,42
19,80
44,91
47,56
43,12
62,03
58,72
58,13
34,17
98,34
83,13
75,98
84,26
65,69
41,82
85,88
78,09
63,36
32,58
40,37
05,35
56,80
49,12
83,70
81,59
96,27
87,46
20,10
45,65
43,67
96,59
29,82
59,15
97,06
35,69
91,12
52,10
59,19
42,31
82,49
42,45
73,69
89,20
79,10
15,81
37,67
87,27
29,13
27,54
78,83
29,07
95,29
75,96
65,44
16,73
50,56
40,92
16,39
96,95
05,54
13,10
52,64
31,70
72,02
61,80
60,48
59,80
66,48
60,69
76,55
06,14
46,43
57,86
78,53
27,78
37,67
37,48
97,36
69,01
75,15
20,24
38,95
96,03
43,35
64,88
49,30
89,27
88,00
07,58
42,56
63,53
47,07
20,50
47,47
22,43
17,51
35,49
27,44
12,24
74,26
51,55
79,74
33,29
40,61
68,55
14,11
79,42
75,66
41,70
62,71
26,87
90,07
00,87
00,21
57,55
32,07
08,74
76,50
26,78
40,69
30,79
24,99
75,45
34,79
68,92
23,82
92,54
19,78
78,13
57,34
74,51
01,81
14,97
62,65
76,48
19,53
85,27
79,11
75,97
01,69
64,13
18,56
40,31
92,44
97,86
67,08
91,90
03,44
01,75
66,34
97,50
59,63
35,88
96,66
42,10
74,04
09,15
45,50
56,07
62,96
80,45
23,26
64,13
89,43
54,92
45,97
53,36
49,17
52,55
04,03
44,36
29,92
98,86
73,87
32,88
61,43
45,66
78,16
93,51
74,55
17,10
97,22
96,46
70,10
44,82
19,11
52,12
30,75
62,32
14,12
27,12
79,54
51,68
03,50
96,13
36,36
24,87
01,51
65,43
84,30
81,61
92,32
82,23
40,78
37,39
44,70
96,37
66,92
17,89
09,95
49,75
51,97
50,17
46,36
71,84
56,39
25,48
37,96
63,45
91,47
78,27
57,41
63,39
92,75
74,02
04,70
81,13
12,54
79,33
98,22
47,82
67,59
15,00
09,31
60,19
54,41
28,44
52,99
47,73
28,29
00,13
09,49
46,46
59,92
88,43
46,17
86,07
74,26
62,67
80,13
13,92
61,20
06,68
51,35
32,49
86,72
83,86
06,83
40,23
12,15
62,18
82,03
37,75
53,47
05,96
70,81
41,94
35,82
70,38
60,99
00,72
91,90
78,56
55,63
01,17
05,08
07,16
74,44
01,71
90,20
58,89
64,92
55,81
71,97
95,93
58,04
96,95
00,39
73,72
32,93
48,65
23,80
08,68
66,34
71,73
59,69
33,66
81,53
36,10
21,87
24,50
24,54
71,36
43,42
60,23
41,17
15,14
56,26
83,85
64,31
84,01
43,33
53,92
41,76
22,94
29,12
27,74
95,30
36,07
43,16
21,98
45,50
06,14
27,59
78,36
60,41
08,61
42,71
37,03
79,22
69,73
74,93
49,01
71,03
09,08
31,86
09,24
77,64
57,12
59,76
52,42
38,88
44,29
31,21
74,00
55,68
11,70
72,42
56,50
30,03
77,38
45,33
45,38
65,76
26,06
16,82
17,48
17,31
70,22
95,78
73,42
14,56
88,70
63,34
67,79
09,15
40,62
31,33
15,48
32,92
67,85
68,52
63,09
72,66
88,06
25,24
05,97
37,67
95,72
71,82
94,43
90,33
70,00
21,23
81,15
20,57
57,34
44,52
32,43
05,78
20,94
77,76
07,04
49,81
80,75
60,57
55,88
51,39
55,72
20,61
87,29
83,55
89,31
04,97
83,14
79,76
07,84
06,91
89,92
16,61
65,31
39,06
09,44
16,38
68,65
64,15
89,06
10,17
26,04
96,70
04,72
10,78
54,85
58,77
14,06
90,19
25,31
76,21
52,69
76,24
05,54
88,40
68,78
04,82
22,77
41,69
15,28
22,80
82,79
29,77
50,84
59,09
82,65
68,99
46,73
18,01
51,46
67,96
80,08
06,61
01,80
89,33
17,82
55,76
24,76
97,49
23,55
33,03
66,06
09,61
02,05
04,23
28,80
68,38
76,91
69,59
05,50
16,76
38,87
47,59
23,05
09,16
36,81
35,92
74,77
08,58
87,19
74,09
58,49
67,57
70,86
71,97
91,92
88,12
17,71
52,74
81,93
43,27
74,14
41,68
15,31
24,35
12,94
00,61
08,73
89,96
72,32
90,89
20,32
61,89
84,84
48,54
17,86
31,68
97,06
07,39
42,23
41,82
19,48
48,64
58,03
10,06
62,95
07,29
63,30
58,02
92,18
73,07
53,53
55,98
02,35
52,13
70,98
56,44
50,95
09,89
45,72
64,86
48,96
73,23
24,85
67,31
28,37
50,86
26,39
95,38
80,75
39,28
95,57
12,21
37,96
29,71
35,68
45,59
46,75
16,32
78,03
33,45
81,90
49,05
32,91
61,64
46,84
96,41
73,51
40,22
50,58
08,03
63,72
89,36
50,37
96,68
06,52
62,39
05,31
23,47
83,38
72,77
55,47
43,66
21,51
57,12
74,25
98,94
09,05
51,08
30,25
07,94
67,80
16,34
08,22
94,14
04,51
24,68
91,23
56,74
74,39
60,09
52,18
81,46
35,44
79,34
12,82
27,75
62,30
27,05
60,41
13,66
35,45
94,53
57,55
40,37
61,87
78,82
45,63
26,97
67,42
69,58
92,44
12,39
24,04
96,84
30,74
56,07
87,67
47,13
20,80
38,42
38,49
31,92
66,74
35,82
34,25
24,10
29,13
46,88
08,29
24,82
18,19
09,56
94,25
66,99
65,06
47,34
34,34
32,34
29,17
82,55
39,93
81,47
65,61
28,19
15,78
04,86
33,60
84,64
13,06
96,42
04,87
74,46
66,12
03,27
64,36
19,40
13,86
66,82
43,24
12,88
03,88
63,78
71,66
25,26
28,29
06,32
94,62
94,53
61,85
40,00
64,57
84,36
79,67
97,35
34,21
91,91
34,31
72,30
28,55
36,24
09,92
54,98
11,96
53,01
45,90
82,30
86,51
82,45
08,69
15,91
64,59
39,91
12,84
81,16
09,77
12,77
62,53
01,54
25,87
64,78
39,80
35,74
80,80
61,68
84,49
77,70
66,66
75,54
60,55
42,05
87,74
91,17
35,03
91,57
42,69
65,47
25,27
94,50
86,00
58,11
62,13
69,02
11,17
10,37
81,05
51,72
53,52
95,70
20,77
04,22
44,81
54,28
19,03
28,18
45,47
48,70
33,50
75,28
70,76
03,78
58,22
79,79
04,30
09,68
16,48
67,44
90,42
86,39
11,86
56,08
88,76
62,17
80,34
76,84
72,37
03,48
45,00
21,88
34,00
35,64
76,72
38,94
22,78
64,85
19,48
91,45
39,93
02,68
51,36
06,31
69,89
98,95
90,66
28,41
66,65
95,77
23,09
56,10
27,66
74,12
96,55
78,21
83,31
27,55
08,02
19,59
07,60
55,57
57,07
69,61
79,96
10,39
44,90
42,57
09,25
17,98
66,65
83,71
62,19
43,77
02,39
40,36
09,03
58,69
66,52
73,34
75,53
07,76
62,69
95,96
12,24
96,20
07,29
97,91
34,01
55,55
28,76
13,36
53,56
44,23
46,53
91,04
43,32
30,86
82,18
25,16
56,37
90,55
54,83
83,54
52,47
26,65
00,27
25,04
80,43
41,44
05,16
46,52
68,82
68,56
04,06
66,68
27,17
83,51
73,65
29,79
18,06
98,82
97,24
44,11
74,42
92,07
96,32
07,85
38,34
75,72
28,19
57,71
68,19
85,39
31,00
58,93
42,62
27,89
51,64
24,36
84,08
92,65
29,70
42,13
81,12
26,73
18,69
85,22
39,34
05,15
38,21
41,46
90,25
65,10
90,15
23,45
23,57
05,32
52,53
98,38
15,52
52,89
57,40
86,66
70,76
14,54
08,56
56,16
33,24
66,04
21,39
89,93
00,96
90,69
88,01
67,16
27,02
20,30
57,25
35,77
83,87
68,09
70,55
61,73
73,44
44,73
80,82
67,21
34,27
24,21
49,68
66,52
53,32
82,63
68,99
70,05
11,85
14,28
03,76
17,32
93,53
44,51
18,68
56,85
95,93
14,63
94,28
13,58
05,19
80,29
43,82
15,25
76,31
50,58
24,14
06,56
66,80
67,87
44,68
06,69
39,96
13,99
70,72
16,37
80,55
13,55
91,42
39,54
80,48
86,84
96,92
18,62
89,89
16,19
15,73
57,37
55,53
38,63
95,42
51,42
33,17
55,04
94,85
11,73
45,50
46,28
04,88
29,71
87,86
84,46
84,40
13,70
13,36
66,78
26,80
65,55
19,62
52,21
18,83
88,13
61,25
64,99
23,34
38,52
33,35
76,79
85,40
69,32
31,38
57,17
66,20
56,45
04,92
54,20
69,93
03,50
94,26
45,12
73,43
06,24
36,16
68,02
85,82
62,35
32,29
39,17
59,80
82,38
53,39
31,60
65,11
85,61
00,28
96,30
76,06
47,46
55,66
84,99
69,43
83,25
25,41
27,02
26,14
52,74
69,16
26,63
38,22
82,90
87,76
34,00
71,27
30,65
77,83
45,07
91,62
09,60
73,30
05,53
77,54
41,75
25,93
90,29
54,77
12,78
05,07
63,09
53,24
23,50
14,12
01,25
63,52
96,31
91,84
36,92
82,14
85,91
42,40
55,86
76,72
10,96
59,67
23,18
65,57
48,86
64,80
50,44
06,71
96,52
27,97
43,10
06,84
09,72
55,90
89,36
25,55
23,47
68,97
17,29
12,40
91,57
12,27
53,45
36,11
31,99
68,90
06,06
00,86
22,08
34,74
86,41
93,25
83,70
49,11
97,36
26,69
09,85
67,80
08,17
21,44
88,31
41,02
41,80
71,24
53,93
85,74
44,05
63,74
36,18
19,49
45,90
59,36
93,60
54,23
36,28
65,92
80,45
28,24
01,27
92,87
64,68
11,45
70,89
70,13
43,26
61,23
95,64
25,58
42,18
43,10
33,32
69,48
23,14
81,11
33,87
04,55
79,73
49,62
85,25
65,34
43,62
85,30
62,27
62,94
74,27
20,79
21,29
10,24
73,71
56,22
83,99
42,53
08,92
72,29
42,73
35,72
92,72
52,67
09,14
59,79
61,08
19,00
65,44
03,50
94,63
31,50
53,11
71,08
87,03
66,13
49,61
16,88
50,92
03,04
18,13
87,39
98,63
66,32
02,80
88,98
73,57
59,81
82,95
39,61
06,08
62,51
15,77
60,61
54,72
40,68
07,39
03,32
93,48
10,10
21,78
92,60
64,16
03,33
19,06
31,68
55,93
61,68
84,47
04,01
38,57
29,80
41,35
57,62
94,40
50,40
63,51
08,47
93,25
92,34
84,65
54,70
65,46
00,73
07,56
80,62
39,80
39,02
93,48
76,22
33,64
55,27
74,31
59,46
83,90
79,73
41,75
15,46
55,13
12,71
89,59
46,88
49,17
00,42
04,45
43,13
16,01
83,13
69,84
89,96
41,81
10,95
57,58
30,33
76,16
36,44
87,38
41,52
50,49
18,64
80,95
51,86
17,62
82,41
60,42
23,25
59,58
84,65
58,33
30,35
78,03
14,59
74,50
59,27
01,89
92,56
08,90
71,69
33,45
06,31
85,04
46,97
89,31
49,80
95,12
96,88
51,61
36,35
53,10
68,52
06,15
91,06
90,43
73,04
30,48
94,93
07,46
81,31
28,07
69,47
88,37
92,30
02,62
78,36
45,75
30,36
26,70
32,38
03,11
66,82
52,80
87,30
15,09
64,28
66,71
32,06
89,32
21,16
02,76
86,39
23,65
66,47
89,61
23,51
81,04
07,80
33,17
86,00
87,94
14,60
64,59
32,30
18,98
82,36
71,10
51,11
17,76
33,43
31,33
08,16
19,19
07,97
53,58
54,60
71,28
20,77
78,54
91,59
23,28
65,86
34,16
28,61
66,38
37,89
29,44
65,85
00,54
18,00
15,29
76,58
05,50
07,78
16,81
58,12
08,59
24,39
08,26
56,17
48,57
61,15
85,02
24,52
38,51
16,50
54,82
39,26
69,57
23,91
51,28
33,41
90,42
91,66
68,63
12,64
47,09
29,64
90,13
20,23
59,20
63,62
72,47
79,09
88,71
08,22
55,60
87,58
24,58
90,60
45,62
67,07
03,18
83,72
34,94
73,46
79,91
70,31
06,81
55,99
41,73
78,11
98,59
05,95
46,41
70,10
91,83
82,05
98,82
05,45
07,88
18,46
38,47
25,89
13,60
86,00
33,50
00,61
62,59
07,59
98,57
37,77
89,29
01,20
34,82
32,70
38,46
33,16
15,79
40,37
04,76
04,03
79,16
74,71
20,13
09,97
70,85
27,22
25,49
82,41
26,43
40,13
30,20
37,20
10,35
53,04
81,75
82,98
46,41
09,40
32,43
63,68
12,54
54,32
01,60
36,25
01,80
07,62
31,10
86,47
06,81
48,84
32,03
88,78
03,55
04,81
13,28
26,28
69,79
11,99
21,40
89,08
22,86
43,53
00,30
31,82
91,56
39,93
16,87
86,96
32,61
26,96
04,81
10,09
98,62
48,03
06,49
60,39
97,20
12,36
11,26
75,21
70,46
60,09
25,26
80,12
52,21
97,76
23,53
69,23
91,86
89,39
87,18
67,77
24,21
04,31
50,13
95,08
24,42
23,34
24,22
10,86
95,58
65,49
21,30
66,57
83,71
47,54
30,64
38,19
18,33
13,22
52,68
67,17
70,29
90,35
63,13
80,62
04,20
93,54
10,62
66,90
76,30
61,30
33,77
54,86
79,53
60,39
31,29
46,52
69,48
08,07
84,56
48,07
71,66
35,71
07,82
19,02
37,80
34,66
59,32
05,35
41,87
21,79
44,66
56,94
26,95
46,17
84,99
31,32
14,17
24,70
41,51
63,08
21,60
04,18
41,69
65,43
52,36
00,18
59,54
36,64
41,93
15,73
81,12
91,71
79,23
46,24
77,99
27,80
60,00
98,34
22,05
88,07
44,80
04,56
51,07
87,38
57,96
82,63
30,11
34,41
84,99
33,25
11,96
47,97
79,99
39,43
64,06
26,11
40,04
75,57
94,25
86,73
55,74
59,34
50,26
69,61
03,74
34,81
69,10
74,81
88,48
19,44
98,97
52,26
35,10
15,25
01,01
98,91
45,23
95,29
01,78
07,56
60,11
14,11
85,99
11,64
82,67
29,49
46,31
29,60
25,78
57,67
37,40
49,62
05,56
43,65
60,91
07,09
96,43
18,14
92,92
29,36
31,93
68,24
61,95
65,49
14,13
54,96
97,34
01,56
20,29
28,84
60,12
56,09
36,69
75,46
71,03
22,27
79,71
90,80
71,73
19,99
50,41
00,25
55,51
89,98
63,36
86,21
19,77
15,41
13,80
69,64
22,27
35,73
24,99
44,71
26,49
97,65
61,85
55,97
61,85
68,74
79,39
12,62
39,66
77,78
11,40
33,79
05,82
32,09
13,79
42,37
36,68
96,83
12,97
38,03
35,17
01,55
11,80
71,18
95,25
08,05
59,90
24,79
91,25
34,52
15,25
26,52
40,33
39,39
50,71
88,40
88,29
68,73
26,17
25,79
84,63
85,53
46,13
22,63
80,08
05,10
12,66
67,21
43,64
51,92
90,01
11,58
53,41
34,01
87,41
19,93
77,17
35,66
77,24
03,35
35,27
01,76
68,15
52,79
92,86
43,30
77,34
96,49
38,01
05,00
29,25
82,24
21,02
59,72
62,24
37,16
83,92
69,54
13,32
12,42
26,91
19,87
90,61
08,14
80,84
61,63
66,47
90,33
48,18
51,88
45,62
65,22
37,92
14,70
03,52
30,59
50,19
97,85
27,99
55,81
46,54
89,23
17,48
44,34
40,44
23,34
55,78
97,47
69,97
02,10
05,02
01,13
96,16
64,42
24,20
36,02
06,40
63,66
58,64
06,85
89,96
00,77
12,52
89,18
19,39
45,44
46,91
62,25
11,10
22,06
59,67
56,00
65,70
46,05
89,94
55,39
22,64
42,83
40,27
40,60
50,33
23,86
98,91
79,09
13,65
86,49
00,13
20,88
83,08
35,52
38,38
00,38
14,16
28,06
48,42
72,25
38,83
76,26
20,72
05,31
93,59
78,93
17,11
12,46
24,65
26,61
59,74
06,75
70,85
55,73
14,36
30,34
15,22
37,06
28,53
84,09
82,27
53,98
52,91
24,69
12,14
23,66
94,06
89,80
09,11
24,19
28,72
57,86
28,37
41,69
44,94
47,31
48,34
29,67
62,41
95,67
15,59
61,84
12,50
19,87
81,83
20,06
53,18
02,76
75,35
74,50
61,02
35,07
78,23
58,33
91,34
93,46
32,30
86,24
08,89
81,28
24,22
83,00
34,54
88,80
46,88
92,39
74,83
18,33
84,77
93,55
42,47
96,30
09,22
35,48
97,66
61,95
33,70
88,37
28,43
27,52
35,14
80,82
52,07
51,02
89,64
98,86
70,22
30,72
53,56
80,50
54,52
87,40
70,20
94,29
85,17
85,87
63,52
91,68
57,19
15,17
38,96
51,66
69,17
03,04
89,96
77,83
47,46
81,39
01,50
14,72
46,29
00,91
79,60
15,40
10,61
96,59
92,69
89,78
87,99
86,75
03,76
68,97
27,49
80,93
48,99
53,98
93,29
48,28
63,05
27,94
12,45
60,46
51,24
58,29
35,31
11,26
22,93
93,32
07,75
68,98
98,49
71,20
18,97
56,63
00,95
79,10
94,29
49,54
47,73
90,00
13,97
88,57
02,00
57,28
92,33
67,44
04,45
03,19
43,01
80,85
76,82
55,65
42,52
83,34
80,61
91,14
46,24
61,31
33,70
05,76
07,47
44,88
46,24
09,34
53,14
11,33
34,11
74,75
35,67
89,80
19,93
62,75
31,41
79,66
61,66
53,91
65,46
84,57
01,82
90,92
93,57
49,90
40,56
66,25
66,35
24,00
37,85
20,25
84,33
94,65
28,70
28,36
46,93
70,26
56,46
26,27
70,99
22,92
33,80
79,31
78,17
24,39
27,88
55,79
17,33
93,42
16,29
55,53
10,84
28,18
31,88
67,58
14,83
55,94
72,95
75,75
75,27
61,98
42,39
97,68
94,12
37,71
28,50
67,53
12,84
85,84
54,48
72,51
50,11
85,59
62,47
51,89
55,81
23,08
15,77
10,58
36,04
50,44
64,20
57,16
68,37
97,10
38,91
90,25
33,51
40,04
85,88
43,03
17,08
77,09
10,93
85,92
92,26
08,47
31,74
42,39
14,07
71,98
16,69
75,64
90,10
44,62
12,93
60,42
81,63
91,71
48,43
90,97
65,43
76,45
50,81
87,07
10,02
74,74
72,36
67,62
21,20
09,07
13,48
09,94
01,88
26,26
62,86
94,12
05,18
52,85
02,87
31,05
49,18
35,71
35,50
89,68
08,96
31,93
47,83
38,15
72,89
65,41
36,05
46,86
45,07
53,06
62,73
68,48
08,74
21,41
67,33
19,78
93,07
87,56
65,90
68,15
37,61
48,01
59,35
52,98
26,49
04,76
82,65
45,63
94,66
22,40
13,21
73,17
53,15
35,33
73,73
59,82
93,09
22,41
77,75
87,44
47,94
84,24
56,63
02,87
46,09
01,40
45,71
66,70
43,34
00,39
17,87
53,75
87,44
96,72
58,22
06,46
09,21
64,03
31,30
30,06
19,98
53,19
73,57
88,07
48,49
86,61
32,08
48,66
25,60
29,71
37,74
96,28
81,03
96,54
07,82
79,21
37,62
32,77
45,18
45,49
92,58
65,18
06,96
58,54
52,83
96,61
01,60
32,18
70,63
12,95
82,53
80,56
22,34
87,24
08,07
28,37
60,76
78,30
16,84
03,11
64,15
12,48
37,41
59,12
09,64
58,09
83,59
15,84
82,07
61,98
72,83
43,37
75,63
31,51
69,63
75,18
78,34
21,57
22,31
87,64
34,03
41,64
40,27
96,99
96,19
08,60
34,04
66,47
91,08
01,22
20,91
50,24
40,03
44,17
81,01
21,45
01,38
24,29
49,34
11,09
42,18
62,14
83,66
64,43
40,39
23,79
97,99
62,98
89,25
98,58
81,94
79,15
83,09
14,19
83,08
52,78
22,51
33,99
92,43
35,27
92,98
08,80
04,26
29,02
61,07
67,41
03,22
70,79
05,03
10,35
85,38
35,73
41,41
57,16
82,73
18,13
79,28
23,95
19,38
38,53
46,83
46,05
29,79
54,47
55,07
46,46
09,43
91,79
75,83
56,20
61,42
23,09
14,32
11,07
85,88
88,21
86,30
35,61
35,35
46,77
46,07
86,47
44,56
41,09
94,29
71,51
54,14
29,52
86,46
71,83
00,59
92,00
30,50
19,81
82,44
24,28
45,73
19,71
91,65
55,80
72,96
02,29
93,68
03,25
61,84
85,49
67,41
22,17
20,46
79,43
10,35
67,92
51,95
02,81
21,62
92,96
58,57
05,83
13,68
81,28
34,87
94,39
82,96
32,25
47,60
98,82
41,18
06,37
49,00
09,99
73,64
26,80
30,57
18,55
87,48
82,43
00,57
21,48
70,56
17,24
31,14
04,81
77,62
93,26
98,19
27,29
56,27
35,26
08,13
32,25
86,31
76,42
79,91
56,59
40,11
46,67
65,99
92,75
19,09
94,54
17,42
49,17
74,37
02,99
55,40
86,21
73,51
80,86
61,94
77,72
11,26
37,00
98,80
03,95
56,42
03,56
85,14
25,99
59,02
69,44
36,60
24,45
14,29
24,79
93,98
38,08
52,51
98,77
71,40
67,21
04,96
57,31
46,28
09,86
31,08
94,58
61,34
57,86
32,38
28,09
94,60
81,18
88,58
24,20
86,45
04,86
02,21
04,43
33,54
53,42
58,83
71,60
85,78
02,49
76,20
56,34
17,66
37,60
20,75
43,49
50,48
02,76
45,89
50,34
87,60
09,98
58,25
51,30
06,12
15,67
34,01
89,70
27,08
35,91
11,40
28,52
32,10
35,83
05,58
64,12
08,83
76,51
79,39
23,44
95,77
08,37
50,57
63,11
37,75
00,16
91,57
64,34
97,65
72,66
58,69
66,59
84,77
50,11
39,34
02,72
53,91
60,32
05,68
23,61
58,12
63,60
31,77
62,00
69,97
20,50
16,07
69,07
70,19
20,29
40,29
71,86
80,84
06,38
85,34
58,95
96,98
66,95
20,67
46,19
51,67
54,41
61,97
05,33
32,96
71,63
35,25
35,20
69,53
25,72
19,79
47,25
79,82
71,86
23,14
78,24
79,44
92,79
86,62
04,25
46,36
36,42
78,80
19,41
32,11
06,17
08,07
69,05
22,50
58,00
45,20
61,90
47,97
53,00
37,08
62,72
64,33
39,55
24,53
90,75
28,50
10,45
12,51
46,37
16,45
41,26
68,21
75,43
51,79
45,48
48,85
59,16
29,14
04,41
05,50
27,41
42,95
12,54
46,83
44,16
75,13
68,62
98,07
91,61
06,77
60,89
11,66
58,32
62,94
50,11
64,38
88,47
55,79
42,94
22,03
95,71
89,11
40,12
81,62
25,97
85,60
90,68
05,05
65,69
00,75
47,58
71,63
56,86
63,07
00,05
90,95
96,58
38,33
01,53
37,00
63,89
36,85
37,81
69,09
73,23
96,41
67,14
80,34
70,92
93,36
68,44
55,65
14,36
16,05
66,08
51,34
29,02
11,01
60,88
52,95
49,66
79,85
83,80
78,16
27,08
73,46
11,31
65,41
67,96
14,93
14,84
96,28
20,53
72,16
15,28
85,58
24,05
80,38
79,16
76,80
78,06
87,38
59,72
80,59
34,86
19,82
11,33
07,86
91,66
28,63
20,89
35,20
15,10
00,33
93,97
93,68
98,15
88,04
82,10
33,07
12,72
60,67
04,64
76,30
09,14
28,18
27,80
86,03
53,55
61,65
83,26
75,17
46,09
02,34
53,51
39,58
12,08
77,13
48,73
18,07
33,88
86,29
13,47
06,66
50,36
00,88
19,24
08,95
87,01
81,01
92,15
24,59
13,34
40,36
03,46
42,86
00,51
81,93
68,95
30,73
55,09
31,12
93,67
76,91
27,94
57,71
13,67
89,13
42,86
84,42
52,55
05,92
12,26
72,45
27,67
33,34
62,89
56,29
03,26
07,28
96,40
38,01
36,72
91,11
20,35
03,93
09,43
61,19
28,66
85,88
72,09
22,64
13,82
58,45
76,13
51,21
42,56
98,55
16,22
70,63
21,35
48,27
34,02
92,85
78,50
34,45
91,04
16,21
33,78
24,46
24,67
69,60
79,48
32,06
25,95
84,72
14,05
92,13
38,23
53,71
58,72
95,48
14,90
44,61
75,63
55,53
06,01
46,46
47,93
79,71
62,92
95,15
11,15
03,50
07,62
71,92
59,56
25,45
89,44
34,71
00,09
16,28
02,00
98,35
23,27
27,14
11,91
57,63
92,05
71,04
01,67
78,61
77,51
30,51
48,61
18,20
46,78
59,60
50,13
29,51
37,88
79,89
18,85
64,03
48,16
55,00
80,15
94,76
56,67
75,11
07,76
21,92
61,93
97,09
52,51
66,02
57,76
03,59
35,42
92,10
86,48
79,30
07,21
39,11
10,85
54,13
58,05
85,31
07,38
46,20
80,38
46,60
64,57
43,40
69,48
06,15
67,25
48,39
69,49
96,20
78,03
86,08
96,20
58,67
18,20
13,03
35,34
89,53
94,84
09,31
02,64
56,17
97,00
14,10
88,04
11,48
61,66
85,79
38,38
23,60
58,55
63,85
04,09
13,11
87,76
41,68
14,72
44,04
51,55
57,35
39,16
35,66
92,26
52,20
71,52
98,22
17,21
31,11
69,02
34,33
85,95
37,59
80,38
77,06
58,52
30,89
57,06
03,88
82,84
31,71
01,64
72,58
94,36
96,45
20,13
23,02
46,91
64,54
72,56
87,66
08,65
04,76
65,58
64,36
07,66
04,45
25,82
12,79
43,98
21,95
07,95
34,23
07,47
28,80
27,18
49,38
26,73
77,92
78,52
36,80
63,80
40,28
06,95
02,48
93,53
49,49
08,74
89,13
56,86
34,22
24,55
48,01
70,39
01,53
30,17
24,19
72,10
80,65
73,25
60,81
26,26
52,37
32,62
46,02
68,85
94,73
34,13
59,07
92,35
49,43
76,43
50,44
47,84
89,12
17,58
88,91
39,80
57,95
35,14
07,03
34,42
42,15
68,97
75,39
23,58
17,23
30,10
60,39
10,82
25,91
21,39
91,91
64,37
12,67
76,61
22,79
54,57
74,81
06,45
40,07
23,06
62,65
58,75
34,68
74,21
91,92
79,66
33,25
65,21
26,98
85,93
35,83
42,64
16,44
15,79
30,50
53,28
70,45
21,83
70,94
69,80
04,88
57,32
63,71
91,75
60,71
70,27
13,02
76,75
07,91
57,80
49,80
19,34
66,56
70,28
84,89
45,98
30,00
30,73
85,71
23,93
88,34
28,13
19,63
65,80
08,18
90,38
69,27
25,95
47,91
83,41
71,75
05,08
52,66
72,59
88,27
55,26
01,68
11,28
86,49
65,55
35,08
39,36
74,32
09,88
69,36
71,34
86,49
18,59
09,66
24,99
15,27
81,03
91,53
88,09
18,74
07,23
07,43
78,96
64,37
84,35
43,34
08,56
91,52
76,62
45,51
02,81
08,38
21,26
78,66
59,78
86,78
76,32
29,87
83,67
56,27
60,88
93,68
39,20
18,16
18,23
47,24
93,30
84,28
38,85
10,78
68,03
74,65
08,81
81,03
82,77
41,59
79,11
28,06
14,38
91,46
87,09
92,32
93,03
87,56
09,40
05,92
64,45
02,70
27,56
45,51
84,17
46,57
18,02
57,63
94,22
81,95
82,91
77,00
24,96
67,87
74,23
79,68
72,48
98,75
03,26
40,08
10,03
46,86
15,15
41,36
87,98
08,65
29,28
59,83
98,91
41,80
49,15
06,96
04,17
67,36
57,46
93,78
90,56
83,87
64,21
76,47
56,80
66,02
31,27
82,63
66,18
80,02
15,39
59,60
71,31
82,80
83,14
23,21
82,66
38,07
27,74
09,62
50,70
22,22
65,37
13,55
96,57
76,07
63,18
95,35
58,51
89,99
14,40
47,69
35,82
98,72
15,08
96,16
19,02
19,21
48,24
55,64
59,42
38,49
29,66
17,89
81,61
37,16
03,68
15,64
80,71
98,67
86,43
85,16
43,19
52,25
35,84
89,50
30,24
64,57
72,35
73,20
09,99
00,56
61,08
63,84
82,10
40,53
25,25
46,53
50,04
59,26
08,30
77,42
92,29
45,43
48,90
41,82
77,31
52,77
96,25
85,89
96,54
81,95
20,66
19,85
45,22
75,45
82,21
93,64
76,66
42,74
29,54
49,56
57,05
23,14
16,36
39,56
01,25
29,24
32,29
19,33
25,34
07,92
11,62
30,06
82,42
00,75
11,67
76,18
22,52
90,85
28,65
53,35
26,82
72,11
65,08
48,49
14,17
69,54
07,51
17,08
44,20
31,00
74,22
92,39
67,73
81,98
09,01
84,86
65,16
36,77
17,49
74,94
74,55
40,70
53,89
24,94
79,89
32,27
31,17
82,81
28,62
94,36
65,19
71,50
79,18
78,10
43,72
14,91
48,36
81,44
47,47
81,07
83,74
81,28
19,75
04,39
46,22
24,35
67,03
28,98
79,80
88,22
93,34
73,85
64,18
74,39
