96,59
98,22
10,89
64,37
85,31
84,56
04,83
15,87
91,27
86,99
00,59
63,65
36,47
97,23
06,74
25,47
24,45
41,45
65,58
69,35
52,90
32,88
29,11
71,20
07,64
09,72
76,78
04,29
82,83
18,78
23,54
31,83
61,33
36,67
19,15
58,95
96,89
12,08
18,95
34,27
24,71
34,35
14,90
16,77
74,10
54,59
28,37
68,44
00,86
90,15
65,33
42,07
54,65
83,76
75,33
87,48
10,27
00,31
22,20
41,47
34,06
79,82
70,89
92,19
25,95
09,19
27,25
80,25
91,95
66,94
89,46
20,99
03,41
07,43
00,20
04,10
84,57
05,87
32,00
82,73
39,32
10,86
47,33
05,37
36,71
36,27
66,18
17,17
24,74
14,81
24,49
36,38
17,74
66,90
89,70
49,03
64,88
16,28
77,19
56,75
92,89
13,20
51,70
89,70
91,25
30,93
45,10
56,75
74,97
27,03
22,10
02,35
86,33
55,98
98,04
11,89
14,13
87,56
12,24
08,71
89,17
53,55
45,33
47,58
12,48
30,65
70,10
43,99
65,70
53,76
32,13
28,42
53,53
29,06
10,09
58,58
49,47
06,94
15,14
88,34
66,79
76,47
43,14
23,48
92,19
28,59
87,64
78,88
76,14
22,18
33,51
04,79
83,35
22,89
85,96
95,20
08,61
45,71
83,65
04,51
17,73
71,11
02,68
07,60
51,74
00,03
25,03
81,47
27,43
25,98
84,20
09,70
96,75
36,91
70,62
04,36
15,03
45,09
09,66
61,44
96,15
02,61
58,66
88,94
35,85
58,69
38,00
89,81
21,40
67,01
87,77
46,05
28,33
53,54
05,87
62,64
11,91
24,91
22,47
16,94
90,13
09,77
03,77
66,06
44,42
78,98
25,89
77,96
47,50
35,72
48,36
45,50
60,56
97,59
44,03
64,90
59,93
82,40
54,00
83,10
30,07
08,72
51,85
08,18
67,04
29,85
44,97
30,24
46,13
55,41
25,28
09,90
67,50
71,70
79,81
11,23
78,62
59,57
13,66
02,37
76,25
61,72
76,84
72,59
26,36
33,18
19,29
50,67
17,18
74,95
51,78
48,41
40,55
46,00
09,24
05,33
31,39
05,96
15,93
44,62
28,10
55,59
13,36
09,18
22,42
11,17
95,52
88,32
39,51
33,98
89,30
21,00
57,09
63,30
71,00
87,33
04,40
57,49
59,01
08,42
96,96
78,45
35,51
81,81
73,95
50,50
34,86
12,33
35,52
22,31
34,71
02,40
82,83
87,05
06,45
02,69
50,50
20,57
40,73
55,38
33,47
00,76
50,89
64,44
19,02
28,35
53,10
08,73
65,47
48,33
80,81
91,04
34,51
24,50
45,52
34,11
80,82
40,57
49,63
68,70
30,46
37,88
96,23
42,19
12,09
22,84
72,82
79,37
05,59
31,04
74,17
17,65
62,71
67,32
48,00
66,14
92,92
86,92
60,17
24,11
75,09
31,42
64,39
23,51
36,87
82,41
33,88
58,54
78,14
62,26
45,67
12,70
43,28
37,04
55,17
58,98
31,55
78,13
65,53
21,00
42,07
73,01
15,34
96,68
75,67
46,30
27,26
05,84
70,00
36,36
38,17
16,92
47,07
30,49
97,22
92,97
50,53
42,05
61,71
94,17
14,08
95,08
39,18
32,06
44,89
62,14
27,47
35,31
47,73
78,66
76,60
07,58
92,90
67,45
49,25
25,13
42,09
66,67
93,61
76,69
74,03
79,35
57,83
09,23
26,82
41,07
49,08
84,60
43,83
08,51
26,28
67,10
53,45
81,44
48,11
51,59
40,66
72,84
24,59
01,08
48,71
40,89
24,84
60,60
65,34
37,91
69,87
53,31
52,96
21,61
05,37
85,19
70,29
02,55
60,33
34,96
98,44
29,03
63,21
24,20
17,11
32,48
06,81
17,45
96,01
79,94
94,59
36,39
86,71
28,19
08,52
18,24
24,53
83,94
60,45
05,99
61,52
50,27
38,32
98,51
49,04
31,11
80,03
63,83
92,29
63,09
23,67
37,90
20,46
52,90
82,37
54,53
37,61
62,42
41,05
52,98
12,41
47,31
34,11
22,95
34,08
92,45
70,54
91,11
11,37
69,23
04,39
55,88
29,72
78,28
68,82
08,09
69,30
38,36
45,78
17,52
97,26
18,76
54,80
91,48
74,45
14,89
92,49
39,41
02,14
20,41
25,61
30,57
03,97
41,18
03,39
75,89
89,46
73,68
40,73
02,58
61,52
56,97
00,48
29,02
34,36
91,79
44,38
45,27
29,04
24,79
95,81
90,72
44,31
63,99
11,48
49,22
57,33
30,71
94,22
83,59
18,43
01,85
37,02
54,41
96,16
51,55
02,10
71,49
14,88
75,08
13,24
65,90
40,03
94,28
04,23
81,02
55,81
70,82
49,25
13,69
17,71
52,03
86,37
66,39
96,44
08,50
40,00
12,04
80,38
32,12
00,12
87,32
19,36
04,81
83,57
08,94
52,84
55,05
93,25
01,03
35,00
82,04
05,29
20,39
40,12
28,12
88,49
73,35
12,89
44,26
34,14
89,74
27,57
31,44
46,52
77,59
55,23
64,83
48,46
28,24
07,09
87,24
51,64
18,69
94,79
80,16
79,86
07,52
08,26
93,88
34,35
01,75
86,19
69,02
36,93
30,77
31,45
36,01
80,75
56,03
08,19
54,49
01,15
95,63
04,07
13,51
19,70
56,96
08,33
76,49
95,98
16,23
04,72
52,55
72,87
12,75
56,25
11,54
44,14
73,90
34,83
82,61
22,34
16,68
80,40
32,08
37,56
28,29
27,95
92,39
17,32
82,10
04,02
47,53
15,45
84,19
19,92
07,00
29,02
02,82
11,62
57,93
14,56
09,09
31,58
41,76
36,00
00,37
16,32
09,92
23,39
46,38
32,56
35,61
77,27
73,18
94,72
46,25
74,18
66,63
82,56
53,84
28,09
46,86
18,27
85,14
43,78
57,43
78,02
20,72
67,31
72,12
93,25
66,26
45,71
27,76
42,10
28,32
57,57
54,78
02,81
47,03
43,13
01,78
39,37
22,33
44,68
91,19
90,76
50,59
10,41
09,52
09,66
65,99
48,21
46,85
47,89
86,59
15,58
06,89
38,04
31,24
12,89
05,05
84,28
97,71
16,85
78,09
18,64
66,69
23,41
69,97
92,63
05,52
82,00
11,11
71,02
48,26
18,81
13,29
54,67
54,02
81,25
35,09
23,25
05,20
49,41
70,52
17,17
90,11
08,00
77,67
62,80
74,16
65,12
59,52
68,19
08,80
27,43
73,55
28,06
43,48
30,42
57,76
75,47
51,81
71,06
19,02
84,92
59,68
97,47
58,47
63,04
68,91
07,60
76,06
13,84
33,97
98,12
10,78
47,78
44,23
59,56
64,27
00,39
63,30
16,71
89,26
63,09
56,34
70,84
79,78
05,99
47,15
61,03
73,65
33,16
43,78
16,92
44,99
67,57
72,14
62,77
10,68
76,49
69,43
16,47
76,55
38,22
92,14
42,31
98,14
60,53
19,76
08,63
20,12
78,04
30,52
35,73
32,75
25,65
76,09
77,01
88,81
60,93
69,63
78,40
68,45
52,87
52,13
50,48
13,25
47,85
26,71
76,46
17,11
54,96
73,57
05,07
75,74
41,80
06,80
15,09
71,74
94,91
50,59
49,58
00,94
36,76
93,34
86,43
30,87
77,87
72,26
78,84
16,08
11,04
29,59
47,44
61,57
63,98
15,53
05,59
03,51
35,96
66,95
14,15
25,20
97,83
52,05
16,52
19,25
01,86
22,95
72,10
58,06
59,36
98,16
26,79
30,78
72,67
51,29
67,77
74,34
65,49
39,70
07,29
19,17
34,68
18,47
79,52
42,14
95,75
14,52
12,32
31,37
86,23
48,67
12,23
36,46
14,76
59,83
47,35
90,28
95,44
71,95
51,57
88,37
01,29
40,76
40,29
92,85
21,15
96,07
75,71
71,84
32,22
08,85
06,31
49,34
58,74
76,35
07,97
92,88
64,69
75,18
26,04
51,52
87,57
64,39
49,51
87,98
10,28
95,51
77,80
75,44
01,05
54,69
53,20
36,96
05,88
83,58
86,24
46,05
50,70
61,36
96,26
41,94
25,74
16,44
79,42
21,74
62,71
91,41
77,26
43,68
81,77
96,45
74,24
84,68
73,72
02,60
48,63
60,71
07,12
84,32
27,81
42,44
07,09
50,51
50,77
79,15
20,58
05,40
19,14
61,33
94,58
83,43
20,27
32,76
27,35
01,97
58,17
10,46
11,45
21,29
73,04
40,92
91,25
00,36
33,15
72,29
63,29
22,72
02,28
07,54
83,29
84,07
34,80
52,41
66,03
55,86
24,46
84,94
01,39
14,17
33,73
92,74
00,14
98,55
78,95
66,36
05,50
25,89
90,20
72,23
10,77
40,14
60,83
52,62
29,38
05,86
22,98
52,94
23,41
64,89
25,04
11,02
42,95
20,60
63,12
95,08
61,34
44,76
19,01
27,54
83,91
43,27
82,75
66,23
98,97
58,07
17,22
08,92
92,95
17,57
63,17
94,97
91,75
17,38
60,52
91,23
07,78
36,49
36,08
66,60
56,34
77,38
34,13
65,93
01,97
42,24
33,40
48,61
00,22
53,93
28,51
20,57
86,09
62,52
12,34
93,23
19,76
69,30
73,67
59,66
95,76
43,02
43,41
67,01
19,76
11,27
42,58
65,28
26,62
43,78
84,68
83,49
16,63
70,91
48,76
85,57
08,28
07,77
75,49
60,27
32,93
94,76
05,05
83,04
25,75
17,92
19,24
15,96
00,94
66,07
05,42
76,46
16,99
03,30
46,25
74,12
19,30
94,24
48,06
51,69
09,47
58,36
76,56
56,85
44,15
98,58
19,32
31,77
82,95
88,36
14,26
60,75
02,09
89,96
90,08
28,06
68,91
93,22
43,80
66,51
50,01
98,17
18,63
15,29
11,20
50,78
29,21
24,24
38,56
04,90
36,31
97,87
61,01
67,92
12,26
00,32
32,83
62,61
77,32
69,69
88,05
08,06
68,08
95,36
06,53
32,99
78,47
69,31
07,73
06,17
78,58
65,64
18,69
51,42
40,80
97,39
66,61
40,06
08,84
90,00
28,69
12,83
54,45
48,60
56,37
18,76
09,26
90,16
15,15
40,87
18,02
54,35
15,22
91,20
87,11
85,87
00,01
73,22
95,39
66,28
50,38
12,53
06,89
32,33
98,80
85,52
07,82
11,14
09,11
92,71
04,40
86,95
49,91
26,18
35,62
90,56
47,35
40,27
53,72
00,18
76,39
44,06
94,86
31,92
02,01
57,43
04,30
13,13
08,63
31,88
10,94
81,24
51,50
53,82
59,92
26,15
55,84
07,69
76,74
19,75
25,95
97,66
06,23
64,59
06,27
10,94
17,93
34,76
00,27
01,02
74,11
43,44
95,65
94,76
56,66
72,76
75,98
19,55
14,15
25,46
76,04
31,72
67,46
69,92
54,49
18,89
11,73
14,26
71,39
57,03
71,33
14,66
26,19
28,50
67,85
31,12
98,24
38,97
91,24
09,58
53,62
79,68
39,52
61,66
06,52
34,11
90,46
30,16
22,53
21,14
83,20
76,80
35,36
62,44
46,65
92,05
66,56
30,15
81,93
60,26
26,23
30,60
41,37
78,68
15,96
87,35
26,91
98,90
13,00
63,85
71,57
89,61
08,51
73,66
82,69
22,48
82,67
46,33
07,28
16,94
69,48
93,82
79,34
84,54
97,85
65,86
45,45
51,53
56,47
61,59
81,15
42,77
95,20
18,34
54,69
83,93
03,38
81,62
42,78
60,78
20,50
18,38
91,40
48,30
31,76
19,49
53,90
47,31
60,03
19,95
36,46
15,69
12,43
42,39
24,77
13,19
80,36
45,85
88,60
55,42
76,11
76,57
66,19
91,70
79,83
73,60
13,96
07,48
27,30
13,45
69,93
80,04
15,29
35,91
26,60
26,26
96,85
45,97
89,50
68,09
65,80
22,78
60,89
08,81
47,85
46,62
76,79
81,75
43,49
05,01
63,03
05,64
10,71
91,31
30,02
59,35
52,69
07,61
92,23
73,78
12,75
00,90
49,12
19,14
68,03
03,39
37,17
36,38
43,56
54,06
17,25
03,69
87,22
09,68
64,85
34,31
46,89
00,86
38,30
05,81
63,58
05,06
72,94
07,50
46,91
65,18
12,47
06,24
36,54
00,49
05,22
30,77
47,15
25,93
24,21
80,29
11,85
30,14
43,74
87,64
58,33
15,55
73,38
60,14
59,03
50,03
12,77
68,34
41,98
66,35
81,08
46,45
29,30
54,08
27,69
10,86
76,53
13,72
37,63
18,61
05,17
49,16
90,39
34,85
87,29
04,10
85,87
84,62
43,38
50,43
20,78
36,77
90,47
98,42
60,43
65,51
74,73
84,97
49,57
31,44
45,19
60,34
08,75
04,89
57,16
18,37
46,36
70,11
16,09
47,39
76,11
50,82
08,04
33,97
34,68
75,52
87,04
77,01
42,91
63,24
61,54
44,78
17,57
58,54
85,05
24,99
14,81
17,68
28,59
06,36
32,86
17,64
89,31
57,85
29,59
23,82
40,68
54,16
95,13
34,94
52,09
39,11
31,97
89,35
22,65
08,02
03,10
18,74
50,80
38,53
09,44
80,99
21,15
87,99
05,98
51,89
42,50
38,84
08,12
62,70
74,36
57,58
79,87
53,18
95,67
28,32
69,03
27,57
16,28
74,03
45,38
57,75
20,04
09,50
51,38
44,64
29,66
16,30
10,00
71,18
12,74
72,75
26,76
84,88
14,19
25,96
49,87
60,76
04,07
15,41
72,24
03,04
19,80
70,95
50,08
78,09
63,73
90,90
96,89
77,95
59,02
30,06
53,55
36,90
95,20
41,94
64,12
63,66
13,72
38,54
08,11
81,04
40,72
31,66
06,98
74,45
78,88
68,21
04,38
26,69
61,98
82,43
50,16
18,50
32,91
17,02
42,67
51,43
87,47
02,56
83,42
61,91
04,97
23,81
74,74
74,71
23,19
24,30
42,77
75,21
88,17
55,83
02,34
51,77
67,06
24,65
97,42
98,65
33,46
19,21
31,92
61,17
97,26
77,04
65,50
25,91
85,92
83,51
27,67
81,38
00,39
56,90
79,04
96,91
89,47
44,94
94,05
69,12
58,16
09,47
88,60
53,02
50,34
42,98
89,33
86,45
40,95
42,67
79,72
79,72
27,82
19,44
53,82
49,74
37,47
17,72
26,90
53,57
18,05
86,08
95,88
84,97
35,44
27,72
21,86
70,04
25,98
31,66
85,70
23,22
44,92
06,64
47,37
06,50
50,69
84,64
26,71
59,97
06,71
03,23
80,79
57,58
30,70
24,13
18,91
72,81
40,08
06,87
48,06
46,43
18,98
91,83
40,54
66,65
24,54
18,40
64,94
92,89
89,83
54,89
95,90
82,41
10,62
94,31
40,68
95,39
98,70
21,13
15,17
08,90
08,72
18,08
21,35
63,15
34,84
98,88
97,67
59,30
07,59
59,28
01,56
92,06
48,14
77,48
52,75
25,56
08,97
48,93
37,30
90,20
48,60
32,22
53,43
02,45
88,35
63,07
32,23
76,00
88,47
10,10
20,27
51,20
21,16
91,65
79,40
16,33
88,75
46,92
10,24
58,97
18,49
54,20
87,44
77,30
70,64
08,43
55,63
85,57
82,41
63,75
18,70
07,24
97,36
60,53
00,98
28,12
69,40
73,08
12,75
59,31
47,10
23,85
09,91
33,59
01,44
42,31
89,31
44,78
56,25
51,16
62,18
44,49
89,85
09,30
40,53
62,74
21,09
41,44
53,23
56,05
60,81
63,36
48,09
41,91
36,54
80,47
54,30
14,71
69,24
49,39
11,67
06,81
11,80
64,48
18,72
94,74
67,45
42,26
54,73
35,37
93,82
54,02
26,88
35,32
63,77
82,25
45,52
87,87
89,03
59,13
09,21
07,42
67,99
62,63
54,95
10,63
58,65
60,60
89,03
59,24
30,36
91,92
34,63
42,99
30,76
07,72
39,01
65,14
06,50
93,31
92,19
02,48
63,63
52,93
32,86
48,30
13,50
03,16
92,76
01,05
39,20
21,25
47,28
79,42
56,95
73,88
13,25
25,98
74,73
08,32
46,29
67,44
41,76
19,26
25,63
00,75
89,78
65,56
35,63
79,80
96,06
22,25
03,53
84,99
60,34
24,69
89,70
72,97
80,35
16,72
51,89
07,20
41,56
43,63
82,29
17,18
48,96
15,72
21,22
11,06
55,47
05,56
65,05
38,46
89,24
26,17
51,98
80,40
63,64
85,60
84,47
27,64
68,18
95,13
61,02
73,01
71,68
72,45
34,80
71,72
38,37
67,08
67,09
52,23
40,99
06,92
70,25
18,95
01,43
42,60
09,87
30,66
01,20
71,17
45,26
77,37
28,42
78,82
19,02
48,47
88,22
63,17
40,77
15,63
78,74
72,19
35,22
48,42
59,75
03,57
98,84
04,58
71,68
96,47
86,20
24,22
42,82
81,10
84,90
24,68
96,45
08,21
70,25
53,05
35,56
48,16
27,64
36,33
77,50
27,88
03,56
45,35
66,35
84,22
24,16
65,76
18,42
69,54
29,65
60,11
67,08
21,16
11,01
76,85
91,72
71,64
08,55
78,39
27,06
86,70
23,20
19,26
64,19
42,48
13,44
33,71
28,91
10,54
04,36
71,61
47,82
43,23
18,07
31,50
89,47
94,86
37,47
34,62
36,38
59,65
53,17
21,95
50,42
54,35
10,01
21,44
69,05
35,00
55,51
95,77
85,39
68,81
28,47
63,60
15,94
64,46
44,34
23,63
38,55
02,07
51,32
37,28
84,13
83,48
96,64
50,62
91,94
91,80
06,21
52,86
98,74
89,57
13,10
31,62
36,32
04,35
97,76
88,97
93,08
81,46
76,79
57,63
87,93
04,76
47,27
53,39
14,95
12,91
74,17
05,50
80,60
96,64
89,32
91,71
43,59
83,29
09,68
22,38
25,24
40,42
40,95
98,35
66,80
28,82
30,11
21,00
04,44
15,27
10,89
82,59
60,44
63,13
69,59
48,70
67,69
31,69
05,14
96,65
68,07
02,58
47,72
51,54
25,74
87,46
65,89
41,76
87,56
66,33
92,33
55,03
56,77
15,64
31,29
89,05
97,01
35,16
84,87
25,55
92,56
76,66
08,95
01,63
81,11
11,70
29,34
87,10
35,88
05,71
06,98
24,98
43,01
10,34
97,37
11,12
14,60
91,97
62,85
97,78
11,15
85,07
18,72
89,72
01,50
70,53
56,69
00,73
75,65
55,03
85,41
82,21
34,46
46,80
04,42
16,88
18,37
90,57
23,33
78,00
19,82
75,94
67,18
18,62
06,51
80,99
28,86
15,22
06,98
92,56
32,76
69,31
82,45
86,30
75,87
64,54
65,33
30,68
29,99
09,32
68,34
41,73
58,29
53,21
08,42
96,75
04,42
74,76
43,41
76,74
91,01
89,11
26,79
95,22
62,60
68,24
92,10
62,84
19,78
15,44
48,74
95,94
54,92
70,57
25,61
98,43
86,43
04,34
29,24
06,31
58,73
64,10
02,23
00,42
67,46
68,54
25,57
90,17
82,19
21,10
26,76
55,49
70,05
56,84
32,41
45,61
07,22
55,47
95,78
61,05
55,85
40,99
68,50
20,33
22,32
62,68
08,56
47,43
39,06
36,33
42,11
38,12
39,16
79,60
65,94
57,79
58,90
03,24
35,91
76,84
76,32
46,76
43,40
50,72
41,19
12,24
93,00
92,63
54,52
56,16
86,26
24,70
84,90
84,22
95,11
03,40
46,16
14,60
71,59
92,67
50,72
34,33
52,39
64,95
67,05
53,27
45,32
61,51
27,01
68,37
59,14
19,00
07,74
69,02
11,72
76,14
05,82
34,71
86,46
70,23
29,70
74,45
50,12
51,64
96,69
11,09
04,77
41,95
93,26
88,89
75,58
96,43
56,55
79,91
56,43
15,05
81,24
09,88
69,89
95,48
07,75
40,78
43,21
37,34
26,44
28,60
50,12
13,14
83,24
32,41
72,13
79,53
75,54
98,53
56,62
25,04
29,35
90,22
85,00
52,31
44,16
60,18
71,06
09,13
19,57
57,14
74,63
21,28
26,91
69,67
97,05
29,75
96,52
02,59
44,62
87,87
85,95
13,56
66,45
08,43
39,84
42,48
81,19
23,34
36,14
82,18
51,31
66,75
96,69
61,81
39,31
54,53
72,93
45,36
97,97
81,37
66,17
64,21
53,28
66,94
43,64
46,28
15,05
85,24
94,78
16,49
37,51
59,42
38,57
11,88
65,14
05,47
30,81
60,97
30,96
56,35
53,26
50,06
70,32
25,37
51,20
13,25
95,64
84,29
61,84
70,59
10,20
11,71
52,28
57,70
88,22
52,38
84,19
59,40
67,73
37,18
72,47
23,69
44,43
93,95
52,34
84,81
83,08
92,55
79,78
95,53
59,87
70,15
98,53
29,74
83,52
78,08
55,79
91,54
60,55
30,60
30,67
58,97
17,84
00,19
45,32
16,67
79,18
84,36
53,04
83,17
16,91
27,35
64,12
63,70
93,91
40,61
62,80
69,97
51,32
83,74
78,15
44,83
95,22
93,94
25,38
08,47
60,29
70,23
95,33
42,34
81,14
92,20
95,80
41,10
66,24
44,57
38,91
32,49
02,90
97,17
68,70
14,36
12,69
14,99
86,75
23,84
04,78
23,54
41,44
02,17
77,45
15,52
07,12
97,80
39,67
27,07
41,66
13,75
60,16
67,64
06,89
60,91
45,71
70,76
58,14
93,18
31,75
53,37
88,30
27,35
13,01
92,48
57,74
62,26
03,36
44,55
83,49
07,48
86,21
44,41
90,93
64,07
59,74
74,14
85,53
68,51
81,49
89,21
19,09
20,59
51,12
42,74
29,76
83,74
98,26
74,78
05,64
03,11
41,28
82,63
74,58
91,65
69,66
07,97
66,58
74,33
61,14
43,11
89,98
34,03
80,53
05,72
70,12
66,44
19,04
52,81
51,46
42,92
39,53
08,38
15,43
81,52
49,72
80,33
93,21
94,87
88,59
60,28
49,71
50,11
24,56
03,45
87,63
53,99
88,86
06,69
04,04
74,65
39,62
38,62
29,49
60,73
11,78
55,85
35,75
42,32
59,46
21,57
52,52
60,26
20,00
15,68
29,39
85,43
87,91
14,23
20,01
61,08
37,30
89,21
86,31
27,24
83,17
85,22
41,81
66,06
17,63
98,16
02,62
35,04
48,00
06,82
27,84
29,11
69,02
67,89
15,95
73,87
56,75
31,94
75,93
17,29
08,95
82,76
77,26
36,07
06,61
78,54
51,65
89,74
31,43
18,65
76,78
70,62
92,31
19,67
09,41
24,13
32,85
81,23
12,55
66,99
59,02
39,98
59,98
35,29
19,38
34,14
06,44
44,91
64,45
44,31
96,36
92,16
83,51
75,08
96,41
58,32
66,10
98,80
12,42
17,45
45,92
06,70
56,46
28,39
20,33
48,64
83,86
05,44
71,91
06,71
14,59
44,30
36,73
45,33
17,44
29,93
31,90
89,43
90,53
12,32
51,79
78,07
50,48
05,17
53,88
28,89
71,38
33,27
96,03
93,75
82,10
13,38
86,77
53,21
69,08
42,45
75,02
37,57
69,66
36,20
81,03
70,73
59,55
42,53
88,89
62,28
97,40
38,02
41,05
64,19
88,86
08,11
62,35
89,53
34,30
86,17
21,11
56,96
85,82
49,96
56,33
10,95
09,52
19,47
62,00
60,13
26,80
65,88
82,60
58,80
88,10
82,46
90,42
37,82
35,59
11,09
50,21
10,37
28,65
07,38
26,03
52,22
25,84
64,30
01,47
72,56
30,23
89,77
68,55
81,09
03,18
89,93
28,75
81,10
33,80
07,23
73,29
15,74
90,10
98,25
79,55
09,55
19,68
65,62
17,15
74,83
54,30
64,22
80,35
55,99
05,14
77,89
17,89
13,25
26,94
64,46
42,38
84,96
54,93
15,28
77,12
84,29
63,10
33,52
35,26
09,13
48,35
61,42
39,46
05,57
82,40
49,51
38,09
46,74
60,34
01,79
86,75
25,48
69,42
04,62
98,57
13,81
60,45
83,53
32,26
93,27
42,59
16,10
67,11
02,63
34,84
60,38
60,31
90,86
17,59
86,88
79,04
71,02
76,67
92,40
37,62
50,05
18,37
24,75
12,47
56,48
15,37
66,86
91,58
95,78
15,45
59,84
35,23
60,01
60,86
69,10
26,97
78,52
91,99
50,76
23,14
90,43
03,55
05,57
28,89
72,03
73,94
45,76
12,43
57,38
79,82
68,30
75,13
65,95
63,08
39,66
13,00
39,32
04,16
92,26
59,98
79,08
69,88
59,46
09,00
84,23
20,27
39,73
82,30
62,34
36,53
52,85
07,81
13,88
26,84
09,40
78,45
74,51
80,38
69,05
23,44
23,80
85,70
73,82
84,24
50,55
20,81
57,77
03,84
25,30
01,60
75,58
59,09
91,01
49,31
23,01
33,83
56,26
43,83
32,13
12,11
47,70
71,07
06,25
80,48
53,49
53,51
42,32
06,64
76,71
23,53
91,09
58,11
75,90
46,05
96,95
40,58
92,58
36,71
52,40
24,50
13,71
97,28
22,87
22,53
42,01
18,15
79,61
47,64
21,51
98,33
12,64
88,57
69,48
51,85
68,65
00,37
66,94
87,97
38,48
44,11
67,73
55,52
50,63
59,63
80,19
15,22
38,26
07,28
11,88
36,10
93,38
39,13
36,60
86,50
13,70
97,73
25,76
31,25
16,39
64,83
22,24
05,31
96,89
09,78
44,59
37,31
76,66
78,32
59,98
90,52
72,08
26,34
52,08
50,96
45,70
34,13
92,63
56,70
42,12
05,96
13,82
79,61
62,56
08,55
49,06
75,89
92,97
28,05
39,25
00,12
39,62
56,42
43,45
52,99
02,39
70,04
42,67
61,47
65,63
73,08
89,05
01,50
63,62
75,06
79,20
79,55
18,07
42,30
19,97
75,32
60,49
11,38
81,49
50,01
86,96
86,01
42,23
24,89
88,48
44,66
24,64
79,02
75,68
53,09
82,67
48,86
10,75
77,91
86,72
31,27
22,30
92,53
89,67
87,04
05,80
17,54
00,66
12,54
56,61
17,72
97,86
70,34
35,59
69,86
85,61
56,84
06,84
45,74
82,08
04,97
47,28
01,17
34,93
85,73
86,66
74,86
46,34
80,09
73,67
81,06
77,36
44,43
58,08
34,56
26,62
22,65
16,23
18,56
44,18
44,87
32,25
05,95
07,61
17,13
08,30
46,52
18,21
73,73
56,31
23,21
75,89
87,55
03,66
17,99
28,24
36,09
14,79
85,53
67,07
11,68
32,69
26,75
38,91
39,27
13,19
42,73
68,79
80,57
18,88
49,19
26,34
54,12
49,82
32,37
96,85
70,77
53,25
90,14
53,09
95,56
83,90
92,15
58,59
58,69
69,05
62,45
82,99
10,31
48,61
70,95
53,57
98,31
61,75
41,21
93,14
63,17
75,49
95,66
95,87
64,83
44,24
73,23
75,09
73,14
33,54
93,77
50,79
02,21
40,69
33,90
36,91
23,24
84,73
64,36
08,71
49,58
51,50
48,66
43,71
43,99
22,87
42,94
57,35
36,99
45,37
40,68
61,87
70,77
38,11
17,18
21,69
53,07
59,30
60,51
89,98
94,48
30,34
75,67
63,36
45,37
17,17
08,78
94,20
68,39
64,47
07,20
85,18
03,70
90,08
61,14
82,71
43,94
31,18
68,01
70,19
24,46
70,68
60,18
84,26
43,97
66,72
06,24
43,41
74,08
20,21
24,85
19,14
97,57
42,88
90,45
53,01
85,86
16,88
91,75
69,00
93,63
27,11
92,87
96,85
59,77
26,90
09,21
98,38
25,69
73,44
23,84
44,37
57,33
53,20
13,11
70,82
37,65
06,71
03,57
24,38
08,21
48,71
86,83
62,01
01,63
85,34
48,14
91,31
62,47
95,76
77,71
80,28
66,74
86,40
76,45
85,75
68,49
90,90
98,08
29,34
78,79
24,98
73,48
36,56
48,92
80,30
69,55
73,27
52,19
02,01
73,05
89,82
07,35
39,37
66,25
05,86
39,32
65,92
44,05
64,24
96,49
93,42
68,17
13,11
44,46
08,06
85,69
44,11
24,93
22,49
37,71
94,32
59,88
26,48
75,33
79,60
69,94
86,49
69,29
85,04
29,62
49,64
15,91
59,16
48,81
83,49
89,42
72,00
66,18
90,19
78,09
51,32
51,65
13,77
94,67
24,62
82,15
63,79
49,50
52,12
30,77
04,79
58,49
66,70
03,46
07,63
07,82
78,89
19,87
48,38
48,68
64,60
72,68
74,13
98,58
91,23
08,87
26,80
33,12
04,78
82,79
96,07
95,85
36,43
09,95
34,34
64,00
84,63
69,10
28,96
42,25
44,49
83,22
35,74
70,54
58,96
62,40
27,52
22,91
30,66
16,08
06,48
00,14
82,48
94,51
26,57
23,36
67,17
58,10
41,90
82,35
66,29
88,67
08,62
54,45
39,36
79,10
45,48
25,06
36,10
83,65
86,09
58,80
96,65
86,75
17,90
35,87
44,73
77,30
45,84
29,30
66,88
15,73
12,69
52,52
97,13
87,12
08,47
02,86
86,99
91,47
37,44
25,86
75,93
60,00
18,61
13,15
74,18
26,87
06,18
64,64
76,32
80,06
70,08
12,24
42,82
87,50
71,02
68,25
98,68
61,48
15,74
92,37
29,96
56,39
03,50
82,13
52,39
18,65
24,36
77,07
01,04
74,12
82,11
61,33
58,55
50,95
93,75
50,64
33,28
28,99
27,72
29,76
74,78
95,08
25,16
53,48
09,78
37,52
77,35
62,82
67,13
17,80
01,52
66,90
62,26
26,45
94,10
41,52
98,84
52,33
56,11
49,34
55,15
15,97
61,24
41,44
26,52
22,92
09,78
09,16
91,26
56,01
86,08
66,92
04,90
83,36
93,64
24,48
84,34
78,69
43,72
43,44
55,40
77,18
24,03
46,57
32,23
54,22
06,01
16,09
47,84
97,21
63,08
41,00
75,46
70,04
51,34
31,54
83,39
94,45
00,21
55,36
44,45
76,77
56,01
96,99
04,45
74,47
33,38
25,26
05,67
59,42
92,34
39,86
48,94
67,90
29,84
46,11
74,43
30,86
04,68
08,37
38,34
76,64
06,92
80,75
64,14
61,49
26,22
01,22
57,46
23,83
44,89
77,83
61,28
88,63
66,95
07,91
64,68
57,84
46,97
15,74
70,28
66,10
80,35
88,54
54,16
00,67
83,14
05,34
65,18
48,98
79,70
44,08
40,40
23,51
00,19
15,83
27,75
31,49
82,95
35,50
50,95
03,60
74,26
00,50
71,34
73,54
91,63
70,14
41,28
90,33
51,76
36,20
81,79
88,31
36,18
60,31
66,10
83,36
87,38
15,80
14,05
74,04
40,80
05,93
76,51
02,21
83,68
41,90
28,35
13,78
98,57
75,83
24,02
93,63
00,40
21,69
70,23
77,77
54,47
89,80
86,08
32,55
63,54
56,62
08,47
05,76
26,59
07,70
60,73
67,60
26,73
77,29
84,05
36,49
34,62
86,22
71,66
55,40
28,54
69,72
61,48
33,96
05,51
81,87
96,50
75,12
69,83
85,94
53,11
19,40
63,71
71,64
14,39
03,04
11,02
48,64
71,49
94,99
48,47
42,11
12,11
06,05
34,17
77,04
42,60
47,63
96,20
76,06
25,08
76,43
54,12
07,53
57,70
34,61
91,78
19,96
82,37
22,21
53,00
73,67
72,08
15,65
74,26
15,71
83,28
65,05
70,07
82,37
65,94
75,80
44,43
37,63
33,21
44,45
88,48
90,67
24,23
46,30
22,24
65,53
08,86
03,62
85,55
68,21
08,06
23,07
38,91
74,36
39,01
07,41
42,64
15,41
21,20
41,79
70,35
35,78
12,43
37,19
32,67
51,95
92,60
63,49
42,12
52,69
46,56
40,38
32,81
14,95
31,01
64,19
61,10
79,41
92,21
39,19
26,08
12,19
15,23
46,06
63,67
91,25
49,19
29,79
88,74
34,00
40,39
10,99
74,91
07,56
09,82
21,77
86,64
19,74
27,48
60,77
21,26
83,42
73,60
97,85
14,18
17,21
51,82
21,07
43,55
34,79
92,50
02,07
54,23
98,07
72,34
89,97
05,46
37,50
27,79
66,85
56,33
14,33
52,95
76,79
84,69
33,57
40,19
66,90
36,12
90,45
06,05
68,46
03,49
39,78
53,77
37,56
56,57
19,59
08,23
39,56
23,29
20,34
44,09
91,27
54,56
78,06
64,72
05,92
22,53
88,12
48,30
52,25
03,07
90,00
20,92
69,37
30,13
41,89
09,15
51,35
31,78
12,82
41,28
22,97
67,93
43,41
84,41
79,94
54,84
98,96
22,27
91,88
51,17
06,38
97,88
90,22
63,33
00,10
93,19
53,64
25,94
45,55
01,04
76,17
86,49
65,64
27,16
45,54
57,01
03,55
71,18
89,16
38,79
93,21
62,42
55,47
94,47
57,28
91,35
67,98
90,44
20,71
15,83
67,16
73,23
74,69
49,57
80,67
45,81
44,79
30,27
83,98
29,22
70,61
68,19
16,51
01,01
51,96
85,17
71,55
40,81
75,73
71,26
67,99
22,55
54,87
77,48
82,83
26,87
35,02
19,27
01,72
78,76
84,14
27,93
61,61
51,42
79,09
80,75
92,46
94,40
90,00
91,08
33,28
27,79
52,28
35,47
85,78
23,78
36,66
72,69
30,53
16,84
76,69
01,27
04,23
60,16
00,93
63,56
17,36
61,56
95,08
46,82
03,58
35,30
12,70
61,62
00,39
10,13
23,69
39,68
74,96
57,45
92,34
42,91
46,41
02,21
91,20
14,66
16,82
06,16
73,96
86,01
48,83
41,11
74,43
85,24
26,81
80,64
16,21
79,81
01,22
69,20
26,59
34,48
11,37
69,61
46,96
54,69
76,24
08,43
70,01
33,86
91,36
83,90
97,22
23,71
30,62
45,07
17,89
02,86
55,14
73,04
03,96
27,07
55,95
76,00
10,17
97,21
88,90
25,90
90,73
09,21
71,63
30,99
07,94
86,17
90,13
07,93
82,34
73,18
24,91
38,07
73,76
57,29
42,61
04,56
75,84
98,16
26,09
17,73
24,73
60,41
95,15
59,85
87,73
07,29
62,39
98,58
39,49
89,92
01,16
36,46
68,00
18,12
48,82
04,76
63,22
46,64
75,62
30,59
19,52
34,53
09,23
45,23
37,37
38,58
10,13
25,29
83,78
36,60
07,27
23,69
35,76
18,70
29,06
63,36
83,14
83,11
66,06
35,78
07,29
59,27
83,91
67,94
14,05
50,53
42,73
16,78
38,29
13,51
34,65
47,18
40,71
49,54
43,04
76,05
92,36
12,69
29,35
58,76
48,42
09,65
05,95
15,85
91,14
04,60
21,51
27,22
28,47
16,39
82,63
21,23
36,44
29,43
61,96
27,26
17,16
40,06
93,44
77,29
96,66
82,23
57,08
86,46
19,58
96,11
33,83
50,84
11,34
20,50
85,87
71,11
76,13
20,64
61,08
22,41
63,39
98,75
17,07
45,21
60,72
49,43
02,49
82,95
52,25
63,83
63,24
32,61
12,45
47,75
34,42
22,87
52,11
16,60
72,67
18,01
45,00
14,69
48,09
58,13
31,86
33,14
37,51
57,29
91,08
55,71
94,33
01,56
91,40
18,49
64,31
95,31
60,72
21,84
66,53
53,65
24,64
03,79
58,10
05,18
27,12
28,58
73,39
76,45
13,08
33,21
88,58
90,64
78,47
23,43
07,48
79,38
21,92
99,00
55,96
41,11
93,00
60,73
08,46
17,95
49,17
13,65
70,78
95,48
15,97
96,11
79,64
00,92
37,05
23,98
16,49
77,65
54,48
18,73
12,12
46,18
61,75
26,49
55,66
10,58
32,37
70,22
03,68
35,50
56,34
20,54
04,35
01,15
43,50
41,95
08,32
47,85
29,31
05,01
77,67
83,16
12,21
22,92
34,98
88,06
83,16
24,54
89,73
37,38
51,74
50,59
74,79
33,96
56,96
06,61
56,52
24,34
70,89
01,34
44,07
56,12
27,76
45,84
27,39
19,30
74,24
92,36
55,74
07,11
59,26
34,52
64,20
23,60
51,77
15,27
69,97
63,77
86,28
38,08
25,19
81,40
61,53
92,56
78,26
79,75
55,79
67,09
23,30
46,41
44,78
51,93
20,09
80,56
74,48
00,93
77,42
58,15
26,88
46,88
42,07
01,85
40,34
47,33
73,82
38,87
94,67
63,25
51,10
63,46
42,60
67,29
90,61
12,12
61,14
13,54
12,96
28,67
66,95
80,12
74,22
98,63
39,77
74,19
96,37
77,63
43,01
30,80
59,11
60,07
07,65
53,20
84,51
09,88
08,43
94,51
68,08
67,66
25,43
65,66
74,38
49,41
90,02
46,39
43,19
41,81
34,63
67,19
54,61
16,77
26,87
10,76
82,87
81,39
58,84
77,36
35,64
92,06
64,37
78,19
97,91
71,04
75,82
78,48
55,18
81,89
23,52
65,52
03,37
44,77
40,68
85,34
00,64
67,67
07,94
25,33
04,47
37,84
69,52
14,99
06,70
90,65
97,64
57,69
64,25
64,52
26,12
00,41
33,32
18,84
66,17
80,20
41,35
92,27
55,82
34,69
25,96
72,45
83,90
39,45
31,26
06,45
71,52
35,24
05,53
34,63
28,63
81,65
72,94
79,60
82,36
55,97
54,63
49,73
98,55
26,93
90,57
08,94
13,66
04,46
91,98
95,15
02,38
90,54
73,96
55,56
67,15
27,80
45,03
88,60
65,21
67,06
30,73
22,42
22,56
82,26
65,27
43,46
89,42
59,24
60,36
50,28
64,01
98,24
59,70
06,33
51,50
17,12
33,79
08,09
96,85
97,08
14,39
31,15
08,92
30,58
70,02
21,33
89,02
37,64
37,22
72,40
80,17
76,43
56,04
53,61
35,79
85,82
61,20
02,19
00,63
24,68
44,90
45,31
52,63
45,26
65,80
79,49
58,13
40,68
25,89
59,06
36,68
78,13
15,48
46,48
88,96
59,18
60,05
05,57
44,76
18,56
26,10
02,01
71,03
01,51
17,41
32,77
86,15
51,19
07,97
88,63
34,29
55,47
57,98
13,57
32,52
07,87
38,85
14,52
03,66
65,65
52,95
56,54
75,65
05,56
71,92
50,50
20,98
76,22
29,00
29,32
09,98
24,82
83,73
18,73
20,88
34,34
79,47
68,69
96,90
13,58
09,63
41,95
52,53
52,94
92,85
17,40
55,57
46,05
27,00
15,36
77,52
82,32
68,92
09,45
75,54
91,81
88,54
35,31
83,55
42,89
36,28
94,13
49,45
63,74
08,34
83,62
90,62
11,05
94,37
81,25
79,69
45,99
42,32
63,10
46,78
74,93
39,00
22,30
90,59
34,42
48,58
17,57
31,74
95,57
35,15
84,33
65,81
31,06
89,46
97,49
22,94
29,77
63,48
83,06
78,78
72,57
16,55
54,99
87,67
10,56
49,74
55,23
02,38
93,74
58,86
56,93
08,69
00,19
37,21
08,38
95,33
47,52
04,80
75,22
48,06
43,01
83,71
79,57
24,88
34,14
37,96
88,60
25,36
91,60
84,80
82,60
47,79
19,16
74,51
87,54
48,54
87,11
46,35
21,81
77,66
31,86
18,91
87,03
23,83
09,59
67,45
07,63
14,23
76,87
13,21
79,42
45,78
34,80
12,42
13,24
82,05
07,25
77,14
82,45
31,10
67,84
63,35
36,21
49,67
27,36
45,71
66,35
53,99
27,47
03,52
64,89
86,37
44,11
43,07
63,42
93,12
03,01
56,45
66,84
97,98
69,67
72,87
95,62
04,39
24,32
91,63
42,80
51,23
42,46
03,27
75,10
63,26
01,98
71,08
16,72
58,91
32,11
61,53
55,54
69,10
23,93
82,26
55,09
12,61
36,87
96,61
48,87
78,00
31,06
10,05
37,38
59,75
91,36
51,31
32,71
13,97
97,47
14,77
13,47
78,39
41,84
50,97
06,57
86,34
90,59
37,53
28,38
89,93
53,41
25,58
78,71
05,95
85,07
44,26
02,54
10,56
67,68
93,95
95,07
66,38
58,46
71,36
82,61
38,29
17,87
92,25
29,82
53,27
93,85
51,67
21,45
26,82
59,48
20,06
05,43
87,58
63,08
18,29
31,73
83,44
98,91
33,78
23,16
09,18
65,19
21,48
38,44
00,04
06,59
27,97
04,48
70,30
49,22
09,54
22,15
01,63
44,66
58,01
75,88
89,60
44,56
48,54
11,75
75,01
74,16
11,22
63,96
83,94
71,31
92,27
92,20
15,69
91,30
27,18
63,78
73,19
15,60
23,60
25,32
78,94
14,23
24,99
07,98
45,38
76,61
20,45
86,82
66,64
32,48
85,75
49,94
05,44
40,84
36,84
93,92
52,44
83,84
97,36
35,20
55,00
19,86
85,62
58,43
32,27
18,50
63,51
22,80
80,13
65,57
64,20
83,08
69,20
54,67
28,55
81,23
34,01
61,78
67,01
15,37
51,32
65,86
79,39
83,25
44,82
28,43
74,73
90,41
87,02
26,81
19,75
50,73
98,43
10,06
13,54
57,41
12,81
09,51
19,55
41,19
60,69
31,10
14,65
50,77
77,72
26,95
02,89
77,81
36,26
32,20
36,27
56,96
41,81
46,44
18,29
55,05
96,43
22,70
14,47
00,76
89,29
24,70
96,94
72,10
16,37
16,82
51,66
24,29
51,40
39,07
11,14
86,85
83,54
38,37
76,80
62,14
91,93
20,45
62,25
85,08
04,57
08,86
20,29
18,40
93,15
03,92
92,76
04,15
90,52
51,48
86,34
94,50
53,39
56,18
79,36
61,14
15,43
85,19
37,37
49,00
70,69
53,06
46,07
81,57
70,63
83,02
92,39
56,90
95,13
00,96
30,85
12,85
61,20
17,17
27,74
19,07
53,84
35,88
72,20
70,23
24,48
23,68
22,56
38,78
85,80
51,36
08,71
75,96
45,54
56,62
84,71
54,56
54,83
19,63
97,61
52,70
33,14
10,09
65,19
09,77
08,57
16,51
17,67
97,69
47,38
23,65
17,25
82,68
09,10
74,27
84,07
63,93
13,21
18,68
86,73
30,84
62,75
11,09
13,11
94,66
54,49
13,02
36,17
94,24
10,13
05,09
04,83
12,63
35,25
13,80
14,96
85,29
54,29
31,97
25,94
46,12
87,28
95,32
54,53
50,73
55,89
72,68
31,60
51,67
67,28
06,41
49,17
74,12
05,50
51,83
27,99
61,88
69,24
52,59
28,12
79,34
49,39
76,59
90,72
60,93
83,63
73,01
54,10
25,28
53,72
85,34
82,44
83,47
87,66
88,92
98,19
15,74
03,70
20,38
26,21
74,17
93,78
87,22
67,95
71,19
84,24
79,39
36,71
59,04
04,97
90,35
91,09
26,83
06,16
31,45
22,96
16,32
41,67
05,48
93,05
46,20
38,02
72,86
94,45
47,49
54,33
57,82
08,37
86,21
90,07
80,08
52,75
87,80
20,91
63,51
10,68
40,38
52,84
81,41
38,93
04,32
92,90
79,43
71,69
34,67
63,55
42,37
75,51
63,34
63,50
41,83
65,49
78,15
91,15
53,85
28,56
90,74
37,30
89,68
75,11
77,35
37,86
57,42
55,38
29,66
46,41
26,07
88,08
60,25
94,33
48,52
43,80
70,45
45,83
59,12
74,37
83,95
21,92
40,29
38,96
37,82
62,72
38,30
79,22
18,64
19,73
85,26
15,19
21,73
01,76
69,89
86,42
18,56
18,28
83,28
48,36
06,35
19,62
74,19
27,21
40,68
08,06
19,34
87,80
38,18
30,47
29,70
36,93
63,66
76,28
13,02
36,56
24,05
96,90
01,22
96,86
11,18
37,61
81,02
81,78
56,77
20,70
63,74
05,15
91,62
54,68
33,78
53,42
12,58
36,39
60,57
51,59
13,83
05,72
51,13
79,37
60,55
80,49
49,96
23,67
18,37
34,45
31,67
78,07
85,72
83,83
42,26
37,24
55,49
89,22
92,13
09,89
12,63
96,40
30,34
76,59
98,69
45,06
64,04
61,98
70,45
68,70
53,86
04,92
53,77
47,01
17,32
64,34
65,89
29,33
62,51
48,47
24,54
44,92
04,76
34,33
21,63
37,50
61,42
00,59
38,58
88,66
17,48
08,90
08,90
06,59
56,31
69,83
44,04
07,35
77,71
22,13
96,55
14,98
34,06
83,68
22,91
91,14
23,65
21,03
76,58
61,72
40,81
21,42
91,58
62,57
51,13
32,59
37,09
31,84
48,74
23,44
87,55
84,54
32,41
28,53
07,11
66,38
20,19
28,89
47,47
52,43
13,24
48,29
90,73
72,31
08,66
10,38
36,13
76,00
57,17
76,15
57,53
03,06
62,03
17,38
87,77
32,00
06,60
84,56
54,15
90,26
14,84
56,31
56,06
53,55
52,08
86,13
67,63
33,94
73,60
58,50
84,62
84,93
55,89
61,67
52,73
44,23
54,44
13,62
58,73
21,19
55,91
52,41
86,47
19,42
08,51
74,15
86,80
95,74
44,32
36,25
36,54
00,85
45,10
65,08
25,68
15,85
11,53
24,66
37,27
20,93
58,23
35,79
48,83
23,74
82,51
49,48
22,41
59,36
87,13
50,88
24,05
56,66
03,38
30,96
53,90
55,35
86,14
15,51
46,15
35,09
32,96
37,55
42,32
47,38
81,69
58,22
39,89
76,07
71,52
87,45
53,69
41,71
36,41
39,59
35,97
47,27
22,04
51,87
45,91
27,82
51,76
46,08
74,90
80,22
47,73
47,46
80,91
88,49
80,36
90,87
05,17
22,83
08,56
46,54
04,37
82,07
27,26
39,65
60,88
93,24
57,10
32,73
84,52
82,24
54,65
12,55
59,83
71,51
42,80
74,60
67,39
13,29
38,76
52,83
37,72
33,75
51,73
11,04
70,62
12,80
23,00
55,83
10,91
14,61
77,22
51,55
30,54
09,05
71,48
85,44
50,06
68,32
09,93
54,91
85,19
94,77
30,72
42,00
89,40
44,79
71,50
26,55
43,63
35,94
28,85
46,50
10,47
06,15
58,48
43,84
76,48
41,68
91,78
59,36
68,76
56,06
45,44
21,02
35,61
94,65
52,27
49,22
73,37
61,59
72,41
47,52
82,65
17,30
61,63
71,56
11,79
69,28
30,00
77,87
83,35
97,99
58,60
38,03
84,34
64,05
88,86
53,50
02,22
46,75
39,65
70,80
18,76
20,74
65,32
76,06
91,00
15,34
29,73
84,35
35,30
35,66
00,46
79,03
85,66
15,72
63,29
33,47
16,00
52,33
96,85
52,93
17,25
36,11
14,87
14,42
90,07
08,29
62,73
23,22
19,69
10,42
34,83
24,58
30,72
65,77
17,41
93,75
07,16
09,54
92,96
02,82
31,69
20,40
87,11
02,36
19,95
57,77
28,92
05,70
11,36
75,44
03,51
36,05
81,85
91,56
47,84
03,08
62,21
46,15
41,90
29,68
21,26
08,19
40,60
88,69
35,05
23,23
07,39
28,23
29,81
74,05
92,48
44,94
34,24
05,45
31,86
79,11
84,14
06,72
15,24
96,84
60,75
95,04
38,45
11,91
44,04
20,02
18,94
61,82
34,94
03,25
02,80
87,65
87,14
17,70
11,86
66,94
69,37
04,31
95,42
58,53
75,84
76,33
90,50
89,75
94,81
55,64
12,72
44,59
41,29
36,78
54,41
58,66
46,60
64,07
95,83
25,77
33,41
08,24
62,42
95,68
60,81
45,34
30,00
19,42
86,36
49,54
17,43
13,91
55,82
38,21
50,31
68,14
83,05
89,50
43,90
78,17
79,45
54,99
01,10
78,58
20,33
83,33
90,67
12,49
54,59
78,18
36,10
71,43
13,29
31,38
82,72
94,46
56,08
38,72
39,36
41,88
94,55
05,84
90,09
82,71
98,24
32,83
19,43
40,33
87,53
59,08
06,98
64,94
21,19
69,61
91,30
18,83
55,19
10,81
40,79
12,32
89,12
51,82
71,18
03,89
68,60
27,18
68,60
98,00
66,93
24,44
21,00
91,47
44,39
58,53
02,38
01,41
11,91
57,10
35,31
82,20
28,89
88,46
61,92
97,28
02,57
42,27
62,95
84,33
44,64
03,41
77,24
28,62
11,54
12,97
85,58
70,84
25,39
94,76
35,99
87,24
65,32
24,33
10,03
64,75
93,90
62,41
57,18
59,32
66,23
54,20
42,08
77,57
75,21
56,19
76,04
19,29
62,92
06,75
56,99
39,34
33,95
89,52
45,09
56,03
97,13
26,71
71,07
82,83
85,16
25,33
94,60
98,01
66,70
69,63
81,98
83,83
29,46
82,00
21,94
38,94
69,04
74,40
45,57
57,46
81,69
49,92
77,78
93,14
31,39
29,90
88,58
65,09
26,28
86,88
91,73
47,62
32,79
44,45
91,27
93,22
97,93
45,46
44,27
62,55
74,39
56,52
76,00
93,48
79,51
52,04
67,83
53,72
59,68
37,78
90,24
01,51
64,11
33,21
63,43
60,99
77,76
79,51
79,63
72,37
16,75
67,57
34,28
72,04
18,55
75,00
72,90
13,91
48,05
01,27
85,12
71,84
48,74
22,30
35,84
77,05
70,09
56,83
50,45
24,48
36,91
16,56
62,81
59,97
04,05
31,97
26,64
13,62
00,95
15,89
15,15
28,73
51,38
55,63
38,72
00,38
12,77
83,32
17,76
47,73
69,79
52,29
67,38
68,59
00,06
50,36
81,56
00,05
90,11
40,26
03,43
71,73
08,44
47,31
15,64
08,57
74,77
48,72
12,63
95,91
27,29
04,19
25,34
13,52
13,68
46,53
36,88
09,77
91,11
13,03
41,56
56,71
91,61
04,05
53,02
60,08
07,24
01,90
08,95
75,60
92,29
35,67
62,69
41,54
65,32
66,81
19,88
15,09
00,96
01,61
98,19
38,92
49,60
60,52
96,41
00,64
30,06
51,33
59,08
22,70
38,26
31,75
41,40
43,96
00,27
51,49
11,08
58,70
63,21
64,39
02,77
64,51
13,97
24,35
19,55
46,36
85,00
70,74
43,40
44,68
27,13
84,14
00,42
03,91
78,95
18,77
04,14
62,06
08,92
66,64
96,55
62,19
53,43
09,05
81,03
66,40
27,59
62,04
32,84
47,19
44,05
37,78
87,68
85,22
21,60
16,88
86,47
40,48
53,22
00,03
51,37
81,91
29,85
60,66
96,21
64,90
28,17
17,19
64,25
02,06
95,55
69,28
87,63
37,58
94,51
09,29
08,91
73,24
73,09
71,52
76,62
67,76
98,93
31,48
98,99
62,37
86,98
60,18
04,63
14,20
14,56
48,06
32,71
80,62
40,65
71,60
90,49
13,19
15,18
19,76
26,49
06,27
62,77
35,72
27,67
50,16
39,12
17,08
90,94
66,10
41,26
12,75
34,44
38,80
74,75
97,04
74,04
91,26
83,27
71,32
57,23
14,91
47,83
02,55
51,18
37,49
01,73
77,52
85,21
77,44
96,98
55,25
72,39
28,40
13,26
85,26
04,73
30,55
68,28
83,64
84,00
86,04
05,61
62,93
21,35
91,48
54,59
83,66
74,50
34,91
04,73
92,07
28,53
93,71
68,13
97,18
24,34
90,36
41,38
20,77
89,05
84,64
28,47
85,07
55,94
92,79
17,76
53,98
61,96
93,77
84,89
02,75
17,21
27,19
01,53
25,73
40,01
40,04
29,80
13,37
33,25
37,01
13,26
73,21
68,65
78,99
49,73
07,03
22,13
47,30
81,21
12,07
46,96
31,77
35,98
93,86
55,87
27,64
74,88
83,38
84,84
28,09
47,97
01,57
07,94
69,27
41,82
25,20
03,33
64,78
91,97
84,99
22,12
69,53
14,62
79,61
98,12
67,59
75,63
46,72
95,31
29,43
62,06
46,71
92,37
88,19
31,51
06,82
61,72
15,01
95,77
45,87
10,05
95,66
34,61
70,14
03,61
45,70
58,01
36,35
37,49
33,92
55,57
09,87
49,34
00,08
51,44
24,99
29,20
49,80
15,95
17,31
29,56
49,51
95,68
42,52
32,16
28,84
39,83
27,80
80,71
76,61
12,47
83,90
59,16
75,88
29,71
08,68
43,16
24,64
64,47
34,57
39,89
38,11
95,34
55,35
79,75
80,09
27,96
25,52
11,89
54,12
22,98
57,92
15,41
11,23
47,21
01,69
44,42
78,13
56,21
12,17
71,28
79,31
10,07
84,93
07,07
16,43
37,43
93,62
48,36
23,61
50,14
70,69
12,51
58,69
22,48
33,95
79,74
71,67
53,57
85,12
11,78
19,67
61,06
37,20
55,88
30,33
33,34
98,20
14,96
95,63
28,00
52,36
00,46
62,38
90,57
72,09
59,17
19,22
19,44
85,32
35,82
46,01
93,18
73,90
60,26
56,79
70,54
00,35
86,99
82,27
19,03
03,50
06,53
89,51
55,17
58,41
91,86
87,39
54,25
97,09
86,47
73,47
58,87
98,23
24,93
94,52
57,49
25,63
70,27
50,91
55,87
42,69
56,74
43,23
05,24
75,34
61,66
87,10
23,08
82,11
07,88
38,01
88,49
01,98
09,27
37,53
64,28
98,38
53,24
02,40
46,33
85,45
44,60
64,52
43,87
97,14
03,85
56,59
20,28
26,08
75,27
75,33
36,03
73,39
62,46
00,71
89,53
60,49
57,14
40,39
49,09
38,12
33,75
72,89
28,22
87,04
17,54
07,24
83,42
67,12
33,85
28,10
58,57
40,18
15,64
36,29
22,21
59,83
26,44
43,17
32,43
26,21
52,59
12,54
66,90
09,87
91,67
48,52
42,65
44,29
68,21
04,84
78,13
29,82
91,80
51,63
45,15
32,65
86,18
87,23
68,56
90,24
95,06
82,07
57,79
14,46
01,01
46,61
59,80
51,93
73,33
95,78
51,36
43,69
09,35
19,71
15,33
01,18
86,52
02,91
59,12
71,98
40,28
58,04
91,27
31,18
13,83
08,30
66,09
80,30
28,81
10,40
85,20
24,08
94,18
92,49
55,60
52,01
30,52
48,06
57,52
12,40
98,60
59,90
22,02
81,54
91,27
04,71
65,05
40,46
30,31
21,44
79,77
46,75
08,31
83,82
40,71
55,37
26,69
15,73
31,74
79,82
35,18
65,93
85,68
84,67
32,64
71,80
62,01
27,08
43,35
14,10
79,25
91,54
37,67
60,75
84,30
73,28
24,39
55,48
11,32
12,24
11,02
94,96
54,70
77,11
89,13
09,77
91,23
10,28
79,49
79,65
17,46
40,93
26,21
56,03
08,34
16,29
32,82
16,93
63,95
04,21
90,78
90,01
11,69
23,84
37,83
13,77
13,17
50,92
66,43
03,10
65,49
61,46
12,62
59,29
33,21
56,99
03,58
69,55
94,31
73,68
86,55
57,54
81,77
16,58
23,75
59,41
00,32
66,97
42,76
32,47
28,44
28,71
68,67
75,58
40,86
10,61
20,60
50,90
69,48
40,60
03,05
98,71
01,15
96,23
28,06
27,71
80,25
62,64
09,37
00,89
77,07
04,24
96,09
97,30
40,55
10,95
50,19
31,49
71,17
08,55
60,50
82,40
29,50
40,90
68,73
21,48
64,38
43,29
60,79
80,60
93,69
82,00
49,68
32,04
08,15
08,38
98,03
56,08
19,85
81,21
76,69
50,44
62,92
61,19
87,73
11,62
58,15
11,31
52,73
23,42
68,20
62,65
86,28
63,74
03,87
13,11
61,46
58,44
19,53
43,53
97,35
65,58
10,17
74,60
95,28
53,81
86,27
17,72
77,50
30,87
94,08
61,15
78,55
23,29
15,96
67,82
91,65
63,12
75,02
44,54
50,41
29,76
72,57
69,30
00,35
03,82
26,45
12,45
98,94
53,21
38,03
28,05
64,94
28,33
59,37
44,54
59,69
43,82
57,76
51,07
20,96
76,82
62,94
86,32
05,94
40,22
08,14
83,66
35,57
91,25
52,31
60,47
08,94
59,02
28,15
66,31
59,71
84,38
16,47
90,26
47,26
81,15
31,56
01,21
50,27
81,40
64,69
40,34
77,88
88,81
00,51
37,06
97,47
98,38
11,90
79,89
09,65
32,81
15,18
12,49
12,45
49,88
43,08
37,91
37,25
30,83
88,07
02,47
33,44
96,40
62,46
97,39
36,81
32,74
94,04
70,37
77,16
86,37
11,09
53,32
15,81
95,06
13,02
27,61
35,43
38,92
95,20
27,88
70,90
55,19
34,23
27,03
77,95
74,74
90,30
16,49
14,77
93,94
95,16
69,42
45,85
08,65
78,90
19,19
46,24
36,65
37,69
90,96
15,41
30,63
54,49
61,77
01,14
19,75
04,17
47,24
77,06
65,70
06,95
29,64
92,69
26,59
28,27
28,37
72,63
80,54
50,61
54,18
35,49
77,99
76,95
68,33
58,40
66,01
81,72
38,24
06,19
16,74
42,79
29,33
09,33
32,91
60,90
00,93
87,64
28,06
02,63
66,09
76,69
86,51
60,91
75,86
15,94
92,63
93,27
21,27
62,91
75,82
36,83
11,61
84,76
58,91
72,57
88,25
69,33
21,57
92,41
27,85
26,81
65,67
45,22
53,33
40,13
76,51
61,25
54,60
43,38
81,01
95,12
96,70
09,81
83,19
18,08
49,54
59,33
21,39
56,10
19,01
14,78
07,63
93,21
54,15
37,84
58,23
83,34
21,33
41,02
76,45
67,04
60,31
55,96
51,34
39,76
53,65
07,95
64,31
38,09
80,65
54,64
43,11
92,39
18,52
11,78
73,77
17,99
48,53
92,91
10,14
87,19
72,22
86,25
26,90
93,43
89,68
79,21
64,00
48,08
92,66
50,21
62,35
47,91
48,91
57,22
40,07
12,11
80,94
36,70
96,57
33,93
51,15
68,60
12,65
11,91
21,21
45,40
00,46
49,82
39,94
26,46
31,95
50,95
25,25
53,54
85,58
59,34
23,19
57,59
76,56
41,28
28,94
66,83
34,89
42,98
08,62
14,61
51,49
93,67
15,58
11,68
80,40
86,36
22,30
51,73
82,86
90,34
82,63
88,13
38,30
42,13
34,27
24,63
97,93
68,91
89,44
49,09
53,51
09,49
36,06
53,77
79,98
00,88
33,92
54,64
00,68
29,09
44,66
61,12
36,22
48,07
54,34
32,86
57,04
88,93
30,16
75,02
28,74
28,81
65,68
47,17
37,67
76,50
86,24
53,77
49,32
18,64
55,06
37,19
58,07
30,36
98,11
82,15
38,34
74,88
06,49
96,67
65,13
78,89
68,68
37,88
76,28
69,48
33,69
01,99
58,86
72,81
11,05
27,86
08,68
44,82
37,73
95,16
80,44
31,83
23,45
47,57
67,24
47,40
13,04
07,49
56,58
75,39
98,42
15,02
15,65
02,72
70,63
50,35
11,07
17,51
34,80
68,20
16,28
21,62
64,86
26,43
90,13
18,14
43,71
49,72
03,76
67,98
21,01
40,75
70,93
45,36
90,72
97,39
19,24
21,57
12,40
94,21
27,38
85,69
00,92
26,67
23,64
06,34
41,03
19,37
90,00
94,04
02,34
67,28
10,30
87,56
05,74
55,72
33,52
86,13
22,28
95,61
73,95
49,53
64,54
10,85
44,63
08,55
35,25
73,40
18,62
89,79
39,52
27,06
86,80
36,59
24,62
72,10
92,19
23,05
02,51
58,34
56,23
93,69
25,32
68,73
04,61
58,24
46,42
37,93
76,39
84,02
46,96
21,20
44,87
98,51
43,97
68,65
06,61
77,59
97,43
62,43
18,43
82,88
22,05
91,96
36,71
08,84
56,76
83,64
67,58
52,10
23,15
01,22
07,67
58,72
66,68
80,76
37,01
31,77
32,55
01,70
72,76
43,63
47,43
88,80
11,46
48,72
80,06
54,39
91,75
20,77
46,52
38,60
24,30
27,48
55,65
37,51
25,98
86,69
80,53
93,23
29,49
31,07
90,23
07,42
63,39
44,17
36,33
66,21
66,08
48,43
01,42
64,13
19,10
32,77
25,07
13,00
74,29
40,50
90,99
44,86
56,68
75,48
22,98
53,63
34,96
90,49
61,45
85,18
48,55
82,55
33,69
82,48
39,68
33,91
70,84
43,68
66,00
96,28
51,81
46,25
23,03
47,52
49,79
67,31
59,82
90,36
22,85
11,09
01,71
38,17
62,38
45,70
83,47
48,08
19,60
56,04
07,55
53,20
62,26
83,28
60,36
78,57
87,86
55,42
14,53
97,83
93,31
83,79
01,66
57,67
30,89
30,92
86,41
46,81
28,52
31,68
22,54
87,32
21,03
96,26
05,66
65,23
45,04
05,41
24,08
22,46
80,39
31,91
45,62
97,22
87,55
71,64
21,99
02,85
61,56
37,11
18,20
74,89
62,34
35,90
48,93
90,30
01,73
73,29
90,51
49,89
53,87
40,10
67,12
08,18
55,61
88,52
57,30
68,37
78,55
52,09
55,57
04,32
29,18
71,58
17,98
31,13
04,14
79,11
65,00
22,46
46,05
96,93
85,67
03,34
89,91
90,70
58,34
35,15
41,90
51,54
47,52
77,20
53,57
47,68
72,39
59,50
64,48
46,36
19,35
04,18
40,47
62,01
73,04
85,25
14,99
64,97
93,21
26,87
64,66
44,71
89,12
70,18
65,85
00,59
70,45
08,71
59,96
05,33
46,73
83,64
44,15
69,60
01,48
23,75
30,74
13,37
37,67
10,92
55,37
30,18
01,22
49,58
15,41
44,81
97,31
37,59
92,16
15,68
11,95
93,96
94,82
60,64
77,08
89,02
61,08
74,97
12,05
31,66
09,72
94,98
23,30
87,87
01,88
90,72
05,90
36,74
55,38
56,28
14,04
46,11
01,56
88,47
45,83
45,13
94,82
58,60
14,42
22,92
23,20
82,90
66,94
73,34
91,30
45,95
38,31
04,46
92,49
18,66
33,21
75,60
40,95
71,33
38,44
83,52
22,39
90,66
27,21
26,79
82,78
42,78
60,35
54,38
59,25
70,73
39,24
51,91
03,46
50,66
32,76
38,43
96,45
53,97
28,83
52,05
52,49
39,03
76,27
18,46
76,31
14,24
63,90
82,99
57,76
83,66
59,30
45,54
67,87
37,71
70,91
94,98
93,58
89,29
25,96
36,02
17,79
59,16
40,99
42,31
37,73
20,00
76,08
80,97
87,40
29,78
76,71
10,67
31,99
19,75
84,61
37,22
38,74
83,37
85,00
34,48
24,32
02,76
68,14
64,64
18,16
95,37
35,50
93,65
60,62
00,92
51,29
37,48
61,60
33,06
45,22
11,45
48,66
06,59
92,15
38,87
26,85
45,85
70,41
89,44
18,77
53,51
62,05
14,64
98,34
60,55
00,87
72,75
49,24
16,57
86,36
53,40
55,24
57,90
86,13
03,94
39,50
21,75
04,03
12,23
71,86
53,02
63,51
14,44
33,71
06,43
89,22
04,47
03,76
15,24
35,53
87,20
40,18
63,85
56,04
23,64
77,02
86,68
31,46
57,07
98,72
62,56
25,35
71,28
82,45
97,55
63,06
41,04
85,97
25,93
29,20
03,37
41,92
73,84
34,48
30,32
60,30
10,27
98,21
17,51
91,88
92,10
79,23
74,01
91,61
26,00
32,09
55,12
26,87
38,38
40,41
33,69
31,43
76,90
57,06
80,28
59,53
51,49
03,75
91,25
98,98
20,53
34,87
54,02
22,51
79,20
55,18
48,83
16,05
67,16
60,68
31,12
04,11
70,08
33,79
38,61
91,02
86,00
64,97
39,70
88,72
71,02
75,69
37,93
54,22
70,34
19,33
22,38
65,34
20,61
95,86
64,77
84,51
79,07
93,72
43,47
91,65
43,12
43,13
82,81
76,84
75,71
38,51
01,67
58,64
92,44
15,89
55,54
56,09
11,71
59,56
92,29
78,48
97,52
44,12
20,00
14,45
30,84
33,95
20,73
88,34
02,99
60,86
75,21
48,20
02,92
77,23
43,00
52,36
15,06
17,25
07,49
11,59
95,10
52,35
03,34
90,78
00,87
20,65
81,07
09,25
54,50
90,47
88,24
88,11
83,90
04,58
92,61
04,22
49,00
60,47
11,62
39,87
47,12
47,47
49,90
11,67
96,33
07,76
03,59
46,05
31,93
07,41
18,43
95,76
86,85
43,82
70,41
72,62
95,16
35,44
70,82
06,31
53,71
73,49
56,46
22,54
72,60
90,02
11,35
98,18
72,16
68,81
94,10
89,11
33,90
64,82
57,91
53,58
85,27
39,26
62,22
02,76
54,71
87,80
25,24
69,65
77,36
60,47
64,38
64,39
36,52
79,38
23,25
91,01
50,85
55,63
03,06
52,13
32,51
58,17
65,73
17,27
79,31
38,57
13,53
32,87
77,38
34,38
68,82
78,52
41,02
66,84
81,04
07,02
28,88
39,04
60,05
02,40
48,14
69,44
60,70
91,58
52,70
69,69
47,73
76,17
37,55
35,11
56,94
01,04
30,77
55,00
15,05
05,05
82,77
82,07
55,64
76,02
59,25
64,60
33,29
06,57
41,50
53,94
03,26
94,62
68,64
25,03
17,75
91,80
48,87
92,97
67,41
46,79
88,87
09,68
61,50
42,71
25,28
03,90
46,00
47,26
33,32
16,99
29,03
45,89
55,50
97,24
84,59
52,80
79,05
57,36
87,31
86,62
55,35
87,44
35,71
73,96
71,76
07,57
14,95
92,79
38,13
71,53
65,44
12,37
72,22
03,58
06,33
71,29
40,82
15,19
88,16
61,41
27,22
88,08
69,11
97,88
81,35
39,12
90,58
58,78
38,20
32,12
88,27
46,50
48,75
61,35
64,32
65,29
52,32
76,67
80,69
57,74
45,97
48,84
73,63
13,80
03,33
98,05
89,89
97,86
47,41
77,46
19,08
59,33
68,65
71,41
86,54
53,45
34,86
18,23
69,32
18,62
40,72
78,82
66,69
49,80
18,04
78,35
84,16
74,60
03,11
13,72
69,93
12,51
64,10
84,49
40,60
94,78
72,25
49,49
61,98
90,80
88,77
73,41
32,73
85,37
58,79
93,78
47,30
21,80
77,94
27,64
25,23
70,54
26,68
38,59
09,82
93,47
46,99
84,04
60,34
87,34
79,77
67,27
96,77
53,16
60,00
92,46
58,31
21,14
07,42
07,10
00,34
54,93
61,78
00,55
59,55
21,43
39,28
07,94
80,61
42,00
92,30
90,76
98,36
84,59
24,50
01,12
65,86
24,10
91,93
20,99
11,69
87,84
17,80
70,70
02,41
71,53
15,61
01,27
06,33
98,40
33,22
32,63
32,41
60,20
08,92
38,64
60,54
14,79
17,60
07,48
58,32
18,98
27,53
37,96
23,09
96,66
31,90
34,87
80,06
74,12
88,55
07,42
20,06
04,48
59,15
69,55
35,89
00,51
89,90
37,96
12,95
34,21
70,39
40,95
81,67
97,16
39,50
47,80
48,97
39,68
15,04
78,65
90,01
80,10
76,02
00,86
96,57
74,17
20,65
40,95
46,44
36,53
83,52
45,78
66,50
75,62
22,70
82,60
74,53
84,05
14,11
46,74
49,98
03,42
50,10
62,33
34,83
56,20
77,61
81,37
37,89
77,53
40,59
70,75
52,83
65,58
80,63
40,42
92,92
03,61
65,04
27,81
89,36
48,56
93,77
53,00
90,13
52,33
82,38
85,78
57,19
82,95
95,80
20,52
47,32
54,98
54,82
34,50
32,73
28,45
30,81
32,59
12,38
25,11
89,41
88,44
37,09
33,68
56,03
96,75
83,15
02,79
00,13
14,64
73,81
13,95
89,62
14,48
71,73
09,75
85,17
20,70
46,22
89,36
69,56
63,02
32,28
38,54
87,96
15,43
93,00
37,56
82,61
97,97
25,55
23,27
67,17
17,68
24,59
97,53
41,90
62,69
91,86
61,79
94,75
58,56
32,43
40,12
02,57
63,85
43,18
94,33
81,71
26,08
17,18
79,10
51,60
78,77
95,61
50,82
66,20
24,86
54,48
93,14
19,66
77,42
22,30
18,52
36,10
66,45
86,77
88,87
79,77
80,14
75,68
06,76
66,22
09,53
23,28
08,92
54,91
92,51
22,55
97,74
89,75
00,82
69,32
82,65
33,96
81,80
85,37
15,74
34,61
09,60
41,36
70,97
68,73
85,11
83,84
42,36
89,77
43,26
13,50
38,39
16,73
69,12
25,48
82,38
00,83
81,98
12,40
63,28
25,04
76,86
72,97
45,54
80,33
82,82
66,79
83,94
96,58
34,08
18,46
81,30
10,51
31,60
61,10
13,94
75,37
97,18
03,90
20,29
54,65
46,34
55,71
86,88
26,73
73,60
93,26
74,10
12,10
65,29
78,09
29,52
22,55
34,33
89,29
18,65
87,69
63,65
96,64
42,88
50,02
05,74
21,94
51,19
50,12
84,69
23,08
61,82
93,42
19,04
77,77
01,67
08,43
88,67
09,74
25,18
67,82
38,08
50,91
39,17
22,75
43,91
45,94
52,45
01,06
04,12
05,42
98,50
46,96
15,88
60,50
41,63
93,01
62,96
02,10
29,13
42,87
35,17
79,04
09,69
09,15
74,57
35,03
18,24
31,04
44,68
09,40
46,79
56,98
04,90
60,60
72,35
66,45
53,29
39,59
67,21
87,77
52,74
26,51
39,96
52,57
54,15
83,10
59,63
09,71
81,76
31,28
98,04
25,51
82,08
97,19
79,14
81,30
31,96
76,09
66,43
79,45
17,70
55,85
40,27
69,80
39,31
83,96
96,43
20,29
57,56
66,33
87,86
46,85
07,24
93,76
58,05
47,43
22,07
54,43
70,36
74,71
81,36
66,42
23,89
26,04
54,21
52,17
31,25
20,72
38,40
52,38
15,46
85,25
39,26
67,20
94,43
69,84
80,33
09,07
73,45
55,05
50,92
23,29
25,69
54,46
05,26
67,10
55,36
31,86
94,81
87,78
63,91
02,84
87,44
88,40
73,31
31,26
18,98
43,66
86,34
74,85
93,39
57,42
35,08
76,92
90,01
51,82
38,18
58,80
14,27
00,12
42,73
21,13
84,84
25,56
27,36
13,61
79,75
31,56
62,23
00,28
20,45
12,40
94,20
02,65
20,03
68,09
73,97
78,13
24,90
42,83
86,35
57,93
41,95
52,51
58,18
29,89
46,48
09,49
94,21
53,40
70,09
79,86
84,58
47,36
22,96
65,94
45,69
81,74
65,48
34,37
08,66
01,59
69,07
79,04
54,04
72,69
02,28
56,14
83,70
72,93
66,87
59,48
68,14
88,93
87,46
12,31
60,08
38,35
48,53
55,19
72,42
87,05
51,46
33,76
11,80
75,42
13,73
95,46
29,30
35,07
25,36
44,88
16,05
26,39
26,64
07,08
68,92
15,55
00,85
00,60
94,35
31,08
76,28
36,96
69,40
67,30
42,31
95,00
65,60
16,77
00,63
72,74
72,99
38,19
78,59
32,01
75,96
13,13
96,89
29,67
37,89
43,63
08,36
38,15
20,58
17,86
94,61
36,60
24,48
70,60
85,13
84,21
57,44
44,77
34,73
68,79
58,37
64,39
88,29
45,35
81,83
20,24
87,79
86,12
26,36
77,49
67,80
88,16
15,35
11,39
32,57
76,71
85,36
85,13
30,37
04,35
15,42
06,50
32,23
25,03
09,86
86,50
18,20
96,44
33,48
77,33
13,64
46,14
86,34
46,67
76,71
08,48
55,72
94,50
29,31
61,60
49,86
50,71
27,83
37,57
08,76
72,97
46,26
01,05
07,68
76,55
79,61
81,87
20,62
71,49
06,72
53,65
92,67
05,53
60,50
18,34
69,14
79,32
40,47
22,94
68,82
19,68
41,33
81,29
54,41
51,71
40,25
31,54
37,08
74,35
83,94
35,61
69,95
81,95
14,44
95,03
48,40
30,43
47,98
22,23
77,89
29,88
82,06
68,82
19,78
75,52
16,29
38,10
00,10
30,40
88,84
11,77
86,53
97,76
42,91
86,79
74,22
63,07
35,69
45,01
64,06
67,05
31,71
90,62
60,90
55,97
61,02
96,17
83,07
37,98
83,02
65,68
71,90
41,56
29,64
42,93
31,87
96,69
86,86
96,34
70,66
05,96
93,23
02,58
18,10
04,45
38,69
66,07
72,51
88,06
47,67
44,16
28,17
97,73
04,62
17,54
26,84
27,26
89,50
10,19
56,28
78,91
73,67
59,58
71,58
50,87
54,60
61,13
19,67
79,13
65,49
50,23
93,11
70,46
87,63
06,05
88,53
82,77
73,48
03,04
24,24
21,49
72,93
62,27
04,77
65,47
77,38
10,41
60,92
47,29
32,88
67,79
47,51
54,02
51,81
86,52
02,99
45,07
61,91
36,81
91,01
34,11
42,08
60,22
17,89
96,55
71,74
22,79
56,44
53,11
00,52
68,97
03,24
63,36
44,41
50,64
34,62
97,21
92,01
51,55
94,79
18,35
29,34
13,18
64,73
40,48
24,49
28,24
40,00
40,50
36,27
45,82
73,61
87,03
43,70
11,70
33,39
04,93
01,05
37,20
09,98
72,98
19,17
00,71
90,30
24,33
25,47
27,16
35,00
79,04
03,62
38,47
10,78
44,72
28,64
01,38
60,73
76,99
28,97
45,21
29,77
93,50
50,69
91,43
32,55
21,26
95,69
50,25
96,64
28,99
98,64
36,15
98,60
39,45
49,28
87,69
08,97
42,08
32,84
51,66
32,64
04,45
53,05
34,58
75,95
16,71
17,30
35,24
73,20
72,54
14,45
91,04
31,88
39,08
02,83
92,06
20,62
34,60
10,67
52,72
82,65
14,10
03,71
52,43
91,44
05,34
21,30
05,72
73,10
35,33
82,39
28,02
25,36
50,16
73,13
49,65
14,77
11,33
70,52
21,23
92,58
37,04
45,61
45,58
90,28
46,37
69,14
91,75
51,29
35,61
93,23
14,07
57,50
28,83
23,87
34,84
49,65
26,22
92,18
51,43
80,18
73,65
61,61
25,99
66,50
82,78
07,81
42,95
86,67
24,86
32,84
47,99
53,66
39,62
35,84
70,82
29,99
10,77
94,67
00,38
96,51
53,55
87,37
62,91
81,27
10,70
36,18
40,14
33,23
32,06
94,02
25,56
