24,96
27,34
75,48
80,67
60,14
42,98
56,56
28,08
24,93
27,10
03,34
95,54
15,90
75,12
08,32
71,17
65,40
25,23
22,16
33,78
53,51
49,62
34,85
35,51
82,50
73,50
35,61
55,94
44,16
59,96
39,29
87,86
83,56
19,23
01,37
93,43
80,22
77,43
95,21
94,73
88,70
43,74
29,09
52,69
54,70
90,52
54,86
16,61
09,47
03,82
25,74
26,76
58,09
09,84
58,50
87,01
43,52
51,68
17,93
25,77
05,95
44,14
17,78
03,30
10,83
83,46
28,55
49,82
04,25
01,06
31,88
44,07
42,12
46,25
92,77
65,18
14,30
49,78
56,94
23,41
05,45
89,20
33,36
63,67
76,75
62,65
44,88
36,34
31,92
64,10
25,93
13,90
03,00
23,62
10,78
44,32
71,34
83,64
39,28
32,50
41,08
55,73
07,43
27,57
95,96
09,16
23,23
39,58
87,71
31,27
10,49
79,61
21,79
21,57
67,56
68,22
92,19
39,35
39,65
42,25
25,12
97,82
77,75
46,43
65,31
40,75
73,63
85,99
76,10
02,02
22,92
73,08
12,42
34,58
34,76
02,44
10,70
39,16
54,05
55,81
35,37
06,96
44,72
49,38
02,31
72,02
13,19
78,68
80,91
45,73
88,56
75,44
31,75
68,67
57,56
21,18
25,85
40,04
31,08
12,56
48,57
27,71
87,61
44,03
21,95
91,21
63,15
96,78
65,79
24,08
49,32
17,60
58,47
14,19
96,66
93,89
49,56
54,19
37,52
53,06
01,75
95,63
17,16
98,12
83,31
76,65
42,84
63,60
10,29
52,32
55,22
51,74
24,45
75,74
01,70
70,16
60,21
88,49
67,27
09,47
73,61
98,59
41,39
20,74
14,01
55,24
06,37
27,90
38,99
43,70
45,05
95,10
07,10
66,12
27,20
70,29
52,47
91,97
62,36
16,36
60,43
07,64
80,07
44,67
74,17
23,80
46,98
74,01
30,21
61,19
61,97
18,89
02,14
45,67
01,15
53,13
40,63
21,62
32,91
87,07
49,88
33,20
48,09
11,87
84,93
73,51
30,77
79,76
90,15
61,91
76,97
42,74
79,36
67,98
32,89
27,59
53,24
72,80
15,61
38,86
94,80
10,35
42,86
36,23
28,47
09,78
29,25
16,46
21,11
39,11
09,04
37,11
28,93
08,38
67,07
84,32
22,49
82,09
98,27
01,96
97,42
42,36
84,06
66,76
98,39
93,64
90,37
46,36
70,18
43,08
13,80
98,58
58,77
19,38
50,53
69,77
23,00
46,83
76,95
69,80
59,73
45,60
05,79
89,58
72,71
48,53
55,61
80,37
87,86
32,60
40,05
75,44
14,00
57,19
48,90
30,07
73,78
25,46
68,39
94,67
88,37
81,46
03,30
58,15
62,77
97,91
61,66
20,69
48,41
94,93
87,74
07,78
93,30
86,59
31,59
60,54
41,78
55,95
48,38
74,93
53,13
94,50
02,81
17,18
32,68
81,33
58,58
74,53
05,12
93,68
24,69
77,01
47,55
07,03
60,58
28,06
14,87
50,46
03,80
97,76
91,34
68,76
64,76
49,62
21,99
41,52
53,31
38,84
90,62
05,11
36,62
07,53
24,46
51,91
01,80
43,62
46,36
48,56
05,81
56,67
78,52
61,70
94,20
93,37
10,10
67,62
66,75
93,26
36,99
62,72
91,87
68,78
16,91
77,87
63,91
68,90
62,86
67,80
41,97
89,25
34,27
18,54
66,52
56,80
09,79
01,40
71,70
35,44
10,90
82,14
89,41
76,74
42,58
78,42
52,15
55,76
35,07
38,12
16,32
07,09
44,95
25,72
01,49
21,70
42,88
75,56
13,76
36,03
39,20
79,65
43,21
79,29
26,73
71,48
65,23
49,65
06,32
84,44
46,35
14,09
35,72
57,12
52,57
42,62
94,02
70,47
89,90
22,38
76,93
26,45
53,58
97,77
46,42
72,69
47,02
61,54
50,66
27,64
55,14
89,53
80,54
43,58
74,54
25,86
76,09
18,24
87,75
83,19
13,82
46,63
56,07
49,09
04,13
78,41
29,91
50,46
06,16
50,11
31,61
61,63
08,14
17,36
38,83
21,73
67,48
51,63
08,34
32,06
09,97
06,84
14,59
38,01
60,52
01,77
47,31
70,53
79,48
39,39
93,45
82,45
72,53
09,74
59,93
91,04
10,41
92,64
33,15
97,05
64,08
51,92
60,50
41,80
62,40
34,95
30,36
16,71
05,00
12,73
61,41
54,17
32,37
15,06
90,44
74,94
49,39
21,06
10,45
83,69
80,67
24,60
44,41
75,81
29,00
80,39
95,59
27,42
29,66
19,70
55,71
14,91
44,54
94,22
84,05
39,59
15,66
32,91
98,09
01,53
97,80
27,43
50,52
00,07
53,42
28,29
78,74
33,16
98,35
67,78
22,91
85,37
57,51
69,35
28,51
00,19
19,50
82,56
59,00
60,14
08,41
08,11
03,91
26,24
02,70
66,22
14,79
80,26
74,95
07,56
63,04
86,67
36,47
32,31
72,38
81,16
34,66
66,35
09,84
50,11
48,61
06,27
50,95
96,84
31,07
06,27
11,24
25,96
87,35
07,85
03,83
18,78
78,90
22,08
49,01
34,48
93,51
35,99
75,91
01,67
09,84
36,63
53,55
20,61
78,00
93,70
94,90
74,72
91,34
89,29
17,85
69,84
58,18
18,23
88,06
16,96
01,52
50,30
08,26
15,71
22,84
94,42
69,60
84,66
06,24
47,36
13,96
29,73
21,93
88,10
42,67
35,96
90,78
45,76
96,21
46,86
07,19
04,05
95,71
60,33
50,86
17,69
36,70
62,77
64,43
56,73
02,75
18,28
07,81
82,58
84,75
96,60
20,02
39,76
38,63
54,62
46,18
24,79
71,92
23,86
02,82
87,06
92,41
30,04
72,08
94,77
28,54
03,80
03,71
91,03
27,47
91,96
25,99
74,51
16,09
72,20
63,41
18,00
04,96
76,88
14,07
48,11
82,47
69,60
71,18
20,16
06,69
15,55
45,76
06,66
83,52
10,40
62,68
59,49
95,51
76,81
80,69
94,66
30,47
33,23
49,03
71,36
05,92
92,97
22,87
62,86
63,08
87,53
17,90
37,03
48,36
21,96
18,72
81,12
64,56
31,42
79,10
51,99
88,42
53,65
53,62
40,77
47,86
48,16
59,02
07,05
19,90
82,12
44,77
44,44
91,54
26,69
50,99
08,52
27,64
72,70
68,65
54,46
14,48
41,31
87,21
15,82
49,28
06,21
89,43
61,25
92,16
31,21
93,03
70,62
48,49
87,53
64,07
79,28
83,27
72,58
21,60
41,11
63,49
49,51
37,90
94,58
96,82
86,54
92,19
07,98
09,63
70,92
67,02
13,80
24,03
28,96
89,76
67,45
31,44
10,88
26,74
85,38
25,71
48,98
74,46
34,20
46,54
22,90
82,97
11,28
36,83
28,93
23,32
47,16
19,23
92,66
54,17
41,32
36,61
21,76
10,13
36,44
51,58
27,97
74,40
41,15
85,23
58,27
79,36
93,89
97,47
68,64
42,47
73,35
44,00
97,81
83,60
52,15
20,82
31,20
20,28
17,12
09,63
30,11
75,92
67,02
50,95
76,63
05,92
33,66
42,92
56,50
91,05
62,59
29,91
75,67
06,90
46,22
74,02
21,68
55,29
81,53
29,12
16,18
76,85
91,29
00,05
53,79
94,63
43,38
86,64
60,80
03,44
56,49
15,79
44,33
50,41
12,74
09,04
75,83
43,26
18,16
54,64
78,43
06,55
24,80
08,59
60,99
65,03
40,64
14,11
89,26
93,08
25,49
01,20
63,56
31,46
06,81
88,62
05,67
33,67
13,27
68,48
66,12
22,42
74,28
62,20
03,47
18,26
98,27
57,71
64,74
07,37
00,44
02,50
00,80
51,99
21,42
80,62
84,44
94,19
59,17
70,20
37,47
05,13
76,68
33,37
02,28
26,83
59,84
53,57
35,36
39,59
58,43
46,98
63,31
94,58
33,09
55,03
35,20
23,32
08,90
40,17
29,35
96,52
34,45
18,77
50,21
33,58
30,94
36,41
73,25
58,84
06,64
70,77
87,67
15,92
20,56
60,60
22,16
90,92
72,35
03,93
23,10
56,43
00,20
39,54
12,90
58,25
69,66
28,02
26,86
76,52
75,45
56,43
04,44
71,85
38,48
77,69
89,25
61,27
52,83
46,75
72,28
46,52
24,67
45,80
86,35
76,15
67,75
28,35
67,93
70,16
68,67
66,72
71,38
44,68
32,83
02,80
23,98
84,07
81,86
98,46
06,11
76,27
97,14
75,95
36,52
71,87
31,95
56,69
52,74
79,36
75,14
83,62
64,64
98,51
91,11
96,09
96,16
92,53
85,29
12,65
12,53
60,47
29,67
64,52
62,63
19,29
10,51
57,73
88,31
23,09
33,58
51,96
51,29
50,69
70,32
69,96
72,53
65,77
00,91
20,34
12,86
15,86
66,90
58,76
15,16
65,33
40,28
89,44
21,66
83,29
40,67
67,72
53,30
70,82
67,66
09,79
33,71
13,38
46,13
46,64
37,06
66,60
86,27
40,98
28,53
28,49
50,87
69,59
71,37
24,42
85,33
34,01
70,91
55,64
94,20
85,92
37,50
80,93
03,86
74,53
51,80
61,57
74,70
98,54
43,73
08,69
32,01
29,95
80,04
66,78
45,71
05,75
17,36
44,71
62,32
21,05
46,67
33,70
41,37
50,68
41,05
17,19
98,08
02,38
75,93
47,26
65,05
74,93
91,08
71,68
84,68
26,51
38,19
42,39
04,99
55,01
38,11
86,17
30,55
20,21
86,57
41,20
59,65
68,69
03,60
36,72
22,08
03,83
45,86
06,08
02,06
41,46
01,73
36,39
58,73
27,57
60,97
23,65
93,01
43,50
98,74
82,04
55,11
13,46
86,11
74,53
42,29
51,97
68,88
62,93
84,72
14,13
77,47
54,34
64,78
97,62
26,41
16,15
73,75
37,83
04,93
43,30
84,45
56,83
72,39
44,66
59,08
00,16
11,16
54,40
93,58
57,72
89,14
31,10
70,31
90,46
81,25
00,03
46,51
18,94
47,70
97,78
07,47
83,94
95,57
47,50
68,00
32,16
30,52
15,65
09,93
15,94
74,55
73,86
97,81
57,51
87,33
46,89
54,40
06,83
52,56
23,95
98,22
98,40
66,94
87,69
20,14
20,53
33,21
30,55
94,56
67,55
87,31
41,17
97,89
67,64
07,54
71,20
36,84
65,06
54,23
19,53
57,94
02,69
42,07
49,82
89,31
32,86
29,38
88,09
75,43
69,82
71,71
28,41
98,32
51,08
06,66
80,45
93,91
10,20
47,76
61,39
82,85
91,81
56,13
39,26
78,62
13,79
26,83
01,33
52,67
50,59
37,74
79,15
70,93
91,24
09,19
65,20
57,96
09,54
91,88
77,82
69,22
10,16
52,91
05,23
12,74
17,84
69,42
21,47
82,83
83,97
26,85
00,32
47,64
86,08
48,59
73,88
37,95
57,11
73,39
72,22
92,71
26,77
52,14
56,96
30,70
87,19
05,30
04,13
89,26
84,80
72,40
35,56
61,58
28,58
44,33
80,53
76,21
59,82
52,25
60,78
93,17
77,40
86,36
22,10
15,06
91,80
88,26
22,13
10,78
21,77
49,06
48,30
34,70
69,21
58,24
88,37
80,27
09,03
21,62
05,85
19,66
88,62
78,19
63,67
47,37
24,24
49,81
50,22
64,41
63,53
50,35
69,56
96,29
51,00
08,58
55,85
73,91
69,95
53,65
37,84
79,22
39,50
38,82
04,70
82,49
70,84
86,06
78,33
86,23
19,45
70,09
63,36
16,71
62,56
68,45
48,20
04,55
27,14
44,43
73,91
28,86
27,92
54,91
40,11
97,27
35,87
06,49
89,06
77,22
95,31
24,85
66,65
02,98
04,40
41,68
43,39
28,19
41,27
43,16
14,67
17,80
84,32
68,99
42,84
95,00
70,37
15,24
77,39
31,89
61,37
14,82
07,48
66,54
79,10
70,84
15,56
31,43
02,09
27,76
01,39
61,55
80,43
60,87
78,98
62,54
42,51
23,38
34,26
24,20
35,03
42,63
09,18
53,67
52,46
50,31
24,85
52,80
33,31
89,26
92,98
16,53
32,99
24,20
47,48
15,20
14,94
61,13
44,33
81,50
49,87
73,50
17,28
97,01
19,35
01,69
30,65
46,03
16,13
92,87
73,82
92,93
05,41
62,92
66,47
20,60
57,17
94,89
76,26
27,55
85,31
78,28
61,22
19,26
38,80
05,26
14,25
64,53
62,34
15,04
60,36
29,58
31,39
46,74
94,21
63,13
58,08
87,18
46,26
42,86
42,90
10,44
77,70
57,31
79,18
28,31
75,53
44,73
51,45
94,28
46,93
85,97
61,79
18,38
69,62
90,47
06,74
72,66
45,77
06,00
75,29
40,99
85,05
19,85
88,48
21,71
28,78
43,33
94,84
16,63
33,40
74,14
49,61
07,72
90,89
90,00
63,98
13,27
24,10
39,64
61,04
32,40
84,14
37,02
03,26
57,93
52,54
12,00
54,11
68,39
29,32
91,46
44,63
88,22
57,97
59,04
26,99
42,86
82,49
51,26
98,03
13,15
14,48
44,80
43,80
48,30
28,76
00,40
69,50
75,45
39,74
11,24
66,19
93,89
82,77
61,55
89,69
49,28
36,39
53,63
78,52
22,80
47,79
35,54
38,62
89,22
88,38
36,62
02,92
47,55
48,35
78,86
52,96
31,73
87,44
17,52
14,06
04,26
36,80
31,36
64,38
14,44
59,66
90,30
07,14
05,25
51,26
79,78
05,62
56,27
13,71
71,31
66,55
46,45
58,86
22,71
69,22
27,88
38,36
66,74
45,33
11,63
25,13
70,13
32,35
81,09
15,12
16,32
53,11
55,28
83,08
96,69
51,93
46,38
20,33
94,80
12,38
83,70
07,26
34,40
12,98
94,42
39,95
16,24
31,26
48,64
93,83
56,17
82,14
32,36
21,84
62,97
98,93
20,63
28,46
18,69
93,53
75,30
27,43
52,98
10,63
23,62
70,53
33,41
72,45
18,17
71,81
08,02
57,73
33,83
96,06
00,53
68,74
93,93
57,94
72,60
73,35
74,77
85,26
24,47
70,62
96,82
37,29
30,75
91,52
68,78
22,61
90,10
02,42
07,11
64,22
79,21
61,81
20,81
72,93
76,69
32,50
32,55
24,85
85,33
45,98
45,99
40,81
23,42
56,23
85,37
44,22
28,06
71,09
74,35
16,33
89,88
15,99
25,77
21,18
87,58
26,08
80,80
76,07
75,89
71,30
47,06
32,98
62,49
13,71
30,07
01,66
72,65
53,74
08,85
10,69
94,85
10,52
38,37
03,40
79,84
41,27
14,18
81,07
55,10
88,08
89,87
94,98
12,45
50,92
96,26
25,20
12,97
97,68
57,36
46,85
60,36
41,23
73,28
91,18
86,77
22,30
08,53
89,16
02,77
54,65
60,56
76,70
67,68
46,53
12,91
84,22
64,24
57,99
74,89
57,23
31,97
13,64
74,33
61,73
82,94
53,54
61,78
22,22
11,17
43,11
47,33
84,50
23,13
68,33
18,16
62,50
81,81
47,31
14,15
11,21
38,20
49,91
06,60
04,69
83,07
69,00
39,95
44,48
96,75
18,49
80,06
86,48
76,48
20,03
30,56
07,37
01,38
58,14
61,93
34,01
13,62
00,28
45,82
68,00
60,45
51,73
41,65
65,65
72,37
24,78
60,39
13,94
24,72
78,60
95,32
45,00
78,21
90,52
69,54
43,51
63,75
43,12
42,04
59,90
15,55
54,40
76,29
27,28
57,46
96,79
71,79
85,69
95,14
06,31
15,90
58,24
37,23
75,32
36,35
79,06
56,07
64,38
94,72
85,51
81,46
58,07
70,36
91,35
78,80
28,76
64,66
14,62
74,39
23,66
86,41
14,90
67,43
48,48
38,98
98,56
58,64
65,57
69,13
85,97
23,92
15,49
34,14
82,36
55,87
82,20
48,40
25,31
05,04
77,53
01,72
43,69
36,42
58,66
43,09
68,42
58,41
33,73
60,00
55,79
50,70
03,12
93,24
33,98
63,74
54,06
65,37
80,92
64,99
11,66
28,30
29,08
24,18
40,84
64,79
41,82
58,79
68,96
30,01
78,22
90,34
24,17
27,11
44,02
74,66
09,09
03,98
47,18
20,54
47,84
47,67
53,14
35,55
85,37
56,02
69,28
82,25
07,13
67,78
39,27
59,86
49,11
37,88
23,52
78,65
23,54
55,89
41,16
49,72
07,59
12,89
04,79
40,06
85,34
38,35
23,87
25,36
20,61
51,58
88,00
06,47
83,58
85,52
22,07
30,31
72,48
69,40
88,82
15,36
11,88
86,22
96,12
41,15
02,38
47,10
48,49
47,79
24,06
59,91
48,63
42,78
89,28
09,28
16,86
07,27
68,53
97,17
62,17
59,47
42,96
52,34
09,48
28,81
31,10
34,31
77,21
55,28
17,86
44,69
49,57
54,42
55,37
81,16
11,66
38,50
64,63
32,97
32,13
11,73
42,03
82,34
76,44
36,24
02,84
36,81
63,46
76,59
25,75
66,69
70,86
26,27
40,01
18,09
73,04
29,88
84,44
12,56
31,11
36,87
12,06
44,01
93,22
10,72
43,99
48,11
75,69
56,14
94,79
93,26
53,46
42,96
58,90
53,89
88,81
11,11
19,97
69,12
39,04
92,66
05,33
35,40
06,22
02,58
91,17
13,40
09,24
62,74
04,54
84,19
07,67
16,50
92,41
45,34
73,66
47,25
62,66
57,95
44,17
40,47
28,31
69,07
74,13
03,83
06,30
25,54
33,85
53,42
26,23
11,20
16,30
08,21
26,51
72,83
05,78
74,72
22,57
87,55
48,90
02,05
90,01
69,89
90,29
87,31
78,37
29,19
00,31
49,25
64,77
24,98
80,66
70,44
15,73
83,31
90,83
61,71
56,19
91,24
98,04
06,26
61,75
95,46
08,86
59,03
78,75
10,00
55,12
46,31
52,98
33,34
97,93
71,63
93,65
76,26
93,87
58,56
25,62
90,10
11,14
09,44
81,88
93,75
39,38
77,67
90,96
14,81
15,57
40,98
44,76
38,45
94,57
37,61
94,74
15,61
55,70
72,56
46,81
36,61
75,33
61,70
78,48
61,63
25,89
10,84
44,66
59,68
54,42
35,81
11,95
77,85
73,39
42,06
62,17
60,59
60,12
86,31
62,34
86,28
75,57
86,70
10,02
13,38
64,40
44,85
17,69
65,23
33,27
88,28
56,61
35,99
35,29
66,22
70,85
15,61
78,37
47,58
06,74
08,95
50,55
35,86
46,82
55,41
06,18
25,64
30,64
07,99
98,83
81,64
22,40
90,91
50,05
66,11
61,24
22,98
11,07
74,09
64,38
24,15
86,39
12,89
53,72
33,77
88,65
83,19
05,76
94,85
27,06
15,22
58,75
53,63
49,61
22,40
05,74
88,72
22,73
62,53
76,06
72,58
77,03
02,44
90,43
29,83
16,63
83,82
75,06
55,73
56,24
71,22
63,59
49,51
93,93
92,19
00,76
77,32
42,55
20,65
13,69
20,07
27,58
78,08
03,31
03,21
75,65
65,44
84,36
61,11
10,39
72,13
65,66
40,04
55,89
55,12
80,76
81,22
33,58
31,72
10,35
29,12
26,02
53,68
04,55
07,62
50,18
21,70
00,45
40,97
39,16
96,81
60,60
04,67
17,09
95,84
90,00
98,99
06,10
30,51
89,36
07,51
23,45
02,95
77,58
53,57
39,11
62,54
86,82
00,29
44,78
54,77
49,91
58,88
52,00
10,05
33,26
18,57
75,05
62,10
47,41
49,93
73,88
03,36
49,30
68,04
27,61
02,57
80,39
08,66
86,17
84,56
40,99
77,50
08,63
69,33
66,09
60,29
97,58
25,66
00,88
28,87
07,41
51,40
73,79
60,02
09,08
22,33
77,37
35,57
52,90
01,32
02,77
37,96
33,39
73,37
44,69
66,56
29,12
12,60
20,81
23,73
82,09
38,63
08,50
27,94
50,37
23,04
46,50
74,24
23,66
16,89
48,67
47,84
44,45
89,71
48,46
65,58
67,04
16,97
89,95
43,02
88,24
22,46
88,45
22,85
55,34
98,11
28,63
46,41
94,38
59,08
49,86
04,63
43,00
02,31
69,18
27,50
46,86
33,44
07,88
68,26
00,42
98,20
61,60
41,31
27,88
56,47
44,70
75,10
78,80
35,71
20,99
81,41
95,15
12,46
20,30
10,59
21,86
49,48
75,62
27,11
93,56
49,29
32,63
33,59
97,64
72,87
94,26
00,86
04,81
08,61
48,51
88,47
08,40
65,99
60,85
90,51
77,61
23,78
82,21
26,92
82,52
36,10
11,61
98,86
05,37
83,44
46,83
23,32
67,84
35,27
58,19
07,76
07,53
45,79
11,80
03,29
77,79
49,21
54,48
86,69
61,99
30,02
41,08
96,68
49,30
12,69
74,13
95,45
95,25
46,56
98,03
92,13
36,40
13,81
19,03
25,50
01,24
29,87
32,87
53,00
24,88
81,13
70,13
97,13
67,99
76,15
89,29
22,20
57,44
61,53
53,47
31,37
39,49
20,12
15,62
35,38
97,32
22,13
76,25
16,34
15,54
83,74
38,64
03,37
73,22
50,68
60,30
70,57
80,36
97,49
52,85
39,86
78,05
36,35
82,34
74,41
31,27
66,63
35,86
52,73
25,74
37,77
88,85
92,44
08,76
28,58
72,23
16,60
75,28
87,65
53,40
40,73
82,57
43,21
75,87
91,32
86,68
90,52
84,81
54,26
40,96
93,90
18,88
73,61
61,41
98,31
19,54
63,75
60,97
97,46
14,32
69,13
79,69
85,74
36,07
85,86
91,35
48,29
21,48
40,45
53,52
54,97
92,17
82,44
61,74
49,54
55,53
68,91
35,40
36,66
69,48
51,27
86,08
08,99
26,57
25,36
65,21
74,70
59,67
45,54
51,23
88,91
40,58
42,07
47,53
09,11
53,02
41,96
85,50
54,17
39,67
35,45
77,46
84,78
97,38
97,20
60,50
43,44
59,79
18,41
73,79
72,24
39,78
69,22
66,46
66,09
32,62
95,31
77,91
56,57
67,06
85,47
63,88
07,16
63,35
47,05
27,96
36,03
19,40
94,15
08,36
66,67
61,72
22,60
20,06
51,14
29,60
27,10
86,77
98,94
04,32
17,09
14,60
15,29
16,40
48,71
35,17
05,81
52,11
98,19
48,95
27,00
40,33
93,28
97,26
94,85
68,73
01,52
63,07
87,57
89,82
95,43
69,05
42,01
89,91
07,19
52,83
53,55
68,45
66,67
28,17
72,38
52,18
84,79
04,16
84,48
85,81
86,18
35,06
77,76
83,62
60,48
75,19
88,65
90,11
02,31
77,79
37,42
11,40
20,75
34,00
60,91
83,62
51,57
72,42
84,25
32,30
93,33
52,81
62,86
08,63
62,87
52,03
68,08
62,44
57,15
34,54
06,71
00,41
87,47
09,87
76,88
59,01
50,30
18,20
22,92
45,38
72,79
74,34
35,21
67,68
06,49
76,40
38,25
87,52
84,10
35,58
88,03
60,96
29,33
24,09
86,82
66,73
28,72
40,02
37,84
53,59
77,59
74,28
30,41
90,57
40,24
37,15
87,63
16,01
32,14
37,24
62,03
74,70
31,87
42,29
19,26
22,26
52,30
30,61
25,49
92,96
22,04
37,18
00,08
04,86
64,73
49,27
63,50
29,75
87,69
37,69
98,08
97,66
25,09
25,96
82,56
23,31
13,98
90,90
64,85
97,55
43,28
57,98
02,69
45,11
20,39
87,37
79,90
65,72
81,72
05,55
12,66
54,20
08,35
91,42
06,50
54,66
50,11
67,51
76,38
12,41
46,87
35,63
79,89
41,10
55,72
05,54
39,52
60,84
85,92
26,98
33,41
80,83
98,00
58,06
27,59
93,78
79,44
61,30
29,10
32,81
06,11
76,46
59,08
70,16
42,17
46,86
51,80
07,05
46,65
73,45
00,20
51,20
83,91
72,47
93,65
42,44
79,81
52,39
22,55
66,72
93,62
88,27
15,62
20,14
17,49
80,25
66,68
36,43
57,61
73,04
76,54
51,41
06,31
07,31
07,29
96,06
40,79
04,91
75,62
19,05
69,50
43,78
62,59
20,13
72,63
65,58
29,51
45,65
56,03
62,12
25,15
21,90
06,28
48,54
82,35
23,42
76,57
72,53
74,12
87,53
38,07
34,98
45,41
28,36
47,00
86,96
13,73
75,74
25,37
70,13
76,30
00,88
53,77
86,66
44,43
66,33
22,47
62,52
72,64
70,28
13,13
41,11
60,06
70,39
23,87
64,14
32,96
53,62
91,12
49,78
33,03
21,18
97,30
25,67
98,06
50,92
09,85
10,14
15,18
98,79
34,40
26,26
01,10
23,71
43,38
21,82
88,96
80,30
47,62
22,28
55,11
31,36
96,39
88,82
34,13
94,81
07,96
65,37
89,89
51,73
15,27
82,27
83,98
39,77
88,69
83,52
01,27
21,03
49,36
60,09
11,89
87,39
61,93
26,95
57,26
59,07
08,66
74,42
50,63
81,95
63,93
17,23
20,69
79,02
44,95
08,87
43,77
09,56
26,33
63,65
34,10
84,62
68,32
11,96
84,22
83,46
44,74
25,04
00,34
07,37
82,52
39,00
78,57
02,90
20,56
24,37
57,75
40,08
84,59
09,67
56,73
37,42
05,62
63,83
22,19
71,90
79,76
33,86
02,34
78,82
31,31
87,43
48,21
22,65
94,49
84,43
82,67
55,26
10,19
80,01
34,94
28,06
95,18
05,23
03,98
77,27
26,11
14,39
78,78
46,38
41,93
74,24
04,76
96,62
66,60
77,11
42,78
65,26
34,33
89,85
84,18
71,30
57,88
43,81
00,36
33,92
36,28
21,67
27,66
71,01
97,72
66,25
68,71
56,21
77,17
45,18
44,43
79,07
14,17
09,69
53,10
18,84
70,00
81,31
74,50
63,49
75,72
47,87
40,88
31,85
94,28
75,78
05,35
23,68
50,49
00,95
39,87
14,40
36,72
00,57
93,41
41,04
73,53
74,28
47,53
50,16
81,19
70,03
18,94
89,40
74,24
37,48
80,97
92,97
00,27
05,51
76,92
79,06
84,61
46,62
19,87
03,61
76,54
68,42
12,27
38,86
11,71
00,26
29,66
32,74
71,29
72,12
41,29
68,54
56,62
87,57
80,64
08,52
09,41
33,13
13,12
15,48
16,76
63,06
72,98
66,20
39,67
08,50
15,76
42,28
89,39
54,37
23,57
39,99
20,40
57,26
13,95
09,95
76,54
91,25
92,36
07,85
00,61
01,49
90,77
80,81
54,81
23,73
52,49
49,87
18,91
73,23
18,90
19,99
53,81
37,08
11,52
77,73
43,61
93,33
79,93
45,47
74,03
16,01
57,43
23,13
11,21
01,01
26,08
62,00
17,48
94,20
92,20
05,18
43,89
23,68
33,18
79,08
20,53
97,25
51,28
22,35
60,72
88,36
93,91
84,18
19,58
66,56
39,10
26,31
01,88
80,62
66,57
42,72
78,55
17,55
34,49
71,70
28,95
07,95
45,80
28,43
61,46
80,57
32,70
62,85
89,10
40,10
53,21
17,25
30,36
19,19
30,32
28,87
37,78
27,55
50,71
90,74
01,58
16,69
76,32
02,63
54,13
05,35
16,95
37,85
93,92
92,14
43,09
88,59
19,40
45,97
50,27
41,35
48,35
86,16
83,01
42,44
17,94
27,74
90,12
02,28
93,33
03,41
88,07
86,12
86,52
09,23
61,65
30,40
06,65
28,33
58,67
53,56
35,26
43,54
85,07
00,24
80,70
50,68
45,31
26,26
89,23
73,35
19,98
57,43
00,37
46,98
35,07
98,59
55,48
77,22
15,74
24,37
82,89
15,76
80,05
06,36
91,24
68,45
01,59
35,26
47,64
70,31
00,04
70,07
35,43
67,60
35,03
03,37
12,48
30,38
95,20
77,88
32,69
95,39
85,76
02,74
23,13
56,92
72,53
84,29
55,68
59,52
35,21
08,83
89,77
37,84
47,33
95,91
15,28
27,79
03,31
40,93
56,91
11,43
80,97
95,93
93,89
18,44
50,13
91,10
43,01
77,91
86,72
02,23
71,13
47,62
07,63
41,14
33,52
56,15
79,36
69,96
98,51
10,46
23,46
90,83
07,49
58,64
75,92
96,40
58,83
86,05
47,67
67,36
22,54
14,28
68,71
67,20
16,56
05,36
81,74
69,71
05,11
54,41
21,44
57,31
33,26
00,96
64,29
75,56
07,31
39,28
62,25
95,30
22,90
44,97
74,45
23,75
33,62
90,86
81,84
31,80
49,62
45,68
73,57
29,44
50,29
62,71
48,95
71,36
10,35
34,65
14,91
17,73
23,36
60,16
04,03
77,76
45,17
94,43
86,49
65,97
53,46
90,24
03,78
44,84
73,47
98,06
85,17
97,35
07,82
14,01
16,94
90,21
46,26
49,95
13,60
67,40
54,36
09,14
93,36
37,30
55,18
59,99
56,74
28,41
62,50
92,08
64,41
61,96
57,04
96,80
00,03
75,09
18,24
45,95
37,28
43,27
86,94
86,58
57,35
01,72
61,67
36,20
00,48
35,28
75,40
57,91
52,47
10,83
66,81
42,59
50,84
44,03
92,86
57,53
60,48
76,09
94,53
22,92
04,77
90,96
87,67
81,82
96,56
41,90
05,07
75,71
52,48
83,51
89,32
95,71
27,98
91,95
06,14
91,82
79,47
28,57
91,55
37,06
19,18
55,64
76,81
92,45
56,56
60,09
42,59
26,78
62,40
06,18
92,73
01,24
63,23
74,06
97,73
39,33
42,16
74,84
28,14
97,37
18,92
75,54
26,87
95,21
24,51
04,50
30,92
55,78
13,75
90,50
60,78
81,77
90,94
79,57
92,64
48,98
75,72
04,79
39,35
16,25
51,40
45,01
50,21
84,11
18,30
14,24
85,77
06,03
88,62
76,82
86,70
10,21
37,09
18,95
16,75
76,41
44,87
70,40
42,42
81,67
75,83
81,14
69,06
61,46
36,89
71,60
30,34
08,63
66,06
32,10
03,87
74,79
60,37
47,30
23,39
92,60
01,11
01,28
10,95
23,07
32,48
87,91
66,23
51,59
18,30
02,31
28,52
15,96
62,20
80,18
16,60
73,58
93,44
02,70
59,39
85,59
70,44
91,05
23,26
49,05
66,13
47,43
29,55
29,71
84,32
55,52
02,13
85,96
45,35
31,64
37,57
19,34
79,87
58,87
60,23
89,38
82,35
29,19
85,28
62,32
54,33
53,50
79,45
73,67
01,90
29,80
88,66
03,24
43,54
53,39
63,20
28,84
11,33
41,00
01,95
81,68
23,19
91,89
02,63
68,58
57,98
51,10
12,30
16,53
53,01
45,32
23,85
28,07
88,93
67,03
93,63
54,00
58,01
43,59
18,32
80,52
25,18
69,49
15,32
16,65
51,53
35,91
62,48
06,13
69,66
50,07
35,12
38,32
45,55
74,21
86,14
18,76
12,68
22,17
55,20
61,93
07,53
30,78
46,20
41,71
84,72
21,66
94,35
52,58
49,91
65,42
05,91
90,24
89,72
38,99
03,74
32,33
72,85
14,03
39,57
87,80
12,23
46,92
41,70
57,59
85,86
53,35
06,28
41,12
69,06
16,18
86,47
87,01
82,54
71,36
10,91
39,53
82,33
33,70
42,87
09,43
50,36
48,62
62,11
63,25
55,03
69,23
63,32
27,02
29,46
18,42
32,60
06,53
93,54
49,49
20,69
29,88
59,69
79,57
69,31
48,83
23,62
33,19
70,95
87,71
78,39
69,24
31,85
47,37
61,92
07,56
10,43
51,20
53,83
13,10
35,49
14,96
68,04
40,07
08,38
42,37
70,01
19,85
37,61
09,60
75,51
58,86
73,05
73,93
04,47
93,60
38,95
64,56
72,44
44,65
89,35
32,50
49,27
65,92
76,94
19,82
96,59
56,27
14,02
97,10
83,17
71,55
05,58
32,02
51,11
31,36
36,81
06,37
85,78
36,78
70,46
89,38
58,23
21,46
45,99
67,41
47,21
40,34
46,06
51,23
14,68
60,72
38,30
92,18
29,47
65,20
72,29
73,11
07,57
80,13
69,09
94,85
70,59
60,54
16,94
16,46
06,96
06,66
46,40
74,53
43,32
69,76
55,61
30,62
48,49
13,97
93,06
93,29
00,76
07,49
38,08
64,45
64,73
24,49
48,06
03,46
81,41
78,88
85,38
49,76
34,02
62,92
68,99
83,47
60,41
87,44
35,93
48,51
51,15
16,77
65,02
05,82
44,92
60,48
36,55
76,49
48,03
57,09
70,94
19,99
74,02
91,81
45,17
33,73
06,18
27,78
34,07
41,24
71,52
98,27
95,51
98,01
42,76
96,07
85,13
82,74
40,54
13,14
31,22
81,20
73,50
31,97
12,47
48,36
17,75
73,66
15,04
35,32
67,59
52,92
50,03
96,22
22,73
92,15
75,10
63,44
53,56
56,86
65,14
35,70
64,72
90,39
43,42
87,94
49,65
31,43
97,96
07,45
95,71
48,42
79,11
55,70
18,11
96,07
81,09
67,82
21,80
08,65
13,09
95,17
66,66
44,20
57,73
85,63
08,12
19,24
32,95
65,56
55,78
59,76
63,50
97,08
50,73
19,00
04,55
42,40
72,67
49,87
49,64
02,43
90,48
88,11
97,56
41,38
89,22
10,14
52,17
86,65
87,56
28,76
60,67
79,08
16,99
03,24
44,56
10,13
94,24
36,27
61,47
11,08
11,29
38,46
24,55
78,23
91,14
88,25
90,25
97,63
09,91
66,56
20,46
10,24
69,95
60,05
00,92
04,69
90,78
31,03
23,10
55,96
78,42
25,40
10,16
12,10
89,86
41,62
72,92
27,07
67,12
28,14
15,30
08,29
14,12
66,75
63,34
51,97
95,21
21,26
76,53
92,69
37,13
52,10
34,09
56,71
91,26
01,72
77,54
97,72
77,77
10,63
70,16
48,25
72,87
96,91
68,62
20,07
76,13
50,65
35,69
34,07
70,58
86,52
48,81
09,68
26,51
35,86
89,83
21,08
16,39
46,26
47,72
74,58
40,21
81,31
85,45
66,18
79,84
62,69
06,03
80,55
42,33
44,87
35,25
78,81
78,42
62,18
67,73
55,15
18,97
59,57
92,54
90,66
78,89
29,65
40,81
38,68
72,41
18,88
03,92
49,16
73,67
26,61
74,78
36,18
62,24
10,82
94,46
97,45
07,37
36,73
74,24
55,34
20,53
58,50
30,19
50,92
67,27
87,97
45,52
42,09
79,39
24,46
41,98
72,63
87,09
35,85
33,95
45,14
59,66
65,84
14,16
20,16
07,56
01,52
17,42
74,87
82,47
72,36
82,44
10,59
94,55
07,81
47,14
37,17
25,98
08,59
74,89
22,79
36,73
54,07
60,83
49,25
30,54
37,99
05,18
44,19
29,14
14,85
05,87
82,52
22,99
23,66
90,28
16,70
43,96
58,57
43,94
80,94
17,93
05,88
76,32
49,39
48,54
30,68
39,27
44,61
08,17
13,80
57,23
04,20
94,41
32,12
32,55
88,39
63,67
68,83
45,57
60,78
17,74
92,81
61,09
14,85
94,66
73,74
34,46
30,10
01,67
32,85
86,80
44,75
46,80
98,34
37,56
62,61
08,26
34,36
26,07
17,09
33,52
13,36
14,65
74,99
73,12
96,20
98,58
38,21
34,93
22,87
11,09
95,74
15,00
33,14
53,71
40,46
04,97
07,35
72,27
91,25
08,69
23,04
16,01
91,62
65,60
69,29
13,88
37,02
29,31
47,26
72,89
53,96
95,25
44,88
44,58
33,21
61,58
59,23
09,56
87,56
23,91
27,16
94,32
90,66
22,73
67,98
26,81
52,44
92,45
10,80
82,49
30,09
55,31
41,05
35,21
46,50
62,03
60,21
18,66
61,06
88,78
51,10
93,81
84,35
46,94
51,82
41,52
58,04
68,81
26,03
32,32
15,56
25,88
45,62
31,25
30,51
00,62
71,56
82,57
13,86
61,80
89,28
39,58
51,98
66,83
82,59
13,51
13,35
17,68
64,56
34,15
16,43
15,67
57,62
31,12
56,75
55,84
12,78
52,94
11,52
10,33
80,20
96,15
80,31
64,80
14,46
07,87
43,50
07,06
45,21
79,24
60,71
43,61
10,52
84,94
51,72
01,21
24,31
30,07
88,28
33,35
75,61
39,42
86,26
40,16
11,93
59,66
54,35
91,01
95,47
65,92
51,93
16,07
94,72
52,71
51,44
34,11
02,41
07,49
30,69
67,78
33,15
45,73
35,65
94,84
65,18
28,91
41,38
70,28
40,84
52,50
97,50
83,25
61,02
63,01
01,15
80,60
17,75
23,81
39,13
30,08
43,52
16,51
83,99
70,04
62,30
59,79
49,38
57,27
98,64
73,77
13,39
69,18
63,05
27,10
36,43
20,98
69,98
65,53
08,84
94,84
56,50
35,90
52,94
90,86
61,16
62,42
91,89
45,23
92,27
87,31
16,67
87,89
72,95
21,85
25,84
70,79
54,49
98,77
23,38
80,95
28,48
04,57
10,26
72,47
12,28
53,65
98,15
15,02
78,57
27,02
98,12
72,46
13,78
46,74
38,62
29,59
15,18
26,27
89,98
59,69
44,84
21,75
27,82
81,78
11,47
43,08
01,63
15,54
07,52
11,86
46,31
87,14
80,87
60,52
38,18
58,51
93,03
35,85
98,18
34,18
28,19
49,08
22,40
77,00
67,56
15,44
22,88
48,19
07,85
02,25
31,83
26,24
73,37
04,91
65,93
08,71
46,46
67,93
64,03
11,12
27,92
59,04
40,18
32,86
80,53
15,29
38,88
93,46
75,00
80,02
81,92
92,35
05,06
72,85
85,87
83,95
12,12
08,73
91,20
26,84
46,09
50,81
98,82
98,76
98,54
57,74
19,03
53,05
12,72
21,13
40,39
12,67
29,89
14,81
21,38
12,71
67,94
12,71
28,29
24,10
18,04
36,71
19,23
82,29
39,47
64,66
52,26
18,42
19,82
31,74
10,91
49,09
58,36
25,59
86,00
93,45
13,67
01,19
32,61
25,17
91,03
95,53
96,65
82,01
90,35
71,64
73,75
50,10
14,02
62,56
72,70
88,96
39,38
63,89
80,64
18,58
24,71
62,56
18,17
26,02
18,64
52,85
08,56
07,51
17,67
71,64
83,58
13,39
58,40
31,71
06,25
12,82
46,36
18,94
39,07
76,88
36,85
85,20
49,35
12,33
54,60
56,12
91,59
69,18
06,69
26,82
47,33
08,37
56,71
49,59
24,10
75,34
84,34
53,28
87,08
26,04
89,42
59,33
94,21
03,70
29,13
34,56
05,93
67,14
74,91
28,83
26,60
57,83
50,16
32,36
85,96
45,28
56,57
04,51
81,25
48,13
47,86
11,74
32,87
48,78
06,39
49,71
86,27
80,28
65,52
02,43
60,69
16,17
12,02
33,04
70,95
34,57
98,16
10,81
08,13
12,53
91,88
89,64
21,13
26,87
04,60
97,84
60,38
43,01
00,88
04,75
66,18
07,77
95,58
72,29
41,62
47,13
07,82
50,64
55,19
47,11
25,27
56,00
10,52
49,80
86,14
90,63
79,00
05,01
73,61
34,17
64,67
73,23
33,92
25,94
54,36
86,96
21,18
92,76
56,46
32,97
93,23
32,57
75,20
43,74
50,58
00,61
46,99
63,90
80,10
50,28
92,95
48,25
14,71
85,82
72,06
63,94
10,84
89,59
86,26
69,28
70,10
34,49
96,30
39,64
87,49
76,33
24,53
32,12
55,41
85,82
65,85
91,03
08,49
56,99
43,31
11,27
68,72
14,32
94,40
85,44
70,98
29,03
86,30
22,81
69,18
26,45
49,28
85,04
21,36
71,03
75,49
97,20
16,17
02,04
08,01
43,41
50,76
86,01
12,83
51,39
04,97
69,28
10,56
83,27
40,90
80,59
35,30
86,73
80,75
82,13
32,97
19,40
21,30
45,78
74,40
96,93
31,25
48,54
43,53
82,18
71,70
15,31
82,37
50,07
77,41
18,59
27,20
70,26
07,46
11,20
30,58
71,52
39,99
45,67
87,19
26,48
02,08
06,66
98,16
67,07
29,86
66,28
64,03
11,98
59,05
61,61
08,48
37,79
91,42
63,88
18,20
42,93
31,97
18,55
60,20
84,46
15,43
16,13
76,40
91,57
35,36
52,26
88,19
15,33
67,21
40,31
47,02
77,45
24,62
25,91
39,16
79,83
34,97
87,68
27,27
96,84
21,31
85,38
31,03
19,44
66,61
47,32
81,12
74,02
09,43
97,74
66,45
86,66
56,48
55,47
61,96
22,74
38,50
19,57
90,81
84,95
10,82
39,44
84,73
51,93
04,64
38,13
20,74
31,11
83,79
24,82
97,76
66,82
90,86
46,88
86,96
27,32
89,42
86,30
98,71
31,72
01,31
20,77
77,94
23,94
02,91
35,45
88,36
03,18
00,25
11,14
55,76
79,73
19,05
52,29
68,96
57,49
58,93
88,45
91,12
68,11
47,58
27,44
22,63
63,44
71,59
90,95
54,33
79,58
35,06
59,24
27,90
67,99
67,42
52,04
28,88
23,53
52,31
21,05
04,25
08,27
63,04
26,02
57,75
25,90
02,52
98,74
84,56
61,96
16,87
36,42
36,68
76,51
17,72
64,93
65,56
03,02
74,61
05,13
97,96
77,14
62,10
31,60
74,73
13,35
32,45
39,95
71,60
80,35
57,41
02,13
62,37
79,81
38,87
97,39
00,79
38,98
88,38
23,82
09,65
80,73
26,21
41,83
51,07
93,61
73,00
93,51
94,97
17,72
41,14
58,21
57,72
74,45
88,98
82,77
85,81
71,56
05,03
14,06
70,04
86,53
97,80
72,97
20,06
86,46
33,62
54,47
08,85
13,01
10,14
29,91
08,35
91,77
94,44
85,26
43,10
53,15
71,63
50,08
82,98
30,19
82,16
81,49
49,56
80,08
87,18
58,64
53,45
54,01
30,58
15,07
09,02
83,58
86,29
42,55
46,68
03,76
06,96
02,14
49,34
27,42
07,28
45,74
58,37
74,39
51,04
08,43
58,33
49,94
62,09
68,98
35,16
46,06
50,79
59,77
02,37
80,00
03,24
41,93
51,54
24,83
65,86
48,47
32,21
44,46
93,12
59,60
71,62
20,96
50,23
33,30
76,26
85,74
66,58
11,06
97,23
72,79
29,40
74,23
32,46
35,24
25,60
30,28
43,97
75,14
30,42
54,09
11,50
85,65
02,50
55,34
97,24
79,80
77,33
62,99
09,86
76,24
01,86
74,39
48,18
78,64
94,84
65,01
00,13
76,98
79,27
87,20
94,29
86,26
82,53
66,53
64,46
31,84
39,48
24,04
69,96
77,33
55,59
50,26
24,08
08,69
44,52
86,32
37,33
51,02
65,16
52,82
22,36
53,66
81,06
18,22
44,18
25,00
41,64
95,39
78,71
58,87
22,85
01,19
48,57
83,27
21,51
97,79
21,41
76,96
69,14
47,17
44,75
32,42
55,65
30,09
44,08
55,61
77,39
37,76
53,43
28,25
13,12
85,50
76,40
69,30
95,71
07,76
60,23
93,99
13,82
89,20
45,38
70,74
68,72
97,81
11,23
40,20
70,67
55,34
59,14
90,80
81,91
22,09
97,77
34,44
21,13
67,41
65,10
58,01
58,66
00,26
03,84
14,12
61,11
57,66
44,03
17,62
27,35
79,04
70,90
22,06
40,75
86,26
44,35
70,19
21,49
40,26
33,89
04,86
62,56
62,45
78,59
67,00
86,55
38,14
15,66
14,95
95,85
52,81
27,95
15,61
01,05
54,25
77,21
98,96
09,50
69,42
22,39
94,66
27,05
45,28
90,50
70,84
63,47
37,56
06,61
92,55
70,15
10,68
42,61
85,79
43,65
73,15
97,96
89,65
98,58
23,78
13,55
84,95
00,87
37,15
00,95
70,12
42,99
96,85
84,96
66,49
36,21
31,62
25,17
35,55
96,02
72,36
65,68
94,39
63,94
62,16
40,58
39,03
78,86
54,32
33,69
70,22
13,76
85,81
55,52
78,22
31,28
37,42
45,96
10,60
67,07
05,80
87,99
08,74
48,80
89,45
65,42
14,17
52,51
89,72
94,91
59,75
88,06
91,17
89,81
17,33
21,06
35,75
55,56
83,63
90,60
42,55
96,20
56,90
86,25
84,41
33,31
52,14
07,51
88,16
33,59
00,68
15,54
73,69
64,33
79,46
25,70
33,09
21,72
08,41
73,61
82,51
43,96
59,01
33,73
26,61
48,00
40,65
89,41
95,13
03,91
15,86
63,50
56,57
63,24
24,59
79,02
04,67
10,43
24,17
03,24
80,14
15,72
33,78
39,75
11,97
27,16
49,14
70,51
67,48
80,46
61,38
20,00
15,56
12,23
97,14
93,24
51,36
78,99
80,29
10,80
78,25
48,98
93,12
27,96
03,86
79,01
19,31
21,15
21,80
37,22
17,53
10,85
78,75
30,44
02,28
31,40
86,63
80,90
68,28
44,17
00,95
81,08
33,73
38,47
64,40
59,68
43,47
39,14
72,46
71,74
22,48
35,50
78,14
64,79
36,91
70,48
51,46
02,51
69,41
90,37
71,13
38,10
08,74
29,17
07,48
19,63
79,04
19,09
40,64
47,29
75,60
62,92
52,97
81,05
56,91
55,99
08,45
80,60
23,11
50,73
34,56
77,72
03,83
86,26
31,51
51,47
33,72
45,32
93,87
24,14
26,27
80,26
86,35
35,19
93,24
78,25
62,62
55,66
19,85
37,67
81,05
91,15
19,30
24,32
37,50
93,76
89,41
51,25
75,73
39,54
00,91
48,24
49,94
55,07
23,13
36,07
25,15
80,45
77,75
03,76
37,81
19,93
23,90
80,22
64,67
00,69
81,74
40,95
63,69
97,86
74,66
22,39
09,66
83,99
04,14
48,95
56,16
49,16
91,53
54,01
30,29
34,14
83,23
41,69
58,36
33,37
72,95
10,68
33,03
66,37
31,28
54,31
12,71
19,59
72,12
91,12
57,53
31,01
12,36
24,19
16,53
70,74
42,51
24,79
61,60
81,26
67,25
55,93
27,97
76,15
27,14
70,13
66,40
85,54
52,41
09,66
06,50
06,27
97,99
22,84
74,21
58,77
06,88
49,49
11,88
06,29
70,66
61,78
87,25
50,61
93,46
52,00
08,27
65,93
34,26
57,36
85,50
32,45
77,63
56,10
36,03
17,78
88,01
31,44
44,49
52,68
15,01
00,60
52,34
46,83
77,12
27,33
98,44
63,54
81,34
89,46
53,52
38,15
45,87
49,18
88,31
35,66
77,30
80,33
27,95
73,92
72,01
61,85
35,58
10,90
56,50
74,02
05,84
60,10
51,97
67,28
38,85
66,28
84,79
61,08
02,11
51,58
31,25
00,71
94,57
87,10
34,33
60,38
69,44
97,56
16,26
07,36
71,41
64,36
44,32
36,56
09,98
37,50
10,35
01,51
92,34
72,31
27,34
94,72
02,38
98,82
51,77
08,85
19,06
96,58
90,44
89,64
59,15
04,38
55,88
45,83
25,62
07,29
02,81
88,51
16,52
64,19
80,78
96,18
15,31
95,11
24,36
81,85
01,24
28,99
76,30
76,87
16,08
39,11
88,66
35,16
56,97
21,76
81,80
07,26
51,19
40,83
01,12
12,52
13,38
67,02
81,45
26,11
85,74
63,10
71,24
29,06
12,93
09,75
36,83
24,72
80,37
66,35
38,42
07,10
56,01
56,23
47,99
75,47
10,16
02,47
16,58
37,45
18,87
15,93
24,41
87,37
28,72
33,58
79,62
83,02
39,61
01,52
54,42
16,51
90,77
82,11
84,48
68,78
04,12
22,55
13,01
03,50
54,86
21,19
66,35
39,81
56,66
91,22
42,15
33,16
25,01
57,14
80,12
93,85
25,65
08,47
97,10
23,35
22,24
88,59
70,40
17,71
35,60
03,27
44,09
86,35
81,64
19,62
79,48
66,37
47,50
56,74
37,66
38,42
14,08
58,78
39,15
91,59
54,02
24,66
39,31
29,32
76,85
60,98
00,26
92,48
08,22
23,32
37,37
31,00
59,93
62,67
95,31
38,32
73,80
73,81
77,21
07,77
61,51
27,63
48,68
06,52
27,97
04,36
28,13
41,47
14,10
13,41
54,15
20,46
38,54
41,12
27,74
06,67
96,24
13,28
12,72
85,82
12,73
67,57
94,41
98,85
31,67
40,09
89,08
57,42
85,90
12,48
96,24
77,99
54,63
53,49
25,22
82,78
91,10
89,12
02,79
65,16
08,38
49,43
20,79
16,90
33,24
29,02
73,18
11,97
98,29
61,84
74,51
88,92
52,18
42,65
65,45
36,96
14,07
48,90
51,57
76,84
67,14
26,72
41,54
85,38
90,98
57,37
93,83
13,21
12,12
96,89
20,80
66,74
86,07
92,82
24,32
24,62
13,31
05,34
17,25
65,34
80,68
39,72
85,26
01,41
81,71
76,24
39,97
45,50
26,08
98,87
27,72
16,82
08,30
80,16
57,10
82,13
17,65
56,41
30,53
63,67
74,63
17,03
47,62
93,13
42,05
79,58
21,09
77,13
48,58
70,07
91,72
54,47
45,43
16,87
34,25
49,17
97,74
86,86
79,49
21,06
07,48
46,25
13,34
64,94
50,52
57,47
28,17
92,86
27,94
94,66
56,05
16,97
93,07
15,38
43,29
94,62
60,79
30,84
53,70
65,01
74,63
88,47
72,43
49,43
45,37
84,37
73,18
62,89
63,80
66,35
21,32
75,75
20,07
77,29
83,53
59,80
70,80
52,96
34,59
45,79
27,28
39,76
29,98
47,70
43,96
36,05
75,45
60,35
38,89
53,77
94,86
22,95
84,74
90,97
41,99
48,37
57,43
64,55
19,78
68,23
59,13
89,97
98,88
91,01
77,58
28,45
51,01
87,39
84,35
89,88
36,88
25,82
13,83
97,41
55,74
37,85
28,85
21,92
61,12
79,44
21,40
70,13
14,99
45,57
49,49
04,93
88,24
44,86
78,59
37,73
74,08
09,84
56,04
54,32
02,88
88,16
00,37
18,41
40,00
13,33
77,52
62,57
82,01
57,24
87,87
63,48
21,23
06,15
64,08
60,97
28,17
31,00
68,88
64,71
69,59
29,93
59,25
05,10
27,48
21,07
48,69
02,85
74,43
94,06
18,98
33,99
46,20
29,78
86,91
15,83
95,05
29,70
63,69
00,21
39,08
10,28
89,91
86,02
55,23
67,19
93,18
62,25
05,64
90,83
50,21
61,41
25,36
36,84
95,26
