96,79
43,40
64,59
94,92
57,72
65,36
67,44
28,41
68,95
76,55
41,72
27,92
25,82
12,46
38,80
64,74
58,52
52,56
27,36
55,60
65,88
18,61
19,27
24,18
50,70
37,74
74,81
54,19
25,10
93,03
82,90
23,61
20,90
63,79
15,14
09,02
10,10
98,07
04,92
33,38
75,73
96,83
65,96
23,32
04,20
87,57
51,49
18,34
41,00
30,42
83,07
02,32
72,18
10,27
45,98
88,49
90,64
24,62
94,15
33,81
85,29
04,02
56,30
09,85
74,60
53,01
26,90
36,36
03,51
55,79
33,85
24,89
80,27
19,30
33,18
42,95
93,48
05,70
16,39
07,01
34,08
47,96
63,96
37,59
89,49
06,76
56,60
36,72
36,07
82,88
47,32
69,35
91,46
91,77
53,31
67,39
75,76
32,18
66,68
06,65
78,79
97,77
82,71
35,97
79,62
38,48
60,07
02,97
91,63
34,94
69,80
16,89
76,92
83,35
71,08
96,19
86,74
21,74
41,17
42,05
97,69
39,86
27,77
62,16
84,17
21,85
46,67
26,72
35,24
25,15
30,80
73,44
57,41
39,13
50,56
67,56
27,35
38,77
77,42
66,09
34,55
65,58
18,35
18,26
54,04
75,04
54,16
98,01
11,93
92,15
54,36
44,55
48,69
41,61
63,33
47,27
97,98
21,84
73,54
24,26
61,80
29,18
84,69
92,39
43,49
42,36
01,31
39,06
41,63
16,85
76,93
75,48
11,34
60,38
34,45
70,87
08,61
03,75
64,69
31,72
09,53
91,14
26,05
11,07
39,24
96,74
78,45
35,68
88,03
56,95
52,32
26,06
93,81
10,43
37,33
14,27
59,65
46,68
85,69
60,71
44,20
33,85
85,78
03,46
04,27
34,56
89,41
57,90
84,58
98,36
38,67
63,13
68,71
60,74
91,74
22,00
49,80
40,86
79,14
79,41
79,40
20,33
20,24
69,16
51,75
23,16
27,34
05,69
04,58
14,03
91,96
37,69
18,01
93,19
66,97
28,98
50,54
60,52
05,40
38,81
97,51
76,48
00,09
74,30
92,22
74,28
56,57
85,76
62,14
20,89
65,66
64,36
44,28
47,26
98,57
32,82
15,40
56,65
45,91
00,65
31,29
01,91
11,39
90,94
91,58
43,29
42,40
45,77
32,77
00,36
27,09
32,86
21,15
92,77
91,21
19,45
89,12
24,55
72,28
76,96
57,10
14,05
68,96
22,82
01,79
61,94
86,73
28,36
29,80
05,95
78,40
68,75
59,22
62,93
34,54
12,77
54,22
98,90
42,64
86,27
88,24
55,06
32,07
25,37
03,75
29,03
33,59
08,57
95,16
30,77
51,70
95,46
37,15
64,69
13,93
74,83
43,63
42,15
71,03
21,85
34,99
63,33
72,73
16,20
04,01
70,06
77,15
34,22
83,85
01,29
81,57
77,39
52,92
51,53
53,03
97,76
13,23
96,01
98,80
19,79
19,03
78,23
98,20
58,00
73,62
50,72
03,26
97,24
87,44
11,61
68,27
75,53
18,42
45,44
31,52
01,59
32,09
61,76
23,97
33,13
14,74
84,11
56,67
16,85
19,15
41,29
32,68
87,37
01,94
74,05
25,00
32,53
08,24
78,72
68,74
07,72
81,76
68,95
32,21
11,49
50,91
57,04
89,98
19,95
93,25
32,33
30,00
87,39
47,98
17,70
96,15
54,01
15,82
87,08
70,08
75,47
27,19
33,02
98,39
63,94
96,28
63,33
37,13
86,36
47,79
54,70
52,75
52,41
16,51
53,07
25,04
96,23
50,69
73,09
33,47
41,88
07,21
41,13
60,61
14,19
97,31
55,37
55,52
60,63
06,90
73,31
81,47
31,03
78,46
46,74
69,62
38,94
19,04
71,01
10,98
67,64
78,68
51,25
83,72
30,41
93,03
10,44
94,20
37,56
31,95
26,92
92,66
09,99
62,42
21,48
01,39
88,70
02,68
57,35
17,59
10,35
89,55
84,53
80,56
14,02
74,49
93,83
79,12
95,58
21,48
19,03
47,89
15,89
42,00
72,71
73,55
92,37
41,95
85,60
32,27
83,20
16,79
49,55
05,59
13,23
79,77
73,78
05,16
17,52
14,21
16,35
02,19
52,25
12,76
18,91
86,48
90,05
77,74
82,74
30,78
48,60
58,19
73,73
84,33
58,92
46,94
44,13
68,68
20,75
72,44
54,54
16,68
43,20
80,35
57,02
09,69
33,01
71,16
98,10
22,32
42,64
98,80
09,05
04,06
56,94
49,29
28,75
72,82
65,02
03,00
46,53
72,36
19,80
75,65
10,12
21,11
75,70
68,42
94,43
35,93
58,99
77,94
31,70
52,16
97,58
54,70
89,18
39,88
36,10
45,49
61,94
41,59
22,69
46,25
95,60
88,01
62,19
15,91
51,85
16,46
08,13
26,74
98,04
03,88
48,34
28,58
86,03
75,41
77,01
65,54
72,35
69,09
82,50
54,74
13,77
31,89
44,60
49,41
79,37
40,32
92,29
37,35
94,65
58,32
23,92
95,02
45,97
13,89
50,25
01,22
60,65
70,17
07,49
31,02
13,92
96,78
22,75
20,05
59,88
68,54
16,79
25,78
77,09
26,29
81,41
50,18
42,19
21,53
58,85
06,98
44,75
03,97
21,80
61,46
12,63
67,64
45,01
97,82
80,97
74,39
46,97
29,35
39,17
66,89
49,62
62,28
31,36
56,84
33,74
70,28
15,29
25,43
24,29
33,88
23,75
83,10
73,98
36,78
93,43
72,84
88,06
74,92
04,40
36,86
57,46
91,95
57,31
82,36
63,51
97,89
54,04
76,45
47,62
45,35
83,58
38,82
22,60
22,81
85,58
90,88
58,69
09,25
22,42
06,93
66,94
68,61
25,51
23,40
44,90
08,90
92,99
62,17
66,66
12,62
21,23
51,17
46,56
66,26
73,83
76,61
08,11
39,07
43,82
30,51
66,51
24,33
32,65
68,27
41,03
80,03
62,05
18,11
67,01
87,06
22,03
65,79
33,97
22,11
08,55
39,97
07,20
05,37
53,20
48,65
55,11
09,01
70,53
76,97
63,59
12,88
01,55
53,21
52,69
94,64
80,45
72,52
13,32
06,37
13,87
64,19
03,74
11,45
73,50
89,37
51,10
24,97
31,34
29,43
42,81
41,14
44,73
74,82
88,98
57,69
37,68
63,15
07,94
39,87
32,38
04,83
57,58
05,82
92,18
36,81
44,01
30,81
94,62
14,62
89,22
57,17
24,36
58,51
67,19
59,43
68,63
49,00
82,16
71,27
77,57
00,46
77,19
01,96
16,00
75,35
50,92
64,11
51,68
20,95
61,59
42,01
05,75
46,03
19,29
44,82
63,77
91,78
43,24
80,08
89,34
09,64
19,69
55,45
31,48
32,23
54,67
28,67
59,63
03,52
93,76
02,88
57,30
89,93
46,04
00,08
95,60
77,16
16,46
84,37
56,05
55,20
54,96
13,09
53,36
29,67
74,13
59,29
61,46
67,85
01,22
57,28
39,55
52,37
94,12
00,11
98,27
63,22
78,27
91,46
77,39
28,05
86,04
32,66
16,54
76,32
65,10
72,60
65,97
14,68
38,79
65,24
06,05
83,15
64,74
37,28
70,26
11,45
05,79
36,06
58,86
63,47
52,44
84,39
14,34
00,46
52,18
45,12
38,56
03,81
96,54
33,68
52,51
94,47
57,85
58,52
59,57
79,35
70,32
44,50
47,40
51,49
88,57
85,81
13,79
90,03
74,45
38,61
73,27
16,16
91,68
72,83
76,31
22,98
41,83
53,07
27,08
16,22
73,89
64,18
86,86
74,09
90,94
10,54
18,02
24,35
62,44
26,24
84,52
70,45
49,97
92,47
63,50
44,48
66,41
33,49
40,61
41,83
64,28
54,08
20,01
03,06
82,05
60,38
27,79
51,48
66,23
02,99
09,18
43,05
12,50
32,11
09,03
94,04
69,04
40,06
39,87
60,61
90,06
20,09
38,69
02,05
04,50
46,68
27,35
22,64
38,06
96,80
09,99
20,67
26,66
36,56
48,82
53,83
84,94
82,52
87,70
61,47
50,64
29,90
06,61
98,71
38,02
35,02
19,67
27,25
92,44
16,35
73,16
77,92
74,20
81,12
00,65
60,55
30,24
04,13
49,44
96,73
98,43
94,89
44,41
88,06
06,55
78,37
50,33
90,43
89,83
48,84
92,23
38,21
42,25
20,39
05,27
98,27
18,67
08,18
41,23
54,61
32,48
44,55
41,16
05,90
21,65
50,30
89,03
53,13
31,69
75,91
77,32
96,57
62,27
19,85
33,79
73,83
67,51
65,69
55,85
13,61
11,01
45,14
54,62
32,91
34,19
05,50
77,98
97,85
15,86
92,72
76,95
78,56
43,65
08,66
38,02
79,01
68,29
30,33
00,17
07,23
52,70
60,09
55,03
25,19
70,66
09,68
20,82
82,79
84,54
50,67
56,49
64,21
52,81
15,67
12,11
81,55
11,99
43,99
61,31
68,11
12,14
26,98
14,46
44,16
71,85
54,93
61,24
22,22
64,59
80,23
55,38
02,81
38,33
30,39
08,31
42,69
34,24
49,10
16,94
36,23
56,63
54,27
44,98
21,21
10,43
64,06
95,63
49,58
24,90
31,44
49,14
88,46
59,72
47,69
48,20
86,98
80,23
11,20
65,95
43,46
76,91
33,69
95,07
29,37
17,48
58,67
55,48
78,79
91,14
91,08
41,14
30,11
48,06
91,93
82,34
08,49
80,67
86,07
30,26
95,26
83,83
29,00
19,90
71,04
57,87
33,87
37,58
12,59
02,97
18,84
43,88
68,73
22,58
35,17
80,55
65,72
13,30
61,04
47,13
64,23
00,78
05,10
84,44
24,97
55,49
25,90
92,18
39,41
14,29
21,04
46,45
68,81
84,16
22,99
82,71
04,48
49,98
61,47
77,81
87,94
20,66
01,51
28,08
91,06
22,60
11,68
27,63
85,47
77,24
64,84
22,57
87,89
47,25
45,18
00,19
55,67
97,76
36,36
75,86
81,10
75,19
29,11
33,95
25,29
50,18
06,20
55,09
24,33
50,43
91,78
06,63
75,41
68,54
49,65
23,43
49,16
86,24
60,44
63,96
87,30
51,01
05,33
96,96
83,58
86,60
55,67
13,08
69,82
33,46
28,33
55,34
44,47
44,33
00,14
07,56
69,26
08,41
83,94
55,58
13,35
94,18
80,60
24,62
73,64
62,39
37,74
60,86
27,86
18,29
69,19
16,08
50,98
46,18
42,08
76,27
36,71
04,78
87,77
64,90
87,99
96,26
53,24
40,78
96,02
30,34
77,51
03,53
26,14
83,54
10,84
31,99
18,42
14,10
13,08
53,41
96,10
50,25
58,27
78,36
87,24
44,12
54,28
11,26
17,12
57,53
09,18
86,93
17,61
02,38
50,79
76,06
91,64
68,94
62,34
22,92
04,40
18,01
18,50
00,80
29,35
25,23
39,45
07,49
98,34
35,09
62,45
09,53
70,42
91,88
88,52
24,68
17,57
73,43
28,48
15,12
92,67
96,20
78,18
42,28
41,63
13,08
81,20
33,89
34,83
66,24
80,81
89,17
95,68
35,37
64,55
64,98
43,20
46,60
11,48
54,39
97,26
06,93
80,36
04,07
60,46
63,89
78,03
86,87
09,96
77,83
91,64
86,89
85,21
50,59
59,74
24,73
53,03
37,88
45,38
06,60
78,65
55,42
10,60
69,50
55,39
48,65
54,20
21,99
04,53
04,46
57,91
94,67
36,91
47,84
03,06
72,09
18,12
83,74
60,83
51,47
64,83
97,09
50,94
65,56
52,93
66,95
17,11
98,68
32,53
09,08
57,18
83,09
58,47
94,55
52,09
98,02
32,32
79,90
45,85
47,56
88,08
89,35
36,79
22,32
38,61
24,88
84,32
25,71
54,92
67,40
94,49
76,51
18,98
72,16
56,07
72,68
87,43
63,78
13,27
49,21
30,73
74,99
30,18
40,48
64,82
01,61
61,45
11,38
84,06
52,46
74,14
93,45
06,66
55,26
84,78
48,36
72,00
49,00
64,02
25,09
45,36
04,79
25,80
03,27
92,61
00,01
70,97
49,92
22,17
62,95
80,88
36,49
28,16
18,43
46,68
26,34
59,14
38,27
21,74
58,85
43,30
57,04
30,25
31,35
18,99
58,16
05,46
80,67
25,48
04,90
44,62
84,97
46,92
62,00
73,32
78,74
74,91
14,11
63,53
14,45
56,79
50,58
18,97
86,96
18,15
85,90
58,56
77,71
09,19
34,49
43,81
53,19
02,87
48,70
61,81
19,66
81,36
34,23
68,40
19,48
98,46
95,65
06,26
02,16
51,95
15,18
48,58
19,86
19,53
93,74
21,82
41,98
20,10
60,67
06,36
05,27
15,45
59,59
08,73
60,92
49,29
22,81
94,88
31,28
33,51
63,45
07,65
03,87
14,03
92,89
50,97
77,75
30,36
25,99
39,69
00,61
61,21
95,28
87,10
82,52
73,71
95,03
94,25
76,62
43,82
85,47
51,85
03,93
89,56
37,11
76,43
32,06
71,23
06,44
48,96
48,47
25,45
63,72
45,22
33,83
88,33
43,50
86,88
37,15
37,31
91,50
09,91
15,36
83,21
75,46
18,16
76,31
35,22
04,72
61,41
62,43
73,13
10,63
63,14
70,73
26,88
47,92
56,28
28,24
32,99
49,05
58,95
96,67
49,65
06,46
75,86
11,67
54,58
35,94
54,51
13,92
90,65
15,35
36,59
90,14
59,26
66,28
46,22
86,95
23,01
20,71
20,59
00,77
94,89
70,03
39,53
53,96
07,49
90,59
49,02
81,67
94,18
92,33
62,47
47,26
50,92
35,09
25,70
58,51
75,70
37,80
78,93
61,36
12,14
86,99
09,19
07,79
11,31
48,68
71,24
35,61
83,65
63,35
06,21
32,40
93,68
38,48
91,34
69,28
19,83
95,76
88,06
60,36
83,24
95,36
05,54
14,67
60,61
03,14
72,42
14,92
02,62
29,41
68,75
94,18
88,95
48,43
17,88
34,39
16,53
25,61
23,65
54,81
20,45
04,46
30,85
49,26
32,55
33,02
88,11
40,45
92,00
12,85
87,74
28,67
78,38
00,59
90,94
51,72
38,26
12,66
05,71
55,13
60,39
25,58
69,67
35,51
30,42
84,37
17,18
05,15
08,61
00,51
26,08
97,24
39,45
20,13
52,08
24,11
56,54
52,12
24,51
56,70
52,89
20,54
14,38
38,59
23,31
21,75
61,27
67,81
34,80
86,41
97,46
39,00
74,09
23,13
48,76
87,72
28,46
55,03
09,40
19,08
98,86
79,50
84,86
64,18
34,03
77,22
63,11
67,81
27,92
34,50
15,03
61,92
11,04
69,01
82,03
44,74
60,63
65,33
90,92
68,69
83,64
62,71
16,75
76,68
06,44
72,11
00,53
38,00
60,87
40,77
54,73
69,35
31,01
04,29
04,30
57,78
82,33
38,69
10,07
16,44
76,21
41,77
16,42
63,63
66,24
40,87
82,03
42,14
98,11
67,95
19,59
25,14
17,48
10,14
46,55
29,12
25,21
74,81
77,77
73,58
11,25
20,41
09,18
94,47
46,81
95,92
18,61
64,03
78,44
90,61
31,13
33,11
83,96
69,87
69,87
69,60
45,84
35,93
24,23
30,74
92,54
61,41
95,74
63,30
02,79
72,96
48,18
23,24
01,34
05,53
54,06
37,87
11,78
69,35
79,24
54,13
93,31
45,16
62,75
56,50
81,32
05,95
27,32
46,53
88,24
83,09
72,93
49,28
57,95
86,62
11,08
04,65
61,51
64,49
61,64
85,78
10,15
44,23
34,53
01,88
21,85
56,07
98,09
97,19
18,66
87,39
15,25
29,91
44,98
04,70
57,83
25,83
94,44
17,11
50,13
06,38
13,89
73,03
71,22
19,02
79,20
96,28
37,36
65,24
20,83
98,55
45,32
11,56
02,29
52,75
75,03
90,57
36,42
14,00
87,76
46,36
06,37
46,34
12,57
53,61
49,52
23,13
23,39
33,95
68,21
30,18
20,86
64,35
25,57
43,22
79,84
52,93
62,39
00,05
12,73
63,81
45,71
29,80
91,11
40,54
47,84
86,70
27,36
97,88
23,85
51,61
37,91
24,98
87,64
64,40
53,49
59,44
07,40
97,57
16,41
95,10
26,16
52,05
68,67
87,01
13,47
18,44
28,55
21,61
68,84
49,66
07,02
61,19
59,74
30,42
12,06
51,97
63,95
37,06
85,90
30,74
84,13
54,74
57,96
70,50
64,14
10,18
65,84
58,90
66,22
53,18
95,05
81,55
17,84
48,09
02,48
84,34
93,87
78,94
28,71
48,56
29,50
33,86
25,20
19,95
44,55
74,32
59,04
17,50
78,50
62,79
67,96
40,31
60,39
65,23
37,15
91,99
91,05
22,63
07,46
43,41
50,80
41,29
10,13
50,06
96,48
22,78
94,49
69,11
45,38
23,22
70,99
01,32
25,79
08,66
05,21
16,47
76,32
51,75
30,64
43,09
22,18
89,68
11,75
95,73
76,45
55,19
47,64
66,73
79,19
65,57
74,29
10,72
06,93
72,37
10,36
98,18
24,44
25,93
07,58
39,95
56,93
45,72
44,74
96,45
01,19
62,30
38,48
81,65
89,89
07,58
90,73
39,59
40,29
27,07
07,06
78,55
10,30
22,98
79,31
63,46
13,06
02,07
42,29
16,04
77,03
68,73
88,41
47,18
92,34
84,75
24,34
88,15
15,57
53,21
79,22
44,16
91,66
05,97
21,19
66,49
63,79
08,38
26,89
12,13
37,27
09,22
50,78
00,97
81,18
15,02
96,29
92,47
95,57
89,57
20,10
49,94
04,41
40,92
43,54
40,80
82,01
61,60
23,97
34,28
06,94
94,85
18,55
98,77
89,66
79,28
23,29
27,31
31,90
34,27
18,52
77,22
37,99
67,51
26,05
50,76
75,45
73,22
19,31
79,38
26,47
14,67
38,44
40,02
48,36
90,98
64,22
79,78
36,12
31,57
67,83
79,49
48,56
25,13
10,33
54,85
22,05
96,49
88,29
41,80
20,91
93,41
43,65
09,60
78,79
25,28
03,27
66,98
82,30
09,29
29,73
61,71
87,64
31,76
60,27
75,25
43,01
44,30
48,26
76,02
62,62
90,71
19,77
95,64
45,85
82,48
30,11
50,16
59,72
03,46
57,81
49,75
12,49
64,38
03,66
01,85
24,28
11,57
70,79
30,45
66,04
94,72
07,35
14,15
75,03
47,35
15,65
61,14
64,84
96,41
36,90
30,65
64,93
90,13
82,27
29,06
69,84
07,63
24,59
07,36
55,88
63,39
14,80
15,64
29,27
58,23
70,57
62,81
02,89
09,48
91,40
83,94
57,33
92,53
81,97
94,64
37,40
16,22
59,45
92,66
36,05
98,32
79,48
38,70
90,81
87,71
70,22
32,17
65,74
67,76
79,51
90,36
00,20
77,31
58,61
16,82
47,55
13,28
69,18
34,59
75,13
23,34
77,50
82,13
71,99
95,77
21,72
24,14
49,82
65,18
61,70
59,83
45,62
54,80
23,99
21,63
13,04
32,70
95,53
25,85
81,17
26,37
18,38
96,55
02,68
15,24
05,76
59,60
33,69
07,68
71,97
30,54
25,67
72,61
96,12
57,32
54,67
04,80
32,07
75,20
11,85
47,72
13,77
70,17
02,13
53,25
25,30
78,53
26,87
68,95
88,51
78,43
24,17
18,92
15,85
61,73
05,23
78,23
06,46
18,97
05,38
02,77
28,68
06,79
71,12
12,56
00,58
16,86
45,24
19,26
94,67
06,26
64,58
14,38
63,27
04,79
04,33
19,42
88,12
70,17
83,13
71,00
36,88
17,60
39,95
67,18
47,97
97,74
13,01
92,06
96,87
98,15
18,52
07,10
14,71
51,62
08,54
72,68
77,99
62,41
72,92
65,83
23,93
00,70
42,30
14,78
78,70
89,33
43,49
91,87
30,81
19,66
39,22
95,81
51,68
56,95
21,45
14,36
60,05
56,93
53,60
14,68
73,16
25,84
79,99
67,26
09,22
06,62
71,79
33,79
38,44
38,84
75,15
42,77
43,27
46,62
38,04
23,52
30,83
04,57
27,42
31,12
67,80
42,99
32,70
67,33
61,81
61,33
35,54
79,05
60,40
13,31
61,76
72,46
83,26
60,27
85,02
85,44
94,00
03,49
30,52
14,02
09,00
98,98
39,24
89,10
00,21
34,41
03,75
88,75
02,88
01,85
27,34
39,62
30,90
07,25
87,77
79,76
28,40
24,89
81,08
47,76
40,72
75,48
86,13
30,18
55,41
37,92
76,45
57,76
83,13
35,71
95,99
91,44
67,38
06,03
69,78
86,67
91,18
77,04
68,30
10,53
27,42
63,17
54,44
22,42
01,28
05,62
43,38
32,61
84,89
78,97
69,64
76,34
20,30
26,29
25,50
69,71
42,40
31,05
33,66
40,33
68,27
49,84
69,60
50,43
97,44
44,82
84,72
77,89
27,09
63,14
88,22
33,92
46,99
76,16
59,21
60,64
75,16
65,11
01,20
82,46
08,86
29,61
29,03
31,12
15,98
76,31
82,99
10,50
95,64
40,03
82,25
41,07
97,87
61,68
01,20
43,90
65,39
76,73
31,29
15,23
05,60
26,73
15,14
81,83
97,53
33,64
54,49
18,62
55,41
77,02
06,27
30,53
05,63
08,93
34,58
42,78
36,77
57,95
56,83
39,82
64,90
07,26
35,51
35,23
78,99
00,14
80,11
92,17
23,75
05,39
27,65
30,45
25,20
46,85
90,07
02,61
21,55
60,05
65,31
66,90
58,67
49,23
49,39
21,89
31,59
62,22
66,11
94,94
04,35
30,42
42,04
81,71
16,86
54,01
49,61
05,80
00,90
70,81
55,92
02,63
41,05
69,17
34,24
35,66
16,02
72,81
72,35
40,40
96,96
66,63
04,47
41,88
58,47
86,15
94,33
81,60
33,29
56,72
87,73
33,61
94,18
18,40
67,71
81,68
84,37
48,93
16,56
08,46
84,51
55,33
70,03
07,15
57,32
69,35
44,95
42,03
94,39
71,25
77,39
43,26
07,80
25,24
67,84
18,28
46,87
96,45
30,70
71,40
13,30
11,25
53,31
96,25
12,52
72,45
56,18
19,25
43,49
92,29
70,87
63,51
65,46
21,54
26,96
38,25
61,29
09,11
05,98
08,29
50,12
98,94
53,14
81,93
17,61
69,06
65,47
15,31
23,03
20,59
47,66
67,28
21,76
54,50
35,78
79,68
80,03
57,20
04,83
44,10
04,26
35,01
32,06
72,33
85,96
68,30
79,36
19,98
94,37
64,21
56,47
11,01
46,61
04,36
73,33
04,53
88,55
23,96
64,37
24,65
06,41
83,00
42,32
68,80
73,74
12,17
84,12
17,71
63,26
58,26
93,72
43,08
37,22
12,44
59,79
55,78
27,47
95,15
48,82
84,62
81,34
83,45
01,93
43,58
58,59
44,93
61,42
05,83
15,37
53,65
66,11
63,09
74,77
79,12
42,90
30,05
91,36
08,73
06,12
91,51
10,80
21,92
25,92
23,92
22,71
12,88
46,88
21,22
56,02
91,59
59,42
22,06
81,82
04,88
00,32
37,97
27,75
44,13
34,39
33,40
78,98
42,57
06,15
52,00
30,96
73,10
62,65
14,50
68,55
05,05
66,91
69,73
25,24
13,54
75,66
28,73
19,86
64,82
26,92
52,33
04,35
55,30
08,02
40,97
71,48
98,77
84,98
10,25
42,98
58,28
74,16
10,40
41,94
92,54
74,88
18,53
84,34
31,32
77,53
77,50
62,73
53,71
29,20
60,40
59,81
05,75
82,14
72,15
66,39
53,00
12,83
27,69
65,79
33,90
49,27
69,69
45,05
47,30
09,25
32,81
50,49
78,05
26,85
83,24
49,53
54,14
73,48
24,50
72,09
74,59
28,61
74,57
13,08
84,09
00,27
00,54
36,85
87,38
52,12
05,41
03,14
54,15
57,94
57,07
27,87
92,65
16,45
71,94
44,94
29,01
06,83
33,39
83,55
51,83
18,75
02,88
70,71
72,88
81,47
21,17
91,19
62,16
47,24
88,45
78,65
09,21
16,81
61,54
90,00
04,11
94,35
97,99
16,34
04,51
45,03
51,54
15,67
09,74
54,98
90,16
16,82
46,01
91,96
14,82
22,11
32,70
07,06
15,94
56,72
71,05
60,04
25,61
66,12
91,47
11,98
88,84
11,23
55,28
50,33
89,30
39,10
10,91
81,60
60,11
16,62
85,10
93,98
11,23
71,99
85,46
92,71
16,72
85,72
67,96
77,28
02,53
70,09
53,32
48,33
97,55
25,53
46,41
74,14
24,91
34,42
32,60
21,26
13,01
37,88
27,07
37,49
59,08
77,88
66,21
30,55
69,97
32,82
42,76
04,24
40,95
59,16
95,00
27,99
82,82
65,09
02,75
12,48
16,79
69,40
25,38
96,77
00,95
71,98
98,57
44,25
04,15
60,91
77,53
98,78
68,99
85,33
82,94
34,10
60,18
01,40
40,84
11,38
43,69
36,48
20,89
09,00
93,46
80,70
48,13
41,44
85,14
79,43
87,96
53,65
69,72
26,80
59,99
25,14
24,84
06,64
84,10
18,03
98,06
77,65
27,15
22,72
73,70
19,02
49,74
96,85
08,24
42,25
50,68
82,14
19,04
88,14
28,98
69,20
34,55
36,70
82,52
41,50
23,23
23,85
20,06
60,47
88,07
71,42
20,68
66,54
23,44
09,53
88,47
70,58
74,45
45,76
87,95
70,59
03,65
05,96
49,32
90,86
75,46
48,44
22,10
49,83
68,93
13,37
30,88
83,13
29,87
94,88
84,87
25,70
68,72
38,17
88,39
10,06
58,68
41,10
91,20
92,86
25,40
21,46
31,68
31,55
30,45
42,82
10,53
06,97
75,53
11,33
60,93
16,90
56,39
72,14
74,13
48,30
41,64
93,54
57,81
21,98
65,48
97,55
29,75
70,75
64,19
15,98
56,85
39,61
00,74
83,41
81,09
07,01
85,34
51,21
90,62
28,94
24,39
78,22
34,85
75,88
59,49
12,79
03,23
66,45
45,63
92,05
34,39
51,79
18,73
98,31
49,16
89,98
87,19
82,13
46,24
50,27
36,83
29,31
50,35
18,81
61,82
93,49
42,97
60,94
61,23
12,43
57,27
67,68
29,52
32,06
78,20
37,96
03,12
41,59
39,19
08,41
51,15
57,62
68,77
07,34
05,82
25,97
14,96
18,34
65,57
34,61
14,28
70,41
43,87
85,09
80,04
37,92
44,60
67,60
23,59
10,30
10,46
80,30
08,55
28,97
11,49
14,96
36,94
14,39
89,31
50,42
14,61
85,64
28,47
56,98
48,82
90,86
44,07
76,44
25,17
67,01
85,83
63,61
76,77
39,04
42,73
05,40
88,22
29,70
47,39
85,42
37,62
75,97
16,72
82,90
10,98
90,33
30,44
59,52
13,99
68,54
23,74
03,96
10,49
55,23
38,49
14,63
32,98
97,02
49,34
55,01
25,72
71,04
66,33
05,27
87,46
51,90
82,90
25,37
18,10
10,07
40,36
20,09
66,23
49,30
41,57
06,40
48,07
81,44
71,05
34,59
76,06
10,42
31,16
93,26
29,10
35,49
34,16
07,83
79,46
41,82
72,21
87,94
75,26
95,86
95,96
42,89
73,54
11,30
27,67
29,97
07,23
46,42
60,56
65,06
80,35
06,03
97,80
29,93
71,48
52,69
95,15
79,23
35,67
17,83
94,46
83,79
01,82
90,69
67,82
13,84
83,94
96,94
87,71
75,66
12,65
28,19
04,14
64,26
30,00
61,74
92,46
03,41
11,70
52,80
35,67
97,62
88,76
55,07
51,51
90,24
76,87
76,55
20,21
71,51
49,83
94,25
10,40
74,31
19,69
38,64
28,36
77,82
37,97
53,88
07,75
61,85
40,29
82,73
44,66
33,80
35,77
60,14
22,02
08,39
49,10
05,81
28,49
57,21
12,84
12,98
42,99
65,14
06,61
73,57
19,50
12,94
55,57
46,56
64,20
92,47
93,78
74,88
96,07
10,50
15,17
00,81
15,36
33,19
45,08
46,63
20,25
92,45
97,54
60,91
74,36
91,06
70,23
86,20
11,23
51,50
81,17
93,16
41,28
80,57
73,10
59,29
55,06
41,76
22,18
81,41
45,79
12,08
39,25
35,73
34,30
01,66
83,16
34,12
32,69
40,90
33,24
33,67
15,92
88,27
18,43
33,74
49,34
12,73
53,58
53,30
60,47
91,15
60,81
35,86
17,53
50,58
17,97
19,74
29,35
74,94
30,16
40,41
72,86
89,30
77,19
72,02
89,81
70,26
42,19
93,85
05,68
50,01
94,78
75,23
67,97
22,79
83,28
02,15
25,15
95,30
25,49
30,09
81,92
47,41
97,34
44,92
44,11
33,94
78,96
09,80
60,71
68,87
78,00
46,05
52,63
38,37
75,18
60,66
36,90
34,41
79,62
21,75
15,57
11,38
95,80
32,96
55,85
27,16
85,82
08,76
30,45
12,54
06,12
26,18
54,96
30,41
94,66
66,22
22,43
21,55
01,52
78,27
90,59
07,93
12,63
83,36
59,40
13,31
00,66
30,82
28,31
01,03
63,06
40,14
19,11
57,48
88,50
31,26
14,69
66,03
63,52
06,36
38,24
81,02
79,18
79,34
04,83
00,23
10,58
80,91
29,58
45,60
55,29
19,68
10,42
16,68
78,70
02,32
43,81
30,15
02,98
21,01
84,84
88,30
46,29
67,52
09,54
29,94
52,95
23,45
76,66
62,14
67,18
70,66
83,57
01,80
90,37
25,98
98,71
95,69
78,05
27,43
95,63
16,45
95,16
41,88
11,35
01,87
07,52
40,04
61,91
08,11
25,22
59,79
05,69
73,84
07,97
48,92
04,29
21,79
59,60
75,72
41,00
45,68
54,32
43,89
09,92
02,93
63,58
88,22
73,40
96,92
61,27
45,19
05,73
79,31
33,20
72,36
67,66
12,21
11,83
80,66
33,92
33,38
34,82
72,32
95,65
57,61
11,04
14,01
57,47
53,50
60,57
81,87
57,84
31,47
05,27
94,04
32,38
26,65
47,85
00,82
73,87
01,66
21,46
50,08
18,00
05,61
38,32
79,30
38,98
28,80
23,28
29,03
22,75
53,73
80,86
09,61
35,93
60,64
89,90
60,95
00,09
70,77
02,63
96,70
49,79
19,76
64,05
11,94
38,53
30,36
88,09
43,76
31,50
32,34
18,43
27,69
22,10
94,20
67,62
21,43
94,20
77,47
43,64
11,15
42,33
92,87
79,17
02,50
56,82
44,44
63,32
68,01
96,02
66,03
64,01
01,24
49,21
21,92
10,96
18,00
03,14
15,32
22,51
20,71
57,07
73,85
34,85
54,28
09,54
18,17
16,58
20,58
71,21
68,69
25,86
05,28
88,60
93,48
18,16
45,46
56,04
54,19
65,13
23,89
39,73
26,75
24,90
83,70
65,33
11,72
46,98
09,84
31,52
80,13
96,85
44,07
66,52
27,11
24,32
45,54
73,85
72,60
91,91
64,00
49,27
58,36
76,71
91,90
96,31
82,13
90,39
02,10
28,90
89,65
10,67
85,86
57,75
07,43
48,72
61,15
75,03
00,55
18,83
22,47
31,74
03,92
19,32
57,94
25,48
88,41
83,17
25,02
39,38
70,89
21,24
28,46
55,24
38,29
90,34
35,38
19,57
61,78
56,90
31,38
28,13
00,87
77,91
68,59
54,89
28,40
03,13
06,99
38,40
38,22
54,90
20,45
05,52
42,36
20,32
78,69
20,48
63,42
53,01
21,42
05,89
47,92
69,47
26,02
91,55
48,46
00,50
78,35
36,11
28,19
22,31
48,70
49,56
02,61
25,41
46,78
72,22
98,35
92,81
16,14
38,07
40,60
37,78
11,57
66,86
65,33
55,88
64,41
57,97
92,05
39,03
89,51
26,93
96,99
00,93
81,68
89,82
16,98
57,50
77,94
83,32
10,98
46,61
03,60
41,47
25,54
19,98
91,47
76,78
63,59
31,98
92,96
47,30
38,01
91,70
86,47
89,49
06,38
25,89
06,97
86,10
11,93
62,04
58,90
10,91
33,44
46,30
33,64
87,35
20,88
41,00
52,63
13,04
40,47
78,81
83,27
37,72
82,13
04,14
31,20
73,06
76,08
23,66
64,01
19,75
52,30
05,59
86,91
71,99
39,98
17,02
48,96
41,15
33,82
32,26
00,52
42,96
73,04
13,20
52,40
32,32
76,59
81,42
60,95
68,11
40,26
14,19
49,86
18,63
63,38
78,23
29,83
41,23
96,21
80,69
10,44
04,05
97,77
66,97
90,80
32,76
90,47
75,46
31,33
17,90
55,56
44,92
24,81
38,52
50,19
05,62
95,56
09,67
54,15
21,26
05,89
96,60
41,60
73,45
87,45
93,62
55,23
16,40
01,16
98,10
14,33
64,52
32,22
85,17
08,75
39,54
31,01
28,59
58,77
04,35
55,74
68,49
89,97
07,50
05,75
15,69
46,75
79,08
80,44
95,87
12,26
88,05
58,07
77,91
26,43
18,50
89,82
15,56
85,74
94,25
38,25
88,82
94,01
45,67
37,07
53,41
83,96
46,57
31,88
00,16
73,82
77,02
81,71
26,31
24,35
83,81
22,54
95,33
55,77
19,47
81,35
40,29
63,00
08,06
14,66
79,52
92,27
76,05
61,97
06,93
95,04
60,25
75,58
94,42
54,11
95,07
49,17
88,28
72,70
92,99
77,57
38,14
75,85
91,91
43,51
47,40
97,82
73,79
34,13
30,89
65,84
37,74
56,70
60,43
63,31
25,84
69,03
40,51
47,78
04,94
51,35
26,68
28,98
12,94
70,87
72,93
56,49
01,05
47,62
81,00
66,64
08,26
02,03
80,11
18,28
36,29
90,82
87,75
17,33
06,06
73,41
50,03
71,24
04,27
95,80
77,86
24,25
67,42
21,19
74,90
23,10
69,25
04,91
51,84
56,60
15,83
13,68
20,47
35,58
01,08
27,60
70,90
30,48
07,99
97,86
28,24
94,50
81,72
62,05
98,32
78,54
62,19
70,20
37,96
07,88
94,03
96,47
67,89
50,01
17,32
96,94
07,61
15,95
56,09
46,86
86,95
20,29
34,10
57,77
57,86
42,67
53,33
86,36
13,39
50,32
92,28
66,79
89,68
98,26
10,26
71,54
46,74
34,33
30,81
95,00
32,51
10,91
70,44
61,31
38,03
04,63
20,26
09,79
24,29
56,45
01,18
88,14
00,13
98,73
94,00
84,24
47,17
20,88
23,92
38,89
67,86
12,77
62,85
74,03
52,73
95,96
51,41
32,42
62,85
67,09
73,35
33,44
51,04
04,14
79,08
22,81
31,16
94,51
15,68
27,64
58,87
00,73
48,23
54,71
77,01
09,58
71,04
81,32
24,91
01,01
96,94
48,38
19,19
01,83
59,92
45,27
72,72
34,55
60,82
95,25
14,95
03,83
29,62
77,52
40,94
07,20
80,00
92,16
54,48
89,64
88,96
84,18
96,78
42,27
35,96
41,57
15,31
18,89
96,90
54,03
65,99
24,98
21,22
93,42
11,08
27,49
34,76
77,50
96,74
67,29
10,77
22,40
01,80
40,95
35,11
53,61
53,08
71,42
96,92
37,83
33,24
54,63
55,39
04,07
08,07
59,95
00,99
95,50
23,25
94,29
01,13
57,50
73,48
94,19
64,85
53,94
17,14
76,13
39,14
82,51
05,96
13,17
10,34
72,17
77,35
08,82
74,03
62,13
43,85
42,50
95,12
76,89
86,09
15,39
58,95
49,83
98,10
79,95
12,37
22,57
61,66
72,95
64,56
57,09
88,04
43,50
14,44
19,92
29,67
86,61
44,37
49,24
79,84
29,17
53,39
26,73
00,30
47,07
52,10
53,09
97,99
40,90
82,06
08,09
33,37
46,70
07,77
08,56
00,16
69,28
30,94
12,43
01,89
52,24
15,46
11,25
28,18
34,01
80,14
30,82
75,24
50,17
82,18
33,78
00,05
20,20
88,27
26,70
97,27
17,64
92,14
20,28
82,25
75,99
34,79
52,67
18,97
87,42
24,35
85,29
67,69
51,17
90,40
00,27
06,38
13,15
30,49
78,10
49,19
80,60
43,44
37,81
57,01
36,03
14,37
75,18
57,08
63,81
13,24
44,55
71,89
31,63
62,32
22,26
16,66
80,99
50,08
36,93
68,08
77,46
29,59
39,22
19,37
47,11
08,16
43,63
43,10
62,48
77,37
54,82
35,89
00,18
13,64
88,68
17,78
43,75
20,11
36,97
05,71
67,66
92,72
75,76
16,50
10,81
20,25
30,08
74,70
71,53
24,33
84,58
65,59
20,58
44,49
27,56
83,84
43,74
11,87
30,89
18,63
06,82
74,28
29,72
11,11
77,77
21,14
42,55
31,84
78,38
19,11
67,50
24,11
45,74
12,22
57,68
62,65
65,95
87,75
96,78
14,09
32,16
51,20
46,79
56,29
71,83
21,67
88,27
90,30
83,38
04,83
08,53
35,08
40,14
74,08
69,11
73,88
74,21
31,46
02,34
22,50
52,32
10,44
94,92
14,81
23,31
37,07
11,16
56,38
08,87
53,43
56,61
18,42
25,43
52,04
46,02
74,84
55,85
97,57
43,41
68,74
82,43
44,00
38,14
77,67
70,31
77,19
27,92
65,43
40,73
83,02
19,99
00,40
08,91
40,17
40,01
19,28
65,65
17,83
08,98
50,21
77,27
88,94
41,00
78,49
28,81
24,95
54,59
00,41
98,80
77,48
21,37
83,00
70,41
50,87
78,19
24,15
60,24
67,28
78,03
51,89
69,21
53,64
81,22
29,62
73,86
94,73
53,73
63,44
34,52
04,56
69,92
27,91
01,25
05,09
29,30
91,40
93,36
21,77
92,00
30,17
97,19
34,22
13,75
88,58
57,84
42,02
88,53
74,91
96,82
71,72
73,37
39,78
67,23
45,80
22,58
20,46
35,31
18,99
86,48
27,72
62,31
93,70
77,71
49,95
74,66
17,59
18,25
83,38
32,09
50,66
51,04
88,45
03,28
40,70
51,01
13,11
27,77
87,48
60,65
19,86
88,59
48,71
28,81
13,24
52,79
04,71
58,59
42,00
37,73
53,17
76,16
37,03
61,10
02,87
21,62
27,83
73,10
52,62
18,23
61,43
24,15
03,53
43,54
52,66
36,39
26,10
06,93
59,68
51,20
95,76
72,69
15,04
82,19
96,24
29,73
94,94
77,90
54,00
53,04
65,44
13,53
08,42
61,97
83,42
48,31
56,22
63,86
18,00
77,81
67,15
74,22
87,64
55,72
04,15
78,02
04,06
27,88
52,87
21,77
44,88
31,10
19,76
72,24
97,06
09,56
91,76
67,38
38,89
77,83
64,30
59,97
29,17
30,46
51,18
25,94
69,44
02,18
16,73
37,74
45,70
37,13
96,95
14,53
81,27
78,67
88,06
58,95
08,10
77,90
24,48
59,15
48,55
65,29
87,25
79,77
19,12
53,83
49,58
97,00
34,86
42,13
38,51
38,34
27,54
69,69
27,33
56,21
74,37
38,97
22,11
59,49
52,40
45,90
32,43
16,29
41,65
94,91
06,24
08,88
18,69
48,86
11,92
81,75
98,33
41,98
66,30
20,98
03,01
50,01
08,07
21,67
52,59
12,40
26,75
86,47
29,47
26,68
97,99
40,10
51,04
20,98
60,52
76,00
66,05
55,45
13,15
07,67
97,70
67,64
43,46
18,22
05,10
73,70
10,88
53,73
76,97
52,18
40,29
78,74
30,65
98,47
40,59
96,91
02,81
05,86
66,21
08,26
17,76
33,84
14,21
74,89
42,60
80,18
65,03
31,09
00,14
04,44
55,17
84,87
87,36
55,13
79,43
21,83
04,66
98,87
20,81
66,87
50,32
34,73
19,78
79,88
51,49
15,07
93,13
73,02
21,91
62,56
46,64
92,11
54,13
15,87
00,26
12,36
27,82
77,74
32,84
56,72
71,39
73,42
00,05
62,83
52,62
72,49
60,73
95,34
02,19
46,10
49,61
95,51
26,14
40,17
74,07
94,73
16,66
93,10
44,77
45,21
88,46
20,46
95,58
33,66
72,06
61,88
77,78
18,07
88,31
78,21
70,18
94,88
54,30
73,12
82,67
40,75
66,41
76,99
02,41
83,24
32,21
97,85
44,13
73,21
34,64
24,31
91,55
71,32
36,84
08,99
89,84
41,44
60,38
08,18
97,46
61,18
90,35
30,27
08,64
66,43
06,45
56,50
66,11
39,17
45,38
45,51
38,78
02,25
84,15
77,23
14,42
43,67
08,88
17,62
43,39
93,17
35,72
62,57
59,76
88,42
69,87
29,72
55,85
31,04
33,96
71,56
29,26
06,84
55,42
69,35
54,55
54,47
75,97
25,58
83,87
00,23
64,13
97,62
19,31
34,43
18,17
69,06
55,72
25,01
75,67
78,87
59,62
39,38
49,08
94,11
73,24
39,33
29,12
67,01
33,16
57,03
34,56
22,87
24,15
85,59
05,41
73,70
78,39
39,39
56,43
89,97
84,18
01,87
74,86
62,10
44,42
76,55
34,73
95,23
10,19
65,24
88,82
38,84
82,94
34,57
11,94
86,60
69,09
33,34
15,68
43,26
39,39
96,28
29,07
07,91
63,66
15,89
60,95
56,30
56,41
05,84
33,36
28,91
69,13
97,94
33,13
73,51
76,25
89,51
83,91
32,75
84,29
17,93
16,51
17,96
11,87
21,84
57,59
27,85
82,34
30,02
80,16
84,20
05,63
43,29
62,16
08,73
90,74
46,18
44,76
50,40
20,97
53,98
16,15
92,36
52,91
18,99
56,02
80,38
17,55
52,09
48,18
98,11
41,41
96,15
65,81
18,19
04,58
64,10
26,69
41,15
30,96
92,23
09,36
43,37
84,34
15,86
21,21
64,19
48,53
26,03
16,95
36,13
28,26
18,27
55,73
39,73
57,29
31,61
23,14
75,04
31,92
80,95
14,80
90,12
45,07
54,97
42,40
59,95
62,84
74,24
92,31
30,36
20,78
69,86
28,66
41,28
91,03
91,44
20,08
20,24
42,89
86,11
43,11
89,89
51,61
02,01
89,97
84,27
32,78
40,63
93,40
51,15
96,88
80,33
77,85
43,59
41,76
81,86
21,96
46,87
36,80
65,04
23,66
42,72
81,01
01,38
44,09
39,31
59,69
68,17
15,55
96,90
34,62
55,92
86,07
63,44
97,60
45,61
11,85
80,37
02,61
02,96
58,47
85,03
76,68
10,51
66,12
16,73
59,62
28,68
56,40
51,32
50,46
27,81
58,69
62,48
23,59
45,05
97,29
32,47
30,95
42,81
42,57
94,11
51,53
94,19
21,52
79,80
49,95
17,66
59,35
22,46
33,44
69,23
08,07
45,69
17,82
82,12
87,67
02,30
36,82
54,57
03,76
30,63
60,89
33,86
19,34
27,20
20,25
38,97
53,06
68,76
63,03
23,31
78,17
08,17
29,18
57,08
74,32
63,85
33,09
25,71
42,12
73,76
32,82
57,20
29,95
22,66
73,39
84,02
10,22
61,51
70,70
06,49
75,95
63,07
36,25
63,63
35,58
66,87
16,39
75,84
04,79
95,37
69,38
61,16
29,28
79,09
72,42
79,18
91,53
89,71
08,58
59,83
77,90
25,73
66,37
38,88
33,66
85,57
56,08
23,11
55,23
86,66
97,67
12,55
25,16
14,65
59,51
58,62
07,21
74,72
60,61
13,44
11,56
27,65
77,14
12,51
42,09
70,59
48,64
90,14
28,25
59,86
89,16
56,87
66,66
69,30
06,76
61,39
94,05
68,38
06,02
95,76
30,74
83,57
92,84
11,08
38,04
22,53
60,92
97,05
80,34
94,86
65,08
98,92
58,05
40,75
15,29
17,02
44,37
59,86
96,78
49,19
62,18
03,01
85,67
88,51
80,52
06,80
98,41
90,66
27,50
71,53
90,27
90,06
73,95
82,69
96,46
96,48
70,68
13,35
70,27
00,28
59,76
41,54
85,58
33,80
39,12
94,06
22,59
11,46
05,37
64,11
72,14
06,28
39,95
00,71
68,62
79,08
85,41
72,71
61,94
78,73
81,97
97,69
32,20
00,79
32,61
75,05
66,98
97,74
00,26
38,19
97,90
52,97
33,90
37,31
32,38
43,71
66,22
74,43
87,26
60,06
22,60
87,84
05,85
89,02
37,17
39,73
63,56
43,08
83,47
96,09
05,40
55,99
67,69
09,33
50,47
75,16
59,09
71,87
56,03
72,80
98,51
38,30
40,38
65,03
34,65
82,82
98,77
91,97
06,53
63,03
08,36
16,62
37,24
95,84
94,17
19,47
52,25
87,18
68,23
50,46
82,21
73,83
73,17
49,95
96,73
06,02
40,88
91,29
41,21
89,99
12,01
35,65
44,91
31,61
07,03
42,23
18,88
48,43
26,43
08,75
36,80
33,11
75,04
03,38
69,42
11,02
19,49
41,47
21,94
91,38
94,35
18,69
88,45
75,60
20,74
28,97
60,19
37,53
69,87
47,43
47,88
62,99
04,51
05,07
43,59
26,97
77,17
89,66
72,74
86,53
78,50
41,17
33,99
67,38
87,38
23,60
82,15
33,88
78,12
90,91
59,71
07,48
36,31
24,53
27,92
74,53
02,12
68,61
21,27
33,58
01,87
83,93
07,40
74,14
77,42
78,29
84,09
62,17
82,07
42,91
46,68
78,65
57,41
42,00
79,69
06,21
85,16
93,92
68,07
95,84
55,79
79,68
25,74
45,83
59,47
46,58
85,73
00,74
95,03
47,75
38,94
59,42
42,31
34,01
04,61
19,98
27,87
34,27
18,71
68,65
05,73
14,92
07,23
97,26
30,44
69,22
98,19
11,59
12,18
05,48
61,90
30,23
08,92
06,33
12,79
54,08
23,33
29,58
81,48
17,49
48,91
62,51
16,52
01,17
18,45
88,19
08,69
90,82
01,85
50,77
60,79
58,02
14,33
76,73
20,55
01,43
90,09
20,23
14,38
66,75
98,52
00,75
78,68
65,04
80,65
91,53
64,74
13,09
18,32
72,45
57,20
30,18
47,59
72,84
69,90
67,80
70,91
97,55
21,75
87,77
25,58
60,19
20,59
36,27
15,50
61,82
59,72
47,07
40,14
82,90
35,38
94,64
79,43
89,17
76,72
53,54
44,60
47,31
18,91
62,52
36,50
47,05
98,02
12,08
11,75
68,95
29,53
31,05
82,97
89,70
54,25
51,77
56,70
21,13
51,01
41,83
34,28
88,34
35,73
37,13
96,47
23,32
65,93
02,12
23,00
80,45
44,34
16,46
61,39
53,94
66,12
56,22
62,83
33,78
78,52
57,72
15,13
64,45
56,21
73,85
25,65
17,51
25,99
26,12
60,13
16,73
32,01
10,23
19,86
16,99
51,33
80,34
28,67
82,29
39,49
45,85
93,59
38,74
12,35
16,06
73,90
78,67
48,54
33,31
92,35
88,81
27,96
65,20
32,49
15,17
93,55
79,77
30,45
27,60
88,06
41,98
09,72
80,74
68,81
59,68
73,10
22,69
85,51
87,86
09,35
15,63
76,15
35,00
43,02
68,43
91,23
54,91
19,31
11,19
69,19
21,12
73,04
36,17
25,15
37,08
09,30
59,87
38,24
35,97
90,97
60,55
78,37
29,45
13,67
48,30
24,85
09,25
05,72
03,03
98,80
86,59
03,21
40,13
71,23
43,70
13,46
25,79
38,15
98,40
65,86
21,80
37,31
60,73
71,38
76,54
19,11
10,12
55,23
92,59
34,09
65,05
86,15
69,88
91,02
50,54
68,63
25,60
69,44
10,91
13,31
01,38
64,32
62,28
71,91
22,34
01,67
59,17
78,15
47,29
36,66
23,01
82,33
53,35
30,42
59,41
66,76
34,73
70,48
09,77
68,30
52,79
97,72
85,62
26,36
67,82
80,38
61,74
36,61
92,11
62,23
18,23
86,09
60,87
23,54
25,36
10,61
78,12
59,16
50,71
04,79
13,74
16,19
84,39
23,39
30,97
87,10
63,69
67,57
18,06
23,72
29,32
76,90
42,24
66,09
91,56
27,19
96,72
83,96
97,48
42,66
27,73
51,41
71,93
38,35
03,99
67,84
02,52
98,34
08,80
16,00
63,34
33,72
29,14
85,23
24,05
42,54
96,51
24,60
62,27
54,08
10,35
94,94
33,94
12,46
70,65
63,77
60,16
10,96
27,35
74,01
82,29
06,19
54,55
04,60
16,08
57,73
29,07
47,76
53,04
91,03
49,31
01,78
39,26
96,86
33,25
98,34
81,95
35,92
75,73
73,13
11,58
45,04
84,71
98,63
88,34
01,89
24,05
04,92
82,82
27,11
74,82
31,83
63,64
88,18
19,46
59,60
31,10
91,17
44,41
00,09
12,92
21,39
56,85
17,68
60,01
51,39
32,98
39,87
53,78
02,82
59,24
49,92
84,24
90,03
47,10
85,04
14,24
90,84
53,96
11,05
25,71
03,14
52,37
46,91
73,65
74,06
86,49
07,79
03,55
47,70
17,21
05,58
55,69
33,49
11,44
69,66
19,44
37,12
61,49
36,39
55,94
34,93
18,21
43,04
51,10
88,61
94,63
12,33
62,61
90,60
01,23
61,55
07,01
15,50
35,78
44,73
15,46
68,32
67,82
89,35
09,56
25,85
50,23
71,53
89,99
44,03
46,18
29,31
14,33
66,75
63,02
96,96
28,35
33,42
38,83
31,01
74,15
30,13
13,57
37,51
26,61
43,84
32,70
64,87
07,99
90,09
62,67
34,42
69,40
25,93
66,68
31,16
31,12
70,96
87,21
39,06
72,92
22,49
07,26
14,50
66,90
36,72
00,53
76,09
53,96
44,61
86,48
22,03
39,12
60,41
85,17
40,07
62,31
22,05
15,58
53,60
03,82
27,58
54,41
84,03
34,87
01,49
55,86
89,55
93,05
56,13
39,03
10,13
51,15
97,94
28,69
02,71
69,92
59,94
87,02
57,43
10,04
26,57
91,71
20,11
01,87
78,02
36,18
61,40
49,17
46,76
05,59
08,20
20,14
45,45
59,91
23,70
83,02
27,11
75,07
38,66
28,78
82,98
33,65
07,36
28,71
96,61
42,86
63,23
53,69
31,15
51,67
69,28
36,21
36,36
60,90
15,87
65,49
48,46
93,17
75,94
64,22
35,49
66,85
02,47
16,32
58,79
29,08
64,46
49,12
15,04
56,99
64,73
62,80
16,10
96,76
54,50
57,64
94,22
08,79
19,97
81,71
09,18
14,65
22,81
37,19
46,06
13,74
02,11
84,21
46,01
81,55
84,12
89,06
69,44
17,50
76,85
90,59
74,87
07,03
55,83
36,73
81,11
74,12
01,93
31,94
32,32
55,18
83,79
56,26
03,08
66,09
30,13
72,10
29,81
00,78
71,01
02,36
80,51
44,44
14,11
84,94
23,30
34,37
31,97
38,54
91,97
91,11
37,38
16,77
18,39
56,08
55,18
56,61
01,83
16,34
78,16
17,33
06,70
59,07
65,94
48,34
74,91
20,79
98,55
39,80
42,45
71,82
02,40
53,01
82,85
11,61
95,68
20,75
01,72
33,85
52,58
12,25
27,80
38,77
71,51
92,90
76,60
04,50
30,85
86,34
82,28
85,21
02,39
11,20
12,23
39,81
65,94
30,84
42,40
43,80
12,88
66,50
69,60
87,64
45,55
19,38
02,79
45,06
92,05
43,87
88,52
77,70
39,22
75,74
25,96
38,03
02,53
34,49
79,04
11,95
84,94
55,76
68,80
26,09
56,94
04,32
52,37
83,66
26,58
64,61
67,58
08,21
95,39
97,30
94,00
86,02
15,27
32,42
08,62
87,13
61,34
11,68
23,65
69,12
35,28
66,44
34,48
42,51
53,88
70,60
90,12
70,75
07,94
55,08
66,33
67,93
36,36
98,28
16,23
38,24
71,74
92,63
31,88
39,27
98,68
59,19
69,56
93,30
67,58
51,35
31,00
53,01
17,93
07,23
38,41
29,64
54,89
18,42
92,90
47,29
54,14
84,66
36,41
26,83
46,09
72,83
94,61
06,83
92,12
48,45
54,62
34,62
42,43
80,16
38,98
00,16
06,99
04,18
56,01
58,69
93,43
09,90
24,43
15,60
96,53
92,66
55,77
39,62
27,38
17,84
55,40
82,04
52,74
67,02
51,69
21,47
10,44
55,47
65,01
96,42
18,11
19,78
89,73
44,28
47,57
80,55
51,33
91,51
70,35
79,26
81,39
11,42
28,21
86,37
55,58
19,23
47,97
87,32
04,52
05,58
63,39
83,15
31,84
30,89
69,55
97,23
54,76
66,79
93,72
90,79
79,21
81,88
45,74
80,23
42,65
54,76
49,51
28,85
46,57
89,64
71,49
26,09
29,14
44,55
86,91
08,35
20,26
17,14
46,78
63,63
59,11
46,21
52,82
70,06
61,39
71,12
67,05
54,15
44,97
41,96
28,96
22,11
59,61
40,79
79,98
16,08
85,59
72,10
68,35
55,12
00,55
94,59
03,41
91,40
45,11
26,60
34,14
65,33
78,21
31,63
38,50
75,70
13,28
12,16
79,46
96,28
09,02
47,50
46,37
43,71
26,55
11,20
54,77
77,13
97,42
60,67
48,97
62,87
27,90
48,98
14,93
30,56
93,18
15,90
78,81
